parameters;mean;std;mcse;ess_bulk;ess_tail;rhat;ess_per_sec
σ_aw;0.04362002527088277;0.014562705166380674;0.00036580809405714664;1823.183227574311;2290.196688695446;1.001104229516491;0.05328301835920552
a_ws[1];0.6311642076605117;0.6067755737124644;0.010438763153124909;3339.6053087270543;2421.954187892099;1.001581902287804;0.09760086001567335
a_ws[2];0.7387461870972855;0.55060334487004;0.010242522243458858;2855.441436840175;2495.548408841467;1.0004412551141497;0.08345104112504233
a_ws[3];0.4151420421944684;0.5970485567774197;0.010428661034578015;3283.691569049499;2754.906413687858;1.0001579263291789;0.09596676599116061
a_ws[4];-0.11868270709056596;0.5222963729637462;0.010094625763211983;2667.145000141433;2567.034604501092;1.0004005787159893;0.07794802730731394
a_ws[5];-1.73166060933066;0.587302093765625;0.013615661547857606;1837.0807916333279;2064.5719992531012;1.0010261578809025;0.053689178392769474
a_ws[6];-0.16111779581211363;0.48767427877713254;0.009580189792640465;2582.1249734900866;3196.656129951193;1.001238602787269;0.07546329424678058
a_ws[7];-0.44598419739586564;0.6206322501185211;0.01091660198839456;3225.2938533070096;2500.9722592516464;0.9996694650481336;0.09426007710055326
a_ws[8];0.46959469718214925;0.4197966884581807;0.009612122750145747;1888.9883209027967;2690.7937458561464;1.0009469164582196;0.05520618984461675
a_ws[9];1.1043433685820596;0.5680181851250371;0.010354285444382176;3033.2154285426695;2753.1380235120423;1.000142140672462;0.08864653366820044
a_ws[10];-0.621982692135411;0.6860385326937509;0.010775464029291748;4047.786723123634;2507.364592970127;0.9998437117656435;0.11829765161305167
a_ws[11];-0.22578673861615928;0.671093726332999;0.009748882593784725;4766.330819233514;2746.85970546699;1.0010903459324763;0.13929729536024657
σ_bw;0.022430838411348176;0.010757374545654601;0.00024327197507553828;1801.9666633798538;1870.3435807907144;1.0031921665118078;0.05266295858551146
b_ws[1];0.16622249317221696;0.7545698812727839;0.010322522481208733;5355.330815445074;2895.559469430798;1.0031419099659404;0.15651097807576142
b_ws[2];0.6009495992129996;0.7711186247536999;0.009741740629265694;6346.8202108598625;2696.126696495202;1.0005712718773736;0.18548752133254195
b_ws[3];0.15799977985196487;0.8892278403476142;0.011837305325369401;5659.825221478222;3085.919339178115;1.0002735169626595;0.1654099086832603
b_ws[4];-0.010315870873444643;0.7439692344532655;0.010821790698308333;4767.650836021536;2850.7699920355963;0.9997937197455534;0.13933587320458324
b_ws[5];-1.2016948088470925;0.5837590302417284;0.010209570006198092;3381.4860826200206;3064.9931924554044;1.0012975984123027;0.09882483685491053
b_ws[6];0.3050760009179046;0.7756165254950352;0.011069867727307264;4966.245000483621;2947.0773107567466;1.0000466706686444;0.14513984087553586
b_ws[7];-0.36981348786111023;0.7960784905266872;0.0105588224745802;5677.496425887654;2852.374270359781;0.9999364281862293;0.16592635436723566
b_ws[8];0.13526542028523508;0.5208377376757182;0.00791775910919424;4271.997703076406;2926.976098779761;1.0003526458920187;0.1248502775809055
b_ws[9];0.9729238668789281;0.8370602285666134;0.011304212386021252;5535.660448602975;2738.7298965107702;1.0001789139304473;0.16178115992525388
b_ws[10];0.36381001749841224;0.886941853492936;0.011707950367108094;5721.43953184148;2918.2334026953877;1.0010542630149832;0.16721060341356625
b_ws[11];0.1896507376568092;0.8657723736878905;0.012187846211807286;5064.247295942986;3100.973165107121;1.0016693760600888;0.1480039842206637
σ_p[1];0.23961258921126902;0.03799514334130694;0.0014740263385778015;656.2490222573146;1081.6738364176147;1.0084886221317833;0.01917905352149909
σ_p[2];0.042587314557857636;0.008781590015399727;0.00022146583208293511;1537.043352046851;2324.810443412807;1.0003230556085272;0.044920503823946606
L_p.L[1, 1];1.0;0.0;NaN;NaN;NaN;NaN;NaN
L_p.L[2, 1];-0.5589850740361882;0.1727218393039895;0.0034124434961584267;2437.6860700205816;2717.297586475073;1.0002668855543955;0.07124202858957693
L_p.L[2, 2];0.8026853983546194;0.11580075631326242;0.002395495561563459;2450.6691748797475;2717.297586475073;1.0002730530436008;0.07162146330799019
z_p[1, 1];-0.42072114974034547;0.13199842559022246;0.0036463825926029026;1336.8071654563744;2134.0069292294315;1.0032964493371044;0.039068547616301644
z_p[2, 1];0.2692875857036755;0.6174734588868116;0.007754660189120841;6374.24237116739;2357.3413355953894;1.000463958548673;0.18628894131546878
z_p[1, 2];-0.9291499344988656;0.1812213929474442;0.0063899192406502376;815.5187093362861;1448.5390193488192;1.0091912821352607;0.023833752803690603
z_p[2, 2];0.7713199439549657;0.6228533266249838;0.007719585616576556;6443.153875923379;2886.6105611666635;0.9998383790700908;0.18830289850723114
z_p[1, 3];-0.5692385292065012;0.1432545603678466;0.004207243604491329;1163.660026813161;1923.2229993942374;1.004596666595983;0.03400827609359524
z_p[2, 3];0.9817785415497283;0.623227404858863;0.008138457748905602;5836.744645760052;2588.9373966921794;1.0013822645652628;0.17058042626456277
z_p[1, 4];-0.5557222494417422;0.14242920596451022;0.004429888179474756;1040.7640495323537;2080.9787691903553;1.0058241091776208;0.030416608226818055
z_p[2, 4];-0.8708944236059898;0.6032462748538044;0.007862947796532826;5878.8280154601725;3323.0798786035607;1.0030247412889983;0.17181032402055088
z_p[1, 5];-0.5360109507063899;0.14115501065541444;0.004186692701811;1150.8728306309986;1701.8007728343334;1.0035952386958136;0.033634566858762364
z_p[2, 5];-0.7471837884372896;0.623198721202032;0.008058690965415198;5964.939493705869;2829.9016918673456;1.000351492207495;0.1743269550463904
z_p[1, 6];-0.636123976821776;0.15035071346754475;0.004734430250607767;1022.3655268947094;1636.0678823717576;1.0057021357733658;0.029878906472733714
z_p[2, 6];-1.3779011320990426;0.6195901805268046;0.008284435190948514;5649.265160364526;3133.514488768983;1.0015237823614231;0.16510128806757812
z_p[1, 7];-0.3051069906152699;0.1258051241753473;0.00290650846234542;1888.5216532310817;2541.287626554648;1.0034162892295329;0.05519255135686436
z_p[2, 7];0.6277374117936625;0.5976176133931788;0.007826618653539242;5842.386826238629;3036.698587656294;1.0008426935419303;0.17074532050090674
z_p[1, 8];1.336685082753804;0.23013156728199943;0.00770796652671035;888.8550346526997;1634.2003224296798;1.0058664093528864;0.025977026561989736
z_p[2, 8];-0.3264782277643124;0.6430398195443687;0.00968145422413819;4395.598301349129;2509.0761749985218;1.002874617630898;0.12846253818497902
z_p[1, 9];0.1835047653982254;0.12179754369556865;0.002280142392434923;2878.009530816005;2761.8757863395645;0.9995250146891127;0.08411059971874785
z_p[2, 9];-1.4205453165699162;0.62850654714302;0.007973390940494091;6260.534981252687;3061.915954751667;1.0005120813940334;0.18296581237660545
z_p[1, 10];-0.11046584631658303;0.11920004474807082;0.0023814187044470074;2535.8314540812535;2236.8326621348156;1.0004842603373318;0.07411035373741942
z_p[2, 10];-0.2256458345988666;0.5773129375699378;0.007422028136757941;6075.632485641826;3081.037748913283;1.0018032228783715;0.1775619873965981
z_p[1, 11];0.9756826453778706;0.18388254247571875;0.005535767527279667;1092.320997945044;2016.5078708353903;1.0038904469802719;0.031923373859185644
z_p[2, 11];0.3836329840335632;0.6131397873818571;0.008488142348523839;5220.70533166279;2526.55747184733;0.9999432112534212;0.15257651223848398
z_p[1, 12];1.7174193503504758;0.27919562833835837;0.009787289485536359;815.3262029804911;1522.6538755257518;1.006225855529587;0.023828126753859213
z_p[2, 12];-0.9986059978228772;0.6642553680622459;0.009812384242695735;4566.3090207700025;2793.2593369196707;1.0021579386994104;0.13345160470305878
z_p[1, 13];-0.3459873196499342;0.12710613940750376;0.0033133321576440584;1510.4041424934658;2198.9533409845294;1.0044553744799762;0.04414196578660615
z_p[2, 13];0.17548900046743518;0.6051761575390182;0.007572847233096606;6359.024985324491;2867.4537173365857;1.0018398915584166;0.18584420913661637
z_p[1, 14];1.0104313191295176;0.18787856337563108;0.005952711088515342;999.1644481095294;1664.5879305052401;1.0043873432489288;0.02920084872836269
z_p[2, 14];-0.46840652946734107;0.629881944749423;0.009066026866590702;4811.21134500849;2822.448603022338;0.9999099980618141;0.14060894075203775
z_p[1, 15];-0.4632374014251012;0.13620230170443606;0.003885103427571387;1236.4236542352733;1901.0105743481724;1.0025433176972598;0.036134812602475426
z_p[2, 15];0.7406641433284854;0.6044465640658705;0.007735058258705095;6109.4113089992;3218.802635987606;1.0009029345547977;0.1785491825604643
z_p[1, 16];-0.06262090633739172;0.11839020482302309;0.002299669337327524;2676.586205823904;2671.6785411570345;1.0008579603999697;0.07822394907321427
z_p[2, 16];0.3559939194147047;0.600071146004074;0.008163818717033576;5394.177961945257;2788.2645542662035;1.0027651431791846;0.1576462963415651
z_p[1, 17];-1.5079144161543836;0.2520392473415107;0.009449569884386397;714.6596946916218;1429.555842121685;1.0081137986678224;0.020886121074896638
z_p[2, 17];1.034416194826982;0.6562098878460046;0.008928110136489198;5399.104039758193;3069.601994299733;1.0004915848926312;0.15779026228562149
z_p[1, 18];-0.2722958273308276;0.12361088912344613;0.002873929318542619;1890.0221532090875;2383.818131484098;1.0020631264487736;0.05523640387078993
z_p[2, 18];0.3951333631826996;0.5976203447191455;0.00787013558224633;5777.174983225169;2677.4718650602103;1.0008665229381533;0.16883948691491726
z_p[1, 19];2.8062192764318814;0.43091806723520054;0.015897268307271888;732.6142772666839;1125.1896432792105;1.0059086623189704;0.021410848561695502
z_p[2, 19];0.9523199778112931;0.7824777157846491;0.012573131452811177;3883.207000406065;3334.2690075597875;1.0001708781927043;0.11348776511646488
z_p[1, 20];0.37321257465152746;0.1306365114093222;0.0027445455432799893;2321.190688579349;2587.776321143087;1.001317860225442;0.06783741985129099
z_p[2, 20];0.851607354110699;0.5990091221902165;0.00783333786635206;5839.361909838047;2788.5071350934622;1.0007125029461987;0.17065691650855447
z_p[1, 21];-0.45087091654538575;0.1338125229694581;0.003755484221118969;1300.2021341894629;1768.3442101102924;1.0022781307889994;0.03799875576897913
z_p[2, 21];0.7171509707553848;0.6238282873113317;0.008576603533272794;5301.193158630608;2979.583974467943;1.001568899241456;0.154928790548835
z_p[1, 22];-1.0574534749409594;0.19909832530241547;0.006928422317548549;830.5868319295189;1446.3355505887102;1.0068001447719153;0.024274122724075503
z_p[2, 22];0.05733890216161306;0.611612308826986;0.008180986338382592;5582.510341447555;3051.5850410841217;1.0016950941786382;0.1631503605973585
z_p[1, 23];0.22202364649335168;0.12217755230356528;0.0023343370240207616;2785.0763317343612;2714.541796945607;1.000478118130759;0.081394602073555
z_p[2, 23];0.039525785302338724;0.6055475610353017;0.007255937559907855;6926.074343702796;2667.767516826413;1.000607753917074;0.20241637857964367
σ;0.97336399388841;0.0035281257986511287;4.8504871440164125e-5;5291.0102771598995;2865.2057946954674;1.0014766946686635;0.15463119310928677
