parameters;mean;std;mcse;ess_bulk;ess_tail;rhat;ess_per_sec
σ_aw;0.0593982975979595;0.01727980094050117;0.0004914424879447537;1274.438232697944;1629.5037484991317;1.002713172477067;0.03360552001829642
a_ws[1];-0.33782830642277917;0.4926540450266108;0.012696834374350003;1517.9993139015858;2490.908965109877;1.0023913490193055;0.04002795508032335
a_ws[2];-0.553417070619925;0.4278900365491811;0.01188781021978994;1288.4653040588048;2164.893138280415;1.0037544724277916;0.033975398302956455
a_ws[3];-0.18393322688500757;0.5281524749050898;0.010272991460339937;2641.417198473518;3004.237557958925;1.0019107226278214;0.0696512363349765
a_ws[4];1.0673789683995727;0.5039462186172627;0.014220054088665713;1230.9540745392549;2338.175012084242;1.0021682078569343;0.032458891088005266
a_ws[5];-2.0193242737740893;0.5683928817439986;0.01566854176370415;1292.4959917539609;1628.3178412685563;1.0014746293584693;0.034081683058507395
a_ws[6];0.33398235777556545;0.40635320034019;0.011412203436439231;1256.633715612623;2471.834062599405;1.004009296840135;0.03313603468744582
a_ws[7];-0.4808737857266899;0.529754103423081;0.011602614445435368;2079.999184986813;2728.305196539662;1.0001434075281523;0.05484726717680129
a_ws[8];0.8206491370028586;0.39579060759799156;0.013624674949882384;827.1416783841883;1402.1544715214143;1.0019254384815932;0.021810806924759944
a_ws[9];0.4348071161255063;0.4524370282368534;0.012248038271506551;1363.2640371468233;2079.035510466151;1.0020631732807521;0.035947757776833275
a_ws[10];0.34672970390804236;0.6204692170146311;0.011580348131654261;2868.637222634134;2755.4699267435626;1.000385137713057;0.07564277588124586
a_ws[11];0.1794504100478147;0.6245627694320688;0.013020824608156085;2312.322669405135;2337.6904916770286;1.0016251063552228;0.060973379299012496
σ_bw;0.04357390034578435;0.013322640306576324;0.0003807542892664743;1354.5272431404187;1703.8567009296878;1.0053710656943218;0.035717378227361964
b_ws[1];-0.25953479366421744;0.4972985445793375;0.008520747136435447;3416.1386015110006;2496.3271389511406;1.0024753194317755;0.09007977884916625
b_ws[2];-0.914647438667902;0.5547846188970538;0.010221034000968982;3025.549743805259;2131.4598139438485;1.0042400841224028;0.07978038470060352
b_ws[3];0.14190464365691258;0.7485356711310415;0.013305457831702349;3170.5840983219427;2857.2330793470164;1.00150964442405;0.08360477946450912
b_ws[4];-0.4434178461991605;0.5477482744086549;0.011102118069366658;2488.2859228659468;2229.9611511691187;1.0027756051680177;0.06561333475934386
b_ws[5];2.1182304268920378;0.5911257121105092;0.01628478013579967;1276.412847653253;2019.7766735941775;1.0037965927138133;0.03365758842044141
b_ws[6];-0.15904792777932256;0.5702301942529656;0.01028781516606607;3108.7717604295885;2455.9904892785194;1.0013212226772121;0.08197485680123358
b_ws[7];-0.4458975097677078;0.593589728372551;0.010666265965259776;3125.4164899262682;2720.4957523360044;1.0012791508149839;0.08241375982214787
b_ws[8];0.21838306548660905;0.2953856784351981;0.007206033780629352;1705.2899579273549;2181.8811467302216;1.0020714249635212;0.04496660124265906
b_ws[9];0.18769920673343213;0.5872538947252709;0.010356497755009261;3257.794258278875;2664.1610386973034;1.001297266582416;0.0859044144731256
b_ws[10];-0.18976143146291072;0.7868124247644274;0.013198855230903977;3555.2195910145074;2853.8552172554346;0.9997185725376639;0.0937471899931572
b_ws[11];-0.36986450947515503;0.7072637281908787;0.013493657798909358;2740.1363832909055;2771.2859644360187;1.0004340926269362;0.07225435154013443
σ_p[1];0.15406876107737474;0.02234566155685813;0.0010123373584390593;484.4888288538109;973.3723961339535;1.0103676385263014;0.01277543204445486
σ_p[2];0.05264211835822901;0.009345516060360898;0.000320361687542897;804.2067910587946;2038.9489035421304;1.003918834698451;0.021206039431635335
L_p.L[1, 1];1.0;0.0;NaN;NaN;NaN;NaN;NaN
L_p.L[2, 1];0.8504693505058317;0.09076276988999817;0.002474795747173229;1322.4326638816626;2271.01946947987;1.00178648042928;0.034871079836363714
L_p.L[2, 2];0.49969125044284113;0.13703799475348033;0.0037909734803435154;1322.4326638816626;2271.01946947987;1.00178648042928;0.034871079836363714
z_p[1, 1];0.07912742405350388;0.18614444574782857;0.005171753555150419;1301.3173446343249;1810.4586882370095;1.0012702795681803;0.034314292331521716
z_p[2, 1];-0.5943240805280315;0.7360500739439101;0.01227127276873886;3568.0733164329504;2735.3747101410827;1.0015265138951086;0.09408612844915812
z_p[1, 2];-0.32577651494646326;0.18598955543979948;0.005756776288021467;1051.976635855023;1633.6078862219738;1.0032468740833413;0.027739454912747406
z_p[2, 2];-0.5788462024348776;0.7007652598452863;0.01125759924947468;3886.6684653551265;2761.082552086371;1.0008748966514074;0.10248712849776062
z_p[1, 3];-1.614515643422999;0.2805883892238533;0.010869396443582513;668.5399823393635;1391.0742448162941;1.0046383401309078;0.017628656441023346
z_p[2, 3];0.07814741667434029;0.7619873324523886;0.011943873442484494;4086.938693595591;2961.5260054165874;1.0029608176009925;0.10776803187269794
z_p[1, 4];0.315951409570395;0.19352182747073968;0.0055569301158173165;1262.2646994931702;1489.9391628907454;1.0022839413929934;0.03328451747512854
z_p[2, 4];0.6583421566814259;0.710351343108557;0.011001525275986725;4183.365684730783;2958.452676779479;1.0005536028101787;0.1103107044775819
z_p[1, 5];0.4329044071557569;0.19569678306703983;0.0058926611320536835;1142.9451330429308;1603.4972176544732;1.0020710117387819;0.030138193097814965
z_p[2, 5];-0.12508440152214811;0.687096879489124;0.011031540030473207;3902.252774669079;2767.2370214675284;1.0013032992755435;0.10289806941681376
z_p[1, 6];-2.1603541466450973;0.3430436689961297;0.014288162581640517;575.2967083721403;1062.70051359764;1.006500306572652;0.015169934920056789
z_p[2, 6];-0.12552212591454848;0.7923632194170429;0.014462794037016061;2995.5950498269985;2727.0968192166533;1.0003071724466301;0.07899051270657417
z_p[1, 7];0.21211616461113766;0.18756982727360483;0.0055063758372728075;1178.5967024038468;1912.9598913966663;1.0020203934315934;0.03107828536521786
z_p[2, 7];-0.46396190722665204;0.7055462081381828;0.011214646408295753;3951.2632877821584;2835.177224913302;1.00050522654696;0.10419042218627037
z_p[1, 8];-0.08217495232551625;0.18210375373381632;0.004825497541280002;1432.9768525057086;2066.1600610241226;1.0024061913150701;0.037786007251753156
z_p[2, 8];-0.21558602688450543;0.6792190124964629;0.010585683104631639;4150.481661603845;2824.599617706628;1.0005773415269488;0.10944358932902346
z_p[1, 9];0.5422131159519789;0.20117518245332333;0.006160137005263916;1103.3231281096578;1316.0250873378848;1.0019932331312733;0.02909340485638614
z_p[2, 9];0.19681503373665402;0.7130435464491609;0.011739281313561079;3699.3792334096183;3103.0566069349043;1.0003311493954343;0.09754851957041226
z_p[1, 10];1.2487842662901705;0.25292032384333474;0.00966443419506893;700.5489909136397;1268.5930306138985;1.0064182575544511;0.018472698428159497
z_p[2, 10];-0.029841968016804308;0.7627232791856154;0.012582385588852938;3687.805923766307;3071.7433905729067;1.001040873072248;0.09724334425558127
z_p[1, 11];2.253439533347873;0.3664305477726085;0.015055634723160662;598.0649937258546;1043.33334535282;1.0084084099251343;0.015770309304319222
z_p[2, 11];0.7049486215546875;0.7908755690801637;0.014910300627728317;2808.680108467813;3006.2479340814198;1.000865617326419;0.07406177340606893
z_p[1, 12];1.0781426555721896;0.23753823763129484;0.008827856140382447;744.902798384555;1218.7670587266596;1.00625174861032;0.019642259044444603
z_p[2, 12];0.041465740144489116;0.7518710129618822;0.011427234477380607;4328.568605840959;2787.7018993858487;0.9998912137831295;0.11413954415524376
z_p[1, 13];-0.7703929157228678;0.20757996031017137;0.006840980525780026;926.8726807660759;1466.5310837495824;1.0027526522807484;0.02444060263474445
z_p[2, 13];0.14509299314917712;0.7267259833675735;0.010630935834386184;4714.100938100199;2777.690368805289;1.001973043504906;0.12430560334668132
z_p[1, 14];-0.6100409158280387;0.20109304112123932;0.00596235175459305;1143.8580481337854;1661.625384951863;1.0009607550730382;0.03016226565431366
z_p[2, 14];0.8013017795427855;0.7180174280027849;0.010905963160068267;4325.490920665622;2820.275410065377;1.0013488497101357;0.11405838901714746
z_p[1, 15];-1.8192478617207664;0.3030248480721788;0.012170503828710098;621.3961071279676;1382.0622415612268;1.0059614935108674;0.016385524838793606
z_p[2, 15];0.02959811706656504;0.765286767995018;0.013455821294278135;3245.9141793110166;2895.784174104504;1.0010671067556642;0.08559114999209373
z_p[1, 16];0.19746500763121216;0.18604557385210305;0.005510141999700361;1156.5378438627397;1682.6464977369121;1.0016443780410482;0.030496617777676455
z_p[2, 16];-1.3383503850026777;0.7183074975808423;0.0115122409465642;3976.4607713273017;2701.949833660109;1.0014764567290269;0.10485485182747346
z_p[1, 17];0.03367666613682385;0.1846835469911051;0.005054131504815354;1335.6229199165725;1979.1805795940456;1.000762882146574;0.035218892230762175
z_p[2, 17];-0.10555478547495091;0.7088865287480437;0.011585905653542831;3753.9311588228106;2637.0439881142074;1.0007680179034604;0.09898699322450903
z_p[1, 18];0.5448260299778075;0.19819940091216362;0.006304684574300608;1020.2862820143043;1208.862159929522;1.00514187498632;0.026903815496840476
z_p[2, 18];0.2516560079848567;0.7202621934185436;0.011548362130144091;3877.2877803921474;3042.9563636155713;1.0007765809684868;0.10223977025926728
z_p[1, 19];0.8264041442869059;0.22064057832634584;0.007611874175022583;874.6174294452148;1287.7822326060934;1.0058978402073466;0.023062689724358224
z_p[2, 19];0.02186095135050183;0.7306176926925508;0.012668434758162166;3320.216963778583;2956.1311915503884;1.0002373386907355;0.08755043185195596
z_p[1, 20];0.5742961194468862;0.20505771364529987;0.006565044399404793;1015.89053318012;1223.753655543926;1.0035347395205136;0.026787904484715654
z_p[2, 20];0.5675042873588684;0.7297812560344746;0.012483261168780683;3425.5494958296968;2791.2386411294124;1.0001852813858685;0.09032793367480069
z_p[1, 21];-0.40056685318463314;0.1909487641751838;0.005608417815808446;1179.5114399559425;1982.8949946176042;1.0009981336932008;0.03110240597799433
z_p[2, 21];1.4355661498913925;0.7046316207136897;0.010559974191951397;4449.285102959254;3060.6945028129303;1.0019484534616343;0.11732270404198027
z_p[1, 22];-0.6227875178866439;0.19996564812396486;0.006232514183951782;1041.9984357952826;1584.6766473538812;1.0020548133972744;0.027476340865121646
z_p[2, 22];-0.6581430443809936;0.7128636194636923;0.010225606998309584;4850.296752512054;3378.5458097600545;0.9996602800653533;0.1278969356295622
z_p[1, 23];-0.9703203189642485;0.22399607076807654;0.007338042083636375;940.9678439657666;1746.871305861291;1.0019846949252236;0.024812276425529595
z_p[2, 23];-0.7029196185021866;0.7167186620557042;0.012247220675663162;3416.7085187749526;2694.377675177101;1.0017591984405905;0.09009480693411469
σ;0.9871346178364897;0.0035758650935263448;3.5364404511254295e-5;10223.423663861853;2617.418044829274;1.0007532003286492;0.26958032156970235
