parameters;mean;std;mcse;ess_bulk;ess_tail;rhat;ess_per_sec
σ_aw;0.030371329744117836;0.010665201153121763;0.00027770191848175055;1546.0757887253158;2147.680076662015;1.0009772928219811;0.04114667633855315
a_ws[1];0.09380301351588513;0.6886442431657466;0.012018550353313475;3307.7020531418584;2540.178007071147;1.001010269339171;0.08802993151920849
a_ws[2];-0.43079530034851127;0.6270722087989786;0.011531684751077782;2965.0659859295574;2784.747612912004;1.0008326422699931;0.0789111448062215
a_ws[3];-0.507069180173769;0.6876415867807344;0.012557866494744316;2983.757789871775;2727.9662332105604;1.0004979373775698;0.07940860140738087
a_ws[4];-0.43361990246155063;0.617762736150773;0.012473632062425653;2477.1219481181643;2518.56202554047;1.0007962162060393;0.06592518671699668
a_ws[5];1.6664489258288517;0.624949063145069;0.014522498571181318;1813.3965082439063;2050.8019604287165;1.0038347279793816;0.048261048871150125
a_ws[6];-0.22811705664744056;0.5814281173163298;0.012372899044185093;2202.4537284419876;2591.1519973271747;1.003330437986138;0.058615270593919626
a_ws[7];0.5950816097983418;0.7083568672548266;0.012780972754497823;3058.379216572665;2360.0973793328676;1.000893143633856;0.08139454783689844
a_ws[8];0.22810983471206825;0.47780403977126096;0.011920261698445222;1576.7529734907157;2349.413720046661;1.0051472972831663;0.041963107332250164
a_ws[9];-1.1621261425133467;0.6666982070541928;0.013702197664032018;2346.1662537067614;2741.147988357558;1.0017134394313607;0.0624399813914033
a_ws[10];-0.013156648698294552;0.7974696623635701;0.012591263521322062;4000.1947369495915;2726.485527609685;1.000426791565855;0.10645966991576207
a_ws[11];-0.18873422867413928;0.7950887322194896;0.011371360606603105;4868.258981862183;3425.006912716438;1.0003609522471235;0.1295620034410397
σ_bw;0.011262646613833567;0.010664690352993242;0.00035767399814661357;1037.2690238052242;1429.4348427931975;1.0059930861542656;0.027605485520026687
b_ws[1];0.0020876015804295474;0.8889115458238454;0.012114005699339557;5370.069839244143;3086.1009726071334;0.9998880787275459;0.1429170078220932
b_ws[2];0.3135198393188354;0.8992824470829595;0.01244328948623932;5271.972247855143;3206.428164864985;1.00088372907125;0.14030627562389827
b_ws[3];0.3975459986820446;1.0135922535878894;0.018534650292284786;3000.559754515583;3158.12970727594;1.0012419045714802;0.07985576254016116
b_ws[4];0.17860687117785573;0.9050848436882928;0.012946592175658004;4910.513209451525;2752.9313503891585;1.000812354635818;0.13068654147418984
b_ws[5];0.04515215034884765;0.7962488663151532;0.013860910085403935;3318.6856593047814;2855.9916022398074;1.0020150131419088;0.08832224505979405
b_ws[6];-0.1400832396922675;0.9228761329190436;0.012732708248285025;5261.889216364585;3241.990233723131;1.0012529337766938;0.14003792963705924
b_ws[7];0.3543925149882842;0.9312814570873613;0.0164629188454275;3225.2802519611014;3085.8364588488234;1.002308356670866;0.0858363888732679
b_ws[8];-0.1444573402531411;0.8083616185000836;0.01362571247720075;3517.0390599900284;2866.926589987892;1.0001508082817023;0.09360114745136189
b_ws[9];-0.004650552606840268;0.9232168446727487;0.01234218376633612;5624.133880120929;2610.9191185529567;1.0004708081650837;0.14967857212279345
b_ws[10];0.5069660285188046;1.0355498659954667;0.017635804234371326;3443.555885824673;2779.7905634950735;1.0002528434350884;0.09164549404435508
b_ws[11];0.07795905007351801;0.9755025650644835;0.014658330238416797;4432.91984984736;2882.3375100599615;1.001017499211513;0.11797605242030157
σ_p[1];0.22034909372693676;0.035949530480655634;0.0016668224543564159;462.4946485140096;953.3122483583312;1.0029819369233899;0.012308657667040054
σ_p[2];0.055635036361159136;0.01076050437271253;0.0003330124340305158;1070.1260658076503;1678.7308061261067;1.0016237825250265;0.028479930409840735
L_p.L[1, 1];1.0;0.0;NaN;NaN;NaN;NaN;NaN
L_p.L[2, 1];0.17987251014617917;0.20322465664581413;0.00529896669711149;1479.0463449950676;2175.3716821430685;1.0018265847894754;0.039362780072642614
L_p.L[2, 2];0.9613235156624339;0.04704886527345875;0.0011092266612223482;1962.5257089908623;2529.203470876189;1.0004582615211455;0.05222991702141149
z_p[1, 1];-1.0331345208974054;0.19698773346963808;0.00766210305013977;653.1454192657404;1696.6268283091965;1.0008679876470952;0.01738256517857595
z_p[2, 1];0.2677580840914006;0.46460046132424077;0.008413977777958504;3054.8340985705095;2881.065396449142;1.000597520964963;0.08130019940709932
z_p[1, 2];1.0653634638999159;0.20165482441084956;0.008045294405988362;625.3018338883994;1462.2169825697556;1.0025418032726394;0.016641546527368115
z_p[2, 2];1.6410298499285354;0.494402926076396;0.010088748906464383;2387.404421803247;3033.746700812139;1.0000200134096275;0.06353747840146895
z_p[1, 3];-0.8454863666876861;0.1740185957605194;0.006354683230897809;746.9013014409478;1686.987898906604;1.0025348705875397;0.01987774876972406
z_p[2, 3];-0.18696238934552964;0.4472430051516694;0.007891220696708863;3217.738118134758;2773.008841580679;1.0003424491208908;0.08563566537593506
z_p[1, 4];1.184001924340897;0.21797654406628617;0.00916431468175213;564.3830175754102;1353.8946133484412;1.0040637915962751;0.015020276188593232
z_p[2, 4];-0.007924342868337405;0.4793801781238589;0.009244132525448279;2707.4345690293344;2529.125958072947;1.000818131584498;0.0720546397091614
z_p[1, 5];0.6850492714011214;0.15707640497454528;0.005589383155594155;810.1333201378851;2142.7232421087497;1.0010312124021876;0.02156058180192703
z_p[2, 5];0.9157001942383258;0.45927984043528797;0.0077568558826820715;3481.3298268990743;2613.996381540676;1.001986976710348;0.09265079542657348
z_p[1, 6];-2.799614513226957;0.4423180211777523;0.019688852732578133;503.2474433495716;926.4798326565904;1.004269619911601;0.013393237136700351
z_p[2, 6];1.3147074682102486;0.6833432742148999;0.015998440862358108;1827.5161171977652;2434.3949335608113;1.0018263096387254;0.048636822804024635
z_p[1, 7];0.040442874797479024;0.11845706381334607;0.0023800978776322306;2491.754765813192;2384.8592174243986;1.0022128996066821;0.06631461899322084
z_p[2, 7];-0.11874370496476545;0.4226879933192588;0.006016974011526671;4944.786993291686;2931.134741871988;1.0009937877971662;0.13159869099548294
z_p[1, 8];0.3852061648787537;0.13303179643058496;0.003436561716559139;1537.4208542977415;1890.3626634382808;1.0001622754198782;0.04091633718686356
z_p[2, 8];0.9379744540143621;0.4313499540117243;0.007032235811450689;3768.4926648532683;2870.3257823353933;1.0004249561451846;0.10029323859522521
z_p[1, 9];-0.2828394792270702;0.1276630128969207;0.0028433941078852077;2086.5868617536316;2024.0108296433466;1.0009112066464543;0.05553163362297998
z_p[2, 9];-0.5629243251312163;0.42939734292831977;0.00728728347338247;3550.7067275378063;2535.4164623038205;1.0004551677731661;0.09449716602287356
z_p[1, 10];-0.2867291973545556;0.12837845209449605;0.0028381488906192636;2096.4711215748266;2092.4791650600405;1.001233337563114;0.055794689575783034
z_p[2, 10];-0.9774566276367969;0.4648511787999584;0.007900250339300582;3673.9087891638055;2670.5223175931555;1.0014754858964792;0.09777601909782338
z_p[1, 11];0.5386459350519794;0.14623940748575998;0.004423925489887401;1102.0601976674218;1765.4501748066416;1.0014060770301088;0.02932981331814889
z_p[2, 11];-1.452201436013049;0.4682357600909508;0.009704375912955589;2375.7787340982422;2421.2477840716297;1.0009873563281062;0.06322807674554799
z_p[1, 12];-0.20015352559585556;0.1269364865105646;0.0028016040886516312;2062.514545307936;2022.1726745814985;1.002116045967621;0.05489098209688183
z_p[2, 12];0.3476587732960613;0.42511358186077103;0.006936650847541248;3784.544407676619;2539.114421017071;0.9997457552051957;0.10072043360819843
z_p[1, 13];0.35929151978518425;0.13234359181505648;0.003630967666173625;1371.3032523297315;1926.9016541393544;1.0010771930044338;0.036495346151262605
z_p[2, 13];0.4543101491738721;0.4227626015479245;0.006830699455673942;3937.022113788645;2831.52038669989;1.0000845152592341;0.10477841761389146
z_p[1, 14];-0.142170568148867;0.11956065925177467;0.0024169650597195315;2510.9910474483304;2334.764901750442;1.002196562650558;0.06682656611778637
z_p[2, 14];1.5139941036123703;0.452309320122479;0.008334261374925302;2985.559716227317;2737.605839017425;1.0000956002402108;0.07945655719394586
z_p[1, 15];-1.0411496828674216;0.19923945974725837;0.007845485423228216;636.3186817756083;1267.1564890787665;1.0021774682109168;0.016934744750632315
z_p[2, 15];0.9801582649087439;0.47683851759319273;0.009105023556308593;2740.2051543987213;2813.203487092283;1.00165750442977;0.07292678367484033
z_p[1, 16];-0.4924520757643358;0.14285994019356624;0.004129411206854906;1212.801666487734;2044.8835715047783;1.0011691121609856;0.032277044888576724
z_p[2, 16];-0.17862604659815856;0.4345524885010111;0.0069919144065599;3875.7611201300233;2765.6992727200504;1.0012682927582444;0.10314804069664624
z_p[1, 17];0.05706748354730553;0.12283537511207358;0.0024223654963336587;2590.7468205835253;2086.7061888984454;1.0049383671337357;0.06894915610157401
z_p[2, 17];0.9199782453363078;0.42802027391074415;0.007644537176667821;3277.131472699601;2509.4063845044434;1.0030536659001297;0.08721633765265144
z_p[1, 18];-0.06509984289647144;0.12098840994579035;0.0022740841545239505;2823.352608581792;2810.0668918325414;1.0017838917626496;0.07513963857535345
z_p[2, 18];-0.23267319891858843;0.4368119052218877;0.007127681582668009;3845.699065880522;2090.529396180532;1.0004565065273754;0.10234798055386625
z_p[1, 19];-0.589668373490711;0.14836097899704995;0.00468620720088069;1008.7901401077999;1888.3920096843106;1.001790724444853;0.026847559279588415
z_p[2, 19];-0.5811083320312784;0.4434583428105883;0.008301828867240471;2863.16008575743;2631.300553063321;1.000994962903418;0.07619905971831743
z_p[1, 20];0.7472809944475082;0.16331679432360974;0.005976098524865663;747.1830507983592;1715.7037733605432;1.0008997882731634;0.019885247140568843
z_p[2, 20];-0.11624963560674291;0.4513979636449503;0.00785276788272309;3301.7559133272243;2250.633952160316;1.00178574084925;0.08787168320292235
z_p[1, 21];2.0898491600262865;0.3387397071831705;0.015040697874673048;506.36610956546536;925.3870313666583;1.0031725675799399;0.013476236139937547
z_p[2, 21];1.4787188156318507;0.5907089314758882;0.012965525840286653;2067.0735922861286;2627.423008386737;1.00123090495291;0.05501231484899653
z_p[1, 22];0.27643779949027963;0.12982150380595284;0.0032907405013698943;1584.282549130741;2149.176090128082;1.0019882646155593;0.04216349661076167
z_p[2, 22];0.5626799815298494;0.426401409120934;0.006514836321680771;4281.696206001148;2780.710125594207;1.0002688746843764;0.11395144355348347
z_p[1, 23];-0.6160436850723597;0.15033242333972724;0.004774558009691915;995.2683935484483;1568.546494995793;1.0026233754545004;0.02648769663037877
z_p[2, 23];0.9862139605527539;0.4532318358853131;0.007841240174140587;3442.3108134356175;2493.9674181425057;0.9996953628809669;0.0916123581586604
σ;0.9801043041911027;0.0034558172880049813;4.2619499226390214e-5;6583.976825473413;2923.7770725439727;1.0015660722937358;0.1752234692722559
