parameters;mean;std;mcse;ess_bulk;ess_tail;rhat;ess_per_sec
σ_aw;0.055440582556527694;0.017425873434153496;0.0005031019434639457;1247.3683511220297;1631.5805087598787;1.0033769824902907;0.026898038604129097
a_ws[1];-1.2128471419876414;0.5708777844185853;0.01304949439123515;1901.483030459646;2624.850615299266;1.0006772393554302;0.041003256105057555
a_ws[2];-0.1140495149280142;0.44815346265297806;0.010385948957837392;1854.9055371274792;2189.4476577940795;1.003395834029037;0.03999886697444892
a_ws[3];0.6345893770076134;0.5860470806036705;0.012848872450304655;2073.211441203256;2595.0244618409615;1.00196890552033;0.044706378296230954
a_ws[4];-0.8514632122941661;0.5301168778735442;0.011889883686630038;1963.3781037748286;2657.4208010755556;1.001568426838089;0.04233795092069852
a_ws[5];1.8180019118982647;0.5560118537643043;0.015591531841618187;1246.6258309348207;1544.6675044845679;1.0023906695630216;0.026882027025318455
a_ws[6];-0.38475171151516746;0.4658608693091722;0.011307903068853854;1684.228153277028;2369.2748875777074;1.003447848210537;0.03631840894813166
a_ws[7];0.7381252564811973;0.5677501756874364;0.01095721527172981;2726.339047962934;2793.7501025930715;1.0013085633289467;0.058790310732260515
a_ws[8];-0.18168291129508543;0.37463261915954177;0.010377552372982464;1286.6481445866507;2103.3081846799128;1.0020226075842882;0.027745061378134234
a_ws[9];0.09888771844500263;0.48089435663148766;0.01029056478810948;2180.2956342322623;2822.086361486192;1.0006976305529336;0.047015523590317736
a_ws[10];-0.19928858796785362;0.6524366833778342;0.011965583957201067;2975.400152243687;3007.641869860386;1.0013798525343893;0.06416102195136802
a_ws[11];0.271823986228068;0.6707099210173203;0.013005458125635881;2664.6530006445746;2482.5717251309607;1.0009522238445185;0.057460123317602405
σ_bw;0.04280466807033406;0.016057113052920596;0.00047938203280612147;1118.9371381362137;2018.5108991450657;1.002192700431896;0.02412856980867651
b_ws[1];-0.6747990768307245;0.5186219959724694;0.009358855532915902;3098.8807837373547;2806.416493771174;1.0003375505235574;0.06682373725097561
b_ws[2];-0.37431447130769;0.5687741790373757;0.009695506990362998;3557.319127559312;2214.828408810765;1.0001226401853722;0.0767094235910563
b_ws[3];-0.9837366033692022;0.7665552413650308;0.013510038702212639;3208.200944580213;2749.1182300839146;1.0012171294124095;0.06918109857404893
b_ws[4];0.5856807296586629;0.5720154400648406;0.011426920089796743;2525.4158622946397;2426.7982922530964;1.0011989056987356;0.05445763738864955
b_ws[5];-1.2703519080730241;0.4541157073864659;0.010518315633419515;1932.0509291352846;2415.158946738278;1.0026361854178507;0.04166241706411575
b_ws[6];-1.2345739698531524;0.5973853403913242;0.010626807986052285;3171.2564548408136;2238.657397428418;1.0004836302843056;0.0683844338916988
b_ws[7];0.04157669484663512;0.6340928157588136;0.010910051385640225;3387.073502409167;2953.8473442088416;1.0005070792626523;0.07303827593579186
b_ws[8];0.09678960481397171;0.37157987320421487;0.009609926085805768;1625.4670606193083;2090.619347270365;1.0013617211901513;0.03505129475743858
b_ws[9];0.76328168709214;0.6291796648677099;0.011774948777681031;2868.049453082093;2457.3945872721997;1.00060819360712;0.061846129764443904
b_ws[10];-0.2301729900728335;0.7923201667464799;0.012750317304353246;3868.4450836687906;2388.605909678056;1.0023289305059295;0.0834184907007449
b_ws[11];-0.4035538648072999;0.728234669723419;0.012922996441564418;3196.31171952083;2406.119890000509;1.0011657514441077;0.06892472135048637
σ_p[1];0.20445796310410094;0.031467198809975866;0.001169415461065222;706.8101318834013;1382.5815965088898;1.0098583670578893;0.015241533261676755
σ_p[2];0.058977614891762016;0.010697094820379947;0.0003034195304564395;1309.824305515308;1854.051637631617;1.0057844446425535;0.028244828163778407
L_p.L[1, 1];1.0;0.0;NaN;NaN;NaN;NaN;NaN
L_p.L[2, 1];0.6049767085682631;0.14765184437306234;0.0036420879693920423;1621.488679455469;2253.0812528045435;1.001457183184412;0.03496550562383532
L_p.L[2, 2];0.774735618431371;0.10952299103422354;0.0027326135556191684;1620.8144274881095;2253.081252804545;1.0024384697671096;0.03495096616928636
z_p[1, 1];-0.33614962347016636;0.15194174503947785;0.003960857365980447;1500.0510156979735;2197.650150544231;1.0026226838935037;0.032346844532421426
z_p[2, 1];-1.470669844104696;0.5150031383092704;0.008768389273977526;3460.3876283124523;2966.69492535867;1.001259433214125;0.07461920925592998
z_p[1, 2];-0.6732641153693774;0.16986000816488167;0.0051888010097548305;1086.4409813286904;1577.2258981804275;1.0038070241414003;0.023427828219787922
z_p[2, 2];-0.4734320824630766;0.5312408061688697;0.0085513942394364;3865.6000139007665;2766.6144596397617;0.9998368083302295;0.0833571401009939
z_p[1, 3];-0.4741050718736949;0.15416994377023613;0.004307045879498974;1298.879150799087;2071.152319922219;1.0043139089484223;0.02800880871225051
z_p[2, 3];0.2588438641098596;0.5139854480692457;0.008999561214427076;3277.1404122944978;2631.9408794202004;1.0007827879677587;0.0706676975103286
z_p[1, 4];-0.20076887646463568;0.14313811799318404;0.003569160358494289;1645.5962741744943;2226.893225439766;1.0016765569379305;0.035485357689042644
z_p[2, 4];0.020266552278433842;0.5089171224767729;0.00773741637117638;4275.328895136359;2638.411767578219;0.9997964847893466;0.09219246388870113
z_p[1, 5];-0.3959723928085931;0.15611352422431088;0.004207845823916509;1423.8194809311185;1864.1746937784587;1.0041364686257341;0.03070300070460069
z_p[2, 5];-0.6457356914505461;0.5035861148570443;0.008740351874072856;3335.1573802581565;2627.0053227241174;1.000029407929911;0.07191876552289865
z_p[1, 6];1.007785270784321;0.20814005553254486;0.006010019954124109;1197.261959312445;1839.143956398773;1.0047369971422369;0.025817552907986905
z_p[2, 6];-2.1942627127777223;0.569258566545061;0.010230138194730619;3097.152339008837;3075.1587234873127;0.999973455714742;0.06678646536333235
z_p[1, 7];-1.3772575472042452;0.23635289721781041;0.008512889970077844;773.8423497196553;1522.1250587055843;1.0072854637829023;0.016687004586532873
z_p[2, 7];0.0013444715980967187;0.5695246368168172;0.010221042016187244;3104.2256908232557;2538.75183586456;0.9997538210327047;0.06693899391674137
z_p[1, 8];0.49248636286345426;0.16127191131597823;0.0039568208648882415;1678.0611369490618;2236.7270591829633;1.002393801005176;0.03618542445873627
z_p[2, 8];0.7356987478311683;0.5364947567353789;0.009572507118363069;3185.580816909516;2736.4187391416667;0.9999152711922137;0.06869332199484565
z_p[1, 9];0.9683915970841998;0.20263742576244534;0.005953236660812137;1162.412632871246;2049.225740166374;1.0049520178015992;0.025066067970037274
z_p[2, 9];-1.1263772554431817;0.5437916412985446;0.009253669667853633;3456.4212620272474;2850.686815748222;1.0006893601801088;0.07453367920912256
z_p[1, 10];0.30079950387954846;0.14853742566557862;0.003505430012927634;1796.3041620379734;2418.958541290888;1.0023341005720199;0.038735196906185036
z_p[2, 10];0.5151011056922323;0.522304473363419;0.009309746894249989;3197.0109753928955;2554.1572651745482;1.0010304376795913;0.06893979998497639
z_p[1, 11];1.915318309834673;0.30888813758589734;0.010510970895848026;865.1562416358469;1621.5901401567671;1.0076906180542085;0.018656081794276386
z_p[2, 11];0.24542513741279226;0.6188580145314143;0.012577049954622844;2410.50122480676;2861.4289480862603;1.0009012873541807;0.051979637724357854
z_p[1, 12];2.1774153175796465;0.34667291944922846;0.011764578005021762;864.3377458817422;1556.217720912108;1.0073740942146334;0.018638431891285483
z_p[2, 12];0.20350648106845176;0.6454391162534592;0.013037434211138042;2462.169305429295;2970.8267379345416;1.0019830333420874;0.05309379941199092
z_p[1, 13];0.12924507996432436;0.1409184277497622;0.003524459967160208;1608.4034360197622;1848.6886368924247;1.0009264058174827;0.03468333766377647
z_p[2, 13];0.6165527178545426;0.4970796446720395;0.008919393501604462;3117.052211291218;2684.423135761916;1.0002316023284767;0.06721558281880351
z_p[1, 14];1.3603807844899967;0.24620847904372484;0.007794715217019104;1001.3658246156078;1639.3136704491867;1.0048433350494734;0.021593282035044327
z_p[2, 14];0.7117680612458789;0.5707558893779504;0.01092098192730722;2719.460585977027;2811.7214821479074;1.0019620458801919;0.05864198474990933
z_p[1, 15];-0.5812707706384707;0.16290549385844474;0.004874354472719547;1144.3643072081497;1671.5029420193177;1.0029451418249793;0.024676876950408492
z_p[2, 15];0.5400384486737421;0.5098917728050124;0.00871722345406292;3423.0878341832645;3107.576633090444;0.9996849785137478;0.07381488285025319
z_p[1, 16];-0.3594844929216859;0.14724354631674416;0.0039959571359312746;1400.5395733073;1697.7449868244341;1.00304995314912;0.030200996742897827
z_p[2, 16];-1.368014391406354;0.5077915871096422;0.008454468502205405;3622.8785832610292;2859.3669314938866;1.0006584214563234;0.07812313652416403
z_p[1, 17];-0.9451614339631768;0.19245324987306925;0.006295539571350117;941.4116696562131;2065.180661870947;1.0050909982337435;0.02030044085214504
z_p[2, 17];-0.7460827360841529;0.5205604578603853;0.008918505289778616;3422.4243305112373;3184.654505457506;0.9999881490670209;0.07380057517011354
z_p[1, 18];-0.034658221735174105;0.14728240896255065;0.0034563518435621124;1830.5610131276042;2056.8106478796813;1.001718749142528;0.039473905806596
z_p[2, 18];-0.49820400648141866;0.4994409948755973;0.008348582099539472;3611.247933512264;2797.4706941151526;1.0001828981603738;0.07787233517454506
z_p[1, 19];0.2116744449376452;0.148383688537921;0.0033049463750373918;2015.5714655170148;2526.0905252331945;1.0014831714277492;0.043463439680901356
z_p[2, 19];0.9621116538713669;0.524096926828365;0.008890786284862033;3506.144693172588;2890.1355858736188;1.0035242491127587;0.07560590680674764
z_p[1, 20];-0.3495237776950748;0.14864352789826077;0.003932781807025018;1453.7315562845054;2089.63345427098;1.0033060713690616;0.031348019601273265
z_p[2, 20];0.042668959157856026;0.4922424592193648;0.008015606330946286;3795.432054304709;2798.5471553996426;1.0002900530485175;0.08184405017507908
z_p[1, 21];-1.4567847405288137;0.24594204919909052;0.008832501503043764;777.8398510968244;1574.98422506866;1.0083229819076247;0.016773206025158787
z_p[2, 21];-0.3511487338213503;0.5701447878857897;0.00979853136661706;3377.1821276371625;3120.2683022745027;1.0005463560933692;0.07282498001544407
z_p[1, 22];-1.3096259586374221;0.23363991144280813;0.00809927412914087;832.828074499603;1774.0854901633336;1.00739361243282;0.017958962706038143
z_p[2, 22];-0.3498201884375193;0.5506924970592773;0.00972367179237574;3201.9232575594524;3042.3036991189488;1.0002813233489876;0.06904572760068955
z_p[1, 23];-0.7844382779335399;0.1782314436822644;0.005620581162514071;1016.8962364837946;1670.193693839738;1.0048932796566368;0.021928177190587393
z_p[2, 23];0.05812407717082492;0.5237878080310128;0.008906391327055934;3529.1253423349635;2542.5184084911843;1.0006054590538878;0.07610145760997389
σ;0.9731621682892555;0.0034006691344099804;4.111698088216603e-5;6872.486206973155;2480.925082610847;1.0025938579328926;0.148197121672381
