parameters;mean;std;mcse;ess_bulk;ess_tail;rhat;ess_per_sec
σ_aw;0.03187626681593318;0.010673666238330711;0.0002819859866191144;1385.1793358692291;2168.917461730164;1.0025586765364785;0.041590310113929156
a_ws[1];0.36526182916668176;0.6907160705054839;0.01616200780549197;1795.411058585168;2824.603031637099;1.0012515839583407;0.05390760660003414
a_ws[2];-0.8169570919959799;0.6082075308353352;0.014193210989953206;1811.5971916615758;3013.2627026691307;1.002426819653554;0.05439359875769991
a_ws[3];-0.04482322522579876;0.6923732796263427;0.015740153955836833;1952.3488525614732;1722.3891044284833;1.0006634837761652;0.05861969791633621
a_ws[4];0.588817598774779;0.6305701972593925;0.013700387735198046;2088.5517755316146;2202.2930353641864;1.0015080557455833;0.06270922023165218
a_ws[5];1.5519509569549206;0.587050870022944;0.017235976779874047;1101.5167413037723;1884.0836095043992;1.0013868599190134;0.033073279163351295
a_ws[6];-1.1345595237872437;0.5892807674940401;0.014523208964561014;1617.7937625001584;2454.5753482617347;1.0021229553972217;0.048574608745906085
a_ws[7];-0.12872515559602116;0.6944158153363131;0.015103098612636529;2087.0926610569836;2666.721723416004;1.0032099502380403;0.06266541000295459
a_ws[8];0.11842461682772037;0.46122895483792814;0.01512597474053662;928.8084446420795;2098.8534822119705;1.000544519294125;0.0278876750820568
a_ws[9];-0.27416799855958063;0.6142317607830994;0.0136667166229458;2016.9197313441703;2429.780258894283;1.0016654460056233;0.06055845256229407
a_ws[10];-0.02404154124349949;0.7848531729740338;0.01710276290178587;2100.9948575070202;2128.9951486021587;1.0008921528029644;0.0630828264678479
a_ws[11];-0.36376887909733296;0.7754421863357137;0.01530889391643405;2542.1009366411054;2541.506535345401;1.0014469647418984;0.07632713220448642
σ_bw;0.021760019868921007;0.012756728855061206;0.00045541207100708165;732.0173300553208;1446.4369522382176;1.0017554180853934;0.021978979167102907
b_ws[1];0.29088366874151733;0.7841835495034071;0.01555019100627034;2528.5706787229465;1736.5081937483071;1.0011942498611255;0.0759208832747155
b_ws[2];0.11421361816261918;0.7831950459283856;0.01340813309995937;3383.880210195856;2669.30592815636;1.0046537022364834;0.10160173754116698
b_ws[3];-0.2609497410416709;0.8723616924244011;0.015833726956262277;3052.3287962699414;2572.1929007473373;1.0010672410071426;0.0916468343984361
b_ws[4];0.13876474061399172;0.7667048174098043;0.014488058128175156;2780.4688772152863;2592.8551245330377;1.0010668891095813;0.08348418134099964
b_ws[5];1.2641865570125674;0.6509634357049828;0.013538047225310677;2415.1264411304633;1957.3166097194687;1.00008914112435;0.07251469542601438
b_ws[6];-0.0761539434771502;0.7836348401039155;0.015275609234478293;2612.850864546764;1943.4829299459957;1.0012828375522695;0.07845141414108345
b_ws[7];-0.08657304946477515;0.8065924273941155;0.01640411790830593;2373.0974545526606;2461.1188170656033;1.0018556407985124;0.07125276598461966
b_ws[8];0.3425909119517736;0.6379097980868362;0.014326798831455871;2069.733736656467;2035.864969361684;1.001908166187228;0.06214420453131167
b_ws[9];0.6477875310744562;0.8355527467788154;0.01564496971995587;2891.5966643597694;1871.6814330205646;1.000122118311497;0.08682081726237906
b_ws[10];0.7875888801087736;0.9180063071802113;0.01764192806621603;2753.4032314679616;2592.6918075889243;1.0003109109482318;0.08267152945476672
b_ws[11];-0.1972595804465553;0.852039976149605;0.013864719884138968;3810.8511626759837;3007.691972421266;1.00137663452253;0.1144216330329986
σ_p[1];0.24555066380670468;0.03947444601893814;0.002490341447936431;242.3062392869544;474.8460129738162;1.0043551308719225;0.007275297409891302
σ_p[2];0.05471625343006973;0.01162264225740516;0.00039421715554788196;815.1156501543487;1186.207398224231;1.0020934939250834;0.024474024258644325
L_p.L[1, 1];1.0;0.0;NaN;NaN;NaN;NaN;NaN
L_p.L[2, 1];-0.020308717269983175;0.21902544057494464;0.007083124036998181;963.5867716196722;1454.956133583234;1.0009146858389477;0.0289319018957163
L_p.L[2, 2];0.9749473068314679;0.033248017676868295;0.0008838458198477926;1596.883947061908;1989.0671280382535;1.0007594465157554;0.04794678700038738
z_p[1, 1];0.5308035163749123;0.13376322965145052;0.005574594520242311;588.6850864182195;1179.617639579926;1.000791318360915;0.017675397451850493
z_p[2, 1];1.205475777244706;0.47205236472497286;0.011877534991224532;1554.6343492850597;749.9494355459645;1.0022382239090228;0.046678233659873364
z_p[1, 2];0.4919403336438328;0.13101243754189063;0.005578870332427122;554.2267210637049;1179.9176678868612;1.0023759144641795;0.01664077755534878
z_p[2, 2];1.4013474469843157;0.46831102260224156;0.011561905350886826;1613.1228412820506;1392.749526671997;0.9997534331053148;0.04843436332284183
z_p[1, 3];0.9674728580760505;0.18102104798756205;0.009195691484969008;390.93877516697955;782.5471989256287;1.003051797789025;0.01173802154978819
z_p[2, 3];-1.718264052187732;0.5584135395475331;0.01606300743755315;1236.5173711265056;1221.7345368632277;1.001675962631321;0.03712670236604431
z_p[1, 4];0.4740089037854764;0.13054615478735898;0.004787380751818849;761.4214286772698;1635.2064583273145;1.0012636452502384;0.02286184360829095
z_p[2, 4];1.1341010515524312;0.45364893705180365;0.009751492038819904;2117.9610465150204;1656.7742865703372;1.001979944966481;0.06359223997411527
z_p[1, 5];0.528670321384998;0.1315598009092989;0.005323825721460309;611.0026785916353;1473.2624018237002;1.0011067916834835;0.01834548799930015
z_p[2, 5];0.6801365114426007;0.45076844310212927;0.009532498796025704;2214.152492162756;2381.298116589807;1.0002173745467566;0.06648040900118642
z_p[1, 6];0.2715276300627815;0.11630552242878082;0.0036112148796258424;1119.5734134684724;1591.9276433552084;1.0011480066856764;0.033615434663010244
z_p[2, 6];-1.2173313669098438;0.5131258536681385;0.015188516528782241;1181.777675054894;1304.8489349976235;1.000235446839308;0.03548313111414434
z_p[1, 7];0.8381508060114204;0.16691838763456818;0.008181739130252318;411.01046097155364;853.0544913249923;1.0026221645519473;0.012340678271199458
z_p[2, 7];0.574188266728142;0.46883259573008734;0.00998494526694122;2213.003166539845;1948.4057791193413;1.0015152513940169;0.06644590024997929
z_p[1, 8];-1.9020673726397754;0.3061259111674805;0.01879427165027794;266.7812958846463;685.3827064181949;1.0034945447297277;0.008010166294803741
z_p[2, 8];0.10185001560101373;0.5628842812137813;0.01534980782356623;1347.0605379823824;1787.8980221246934;1.000501271663593;0.04044578493640816
z_p[1, 9];-0.01951412212342986;0.10549881988874091;0.0026583812888023917;1566.656166789878;1761.5210542742109;1.0011471781209595;0.04703919133893425
z_p[2, 9];0.7460041485588381;0.4411769279298444;0.011710569663841722;1460.022289778249;1506.6841304461473;1.0022193837887796;0.04383748604437669
z_p[1, 10];0.09531964340664244;0.10860768761953368;0.0031024839957762593;1269.7600815838337;1294.6714128558153;1.0023157759432069;0.03812482196048674
z_p[2, 10];0.42330092854743273;0.4315138778039219;0.008710080875900254;2463.5560707317018;2133.7677869091985;1.0012732961822983;0.07396880556299118
z_p[1, 11];-0.5415434965007759;0.13422045915174075;0.00575420737478487;512.6749140256209;1323.4602074953298;1.001811556108637;0.015393175533171915
z_p[2, 11];0.03336431670563195;0.4580345182153903;0.00900278978922581;2604.8267984946106;1534.8471370030386;1.00187344133221;0.07821048981681586
z_p[1, 12];-1.9170756693238036;0.3107576985518201;0.020028988114823232;244.1226203246775;550.4491930751642;1.0043521078796405;0.007329834644664993
z_p[2, 12];1.261098877989516;0.5933869604343812;0.015211962355071997;1519.5698083346588;2108.0378452375;1.0001397982570623;0.045625413209577956
z_p[1, 13];-0.7192413782977649;0.15373295894868344;0.007426437405077408;416.82991877332313;916.3231209478467;1.0067825914196484;0.01251540875439616
z_p[2, 13];0.32500031734463325;0.44966548664987294;0.009405764994234818;2274.7288692703305;2402.133050877372;1.0003515035467754;0.06829922786762681
z_p[1, 14];-2.1855346623743737;0.3452841084212194;0.02210325114774528;247.16029864072277;579.4030500411773;1.004837500384586;0.007421041595215841
z_p[2, 14];0.22414302937622432;0.5954885054167889;0.015652548714646247;1445.6518526353343;1900.333650726378;1.000162992436194;0.04340601055108145
z_p[1, 15];0.3036087666910971;0.11714965415803634;0.003987992338832439;870.6503004475389;1519.0129873021008;1.00075134029966;0.02614146418353535
z_p[2, 15];-0.5208273089609918;0.46702041460303045;0.01298203397581474;1373.6683472845298;894.5229372823992;1.0002529019606494;0.04124469018403385
z_p[1, 16];0.664946073218703;0.15000863413472576;0.006580353291342226;521.8175282069845;1202.5289120190894;1.0027042989426431;0.01566768450772019
z_p[2, 16];0.7113745871141198;0.44702903663226423;0.008921935234873479;2480.814305399784;2304.1173827780763;1.0009773902022512;0.07448698780357023
z_p[1, 17];0.5351443377882122;0.13427139627385154;0.005303774610706138;654.7962986318232;1359.6839991081147;1.0016551402686;0.019660400943290926
z_p[2, 17];-0.46816798316506936;0.4616389887128913;0.011105496203017031;1750.7205696693136;2204.0543083057873;1.0011971707738883;0.05256576497345
z_p[1, 18];0.0848134405187964;0.10965513673138079;0.002597907027593102;1804.9749300363624;1917.935012573506;1.0008838087079657;0.05419476391551295
z_p[2, 18];0.1982305531735862;0.4323010424019057;0.009836753704323289;1940.9487242453215;2093.2507900308206;1.001010652186609;0.05827740659005837
z_p[1, 19];-1.5355936549729496;0.2570047180649895;0.016523376192508824;244.6520819512171;523.5517554503209;1.00382467813779;0.007345731844883756
z_p[2, 19];0.35138896238445666;0.5288776539072615;0.013368048091659014;1570.4139567098748;1834.0255595831572;1.000593624513436;0.04715201979664265
z_p[1, 20];0.15299908940351245;0.11124318237275958;0.0030586727382290483;1323.4980894631178;1848.8696032760292;1.001299203036988;0.03973831730706704
z_p[2, 20];0.012144750829683134;0.44922084733875345;0.012401043262450544;1422.7395879616536;1001.2106334825097;1.0018729200377805;0.04271806483278006
z_p[1, 21];1.0823586677758947;0.1949372469049084;0.010016847504459626;382.38116288874863;831.1152546453627;1.002041934000748;0.011481077384314448
z_p[2, 21];1.1810552840881292;0.49691918342052505;0.013758230648203383;1299.839569388973;721.3840014242558;1.003725790769772;0.03902796510844516
z_p[1, 22];0.6628140073070683;0.14776362419733813;0.0068123820820503245;469.0753965516161;1124.1084565483347;1.0020939828602462;0.014084090560846915
z_p[2, 22];1.547861340042005;0.474798081950249;0.010782596809540242;1955.6770690546396;2229.586477363961;1.0004945108779832;0.05871962833869572
z_p[1, 23];0.09638085471268625;0.10903937203379788;0.002660577493321624;1665.4974285964481;1876.7797862884868;1.003228785605928;0.05000692167112815
z_p[2, 23];-0.17482238548977616;0.4521430603180177;0.011093972213574034;1722.2113201091163;1706.9584457910253;1.0007589543631892;0.051709768569504266
σ;0.9696238225236743;0.003514921050592582;4.984246808240288e-5;4941.622701645438;2481.03512885465;1.000784109385797;0.1483732938439309
