parameters;mean;std;mcse;ess_bulk;ess_tail;rhat;ess_per_sec
σ_aw;0.06584102530847362;0.018868066732796215;0.0005150712838940596;1337.156211505598;2598.1112350133412;1.0022852305479921;0.027513027892761808
a_ws[1];1.0303415066819148;0.48590356910633403;0.011340434593763897;1816.3577636184043;2560.9536066444357;1.0040101827725318;0.037372972120735946
a_ws[2];0.5719169275375328;0.42427121239267374;0.01174780294036086;1301.865367545208;2145.5782086899976;1.007224285635695;0.026786891360704685
a_ws[3];-0.9451682161260601;0.5246294077319866;0.013073362667196858;1570.247395697379;2179.5532813283635;1.005921719795449;0.03230906009681107
a_ws[4];-0.6319964716772337;0.46740319127484187;0.01287477476283742;1307.6688631671338;2034.5396616916971;1.0063288799539185;0.026906302791880537
a_ws[5];1.7010269008415022;0.5226206479145918;0.014785876631722905;1219.9311765682585;1725.0773290167567;1.003386015704986;0.025101031726413
a_ws[6];-0.3620343845459978;0.4030423069561747;0.012239720794189625;1076.6340248806575;1717.2732440319526;1.0136081300830146;0.02215258150241478
a_ws[7];-0.7612160257037206;0.5007277692299434;0.013621564677070366;1325.4588380310554;1768.8959615728313;1.007026041656847;0.027272345345795382
a_ws[8];0.15916525451158267;0.34507354593901174;0.011660511348138483;871.5213602073561;1508.8780959695412;1.012797030538083;0.017932229074061563
a_ws[9];0.4414856115712547;0.4314631737786426;0.01200929391662969;1287.6023726935477;2281.0142083778355;1.0075847671553542;0.026493419160664423
a_ws[10];-0.4569816704003104;0.5677296869886272;0.012319333772250793;2040.390539913425;2922.1343368734047;1.0065943293623527;0.04198262054480264
a_ws[11];-0.8137891935910853;0.5804311313993963;0.01311753892512654;1950.378514571545;2760.688722772894;1.0030000349401516;0.040130553192756574
σ_bw;0.023506554377872548;0.012458133209746352;0.00038356894500480643;962.4949120361492;1215.0079041954446;1.0038724715144227;0.019804080580588943
b_ws[1];-0.11340387461011601;0.733862863109954;0.012989866625455584;3225.18919261025;2444.3576296188207;1.0019305686482398;0.06636077329798819
b_ws[2];-0.5326214965556045;0.7897587244810172;0.012922679906728553;3779.7753765376515;2219.1137446337366;1.0014723355068034;0.07777181489211464
b_ws[3];-0.023373337292932325;0.9024589424732377;0.012599515598286823;5144.84866202298;2969.962127834336;1.0007205236984393;0.10585925827087547
b_ws[4];0.7133797986508715;0.7891987590916943;0.013985813373587374;3222.459714858256;2247.364122227768;1.0001363787908533;0.06630461217270073
b_ws[5];0.39539331795905086;0.5463005296008262;0.0115352679453092;2307.7679152694363;1786.0291445805406;1.0003021993854269;0.04748411776910999
b_ws[6];0.3687009200022857;0.779035293594111;0.012051955737096156;4195.734731702206;3079.652843144309;1.0007061828810855;0.08633050178480885
b_ws[7];0.02446217424854701;0.8286883188228376;0.013485969518016878;3791.186787990099;2581.8983584935754;1.0023818753206073;0.07800661354831163
b_ws[8];1.1623506319368684;0.614783465717142;0.011960695861924029;2730.8817555992414;2082.1884770435518;0.99973267241957;0.056190013752422156
b_ws[9];0.6157589426075951;0.8324475012727917;0.013969175064186629;3543.7892026570485;2555.8839589980566;1.0000199986471765;0.07291621602609091
b_ws[10];0.5243837670574126;0.9308120819670527;0.016223080678853488;3304.406268309233;3464.845957031827;1.0009681526819687;0.06799072617449997
b_ws[11];-0.09883118750837323;0.8787313276663142;0.013037410889928353;4531.202921290347;2996.0992173630293;1.000032753208309;0.09323302041191855
σ_p[1];0.21995344336059985;0.0380814885139649;0.0016740064653114892;519.6030663234022;1000.8901148423672;1.0050587136102875;0.010691236770925682
σ_p[2];0.04186712133842582;0.009780573068835926;0.00028531951519863063;1128.755391400037;2048.748381290589;1.0005332379437326;0.023225019111811136
L_p.L[1, 1];1.0;0.0;NaN;NaN;NaN;NaN;NaN
L_p.L[2, 1];-0.20862312061515584;0.22181872756681933;0.004781385860219691;2176.313244750117;2264.7648241611996;1.0004299670724692;0.044779335795611525
L_p.L[2, 2];0.9507809955509602;0.05745842322176103;0.0012567263959089683;2214.076556938124;2681.739670206632;0.9994513093715317;0.045556345282320526
z_p[1, 1];0.18061055921512525;0.14795620097937057;0.0044375229876643715;1109.5891935237732;1614.5862048012848;1.0103073303192125;0.022830659700225193
z_p[2, 1];0.4082424104476031;0.5406152272661583;0.007662849330185499;4954.752174019687;2957.0634557602134;1.0005024256222186;0.10194787534362446
z_p[1, 2];-0.8396808175793632;0.19478676372744427;0.007364748031270232;709.8665177879938;1486.072581434956;1.0026471858336403;0.014606055101107386
z_p[2, 2];1.3087232303416119;0.5839136633002988;0.01066428210507595;2998.149051750927;2290.2637571708183;1.002105603244343;0.06168924601157961
z_p[1, 3];-1.9745796103969673;0.34310453422988496;0.014308969306886092;571.417010920405;1288.5948550173923;1.0027401778194864;0.011757348935432038
z_p[2, 3];-0.8755582606133039;0.6654205343962944;0.014031163985029797;2247.508715070737;2487.8338572064217;1.0008800834178937;0.04624423790945203
z_p[1, 4];0.38080151954436886;0.16113919150724326;0.004822856029959915;1130.1472952741162;1586.9976937861238;1.00579669098412;0.02325365861539499
z_p[2, 4];0.5845107111742579;0.5492905106484977;0.008149946968934977;4507.616534034183;2830.464787190565;1.0010483047050598;0.09274771216978157
z_p[1, 5];-0.5669493574070211;0.1654350291965618;0.005593708775005058;895.2371649710052;1706.4383462506205;1.00370328824214;0.01842020018195993
z_p[2, 5];-0.3617910516041544;0.5847515218083179;0.00936762680458992;3859.969375364058;2762.0132652255675;1.0005753858886177;0.07942186872094793
z_p[1, 6];-0.42530759037074845;0.15846691223740736;0.005007273035912313;1022.8195551158636;1825.9802852505643;1.003907308116007;0.02104530697836658
z_p[2, 6];1.6412412659714488;0.5643477627865958;0.008382665597959985;4567.737863429819;2342.1748164173873;1.0003535697117967;0.09398475523055423
z_p[1, 7];0.46884495243649393;0.1647781380300563;0.0052596633098596;974.7165676898113;1528.1184385819897;1.0093622138779723;0.02005555064070729
z_p[2, 7];0.02190136432730972;0.5460992177445858;0.008483016239782547;4170.273101362378;2598.8880701404405;1.0015252738853688;0.085806608959343
z_p[1, 8];0.3823933959945499;0.1585652655101689;0.004812384611372992;1078.7647579331115;1855.2223884167638;1.009702523634908;0.0221964229903425
z_p[2, 8];0.9208911415052846;0.5712564078877721;0.0092999122211522;3809.0814274531735;2649.738597567783;1.0010030161063865;0.07837480965766831
z_p[1, 9];-0.2560898982666424;0.14908969163715466;0.0043542393491827125;1185.8019492898807;1644.491461409035;1.00651482142048;0.024398796360052075
z_p[2, 9];1.369390479690849;0.5455881141162159;0.008382011721795583;4204.090144662855;2723.7629090088662;1.0004546825253038;0.08650242089782186
z_p[1, 10];1.3023336704569906;0.2574638152272674;0.010679611948026123;564.9665509126663;931.8803928684645;1.011886369895314;0.011624625709389338
z_p[2, 10];-0.4266493568793731;0.5989477997745777;0.010402892064413574;3315.806322945775;3059.1300347996016;1.0012416010184242;0.06822529115538654
z_p[1, 11];2.213548799560479;0.3907362736191972;0.01642287045420655;557.668191330321;1029.4883628710534;1.0090926897442851;0.011474456290863152
z_p[2, 11];-0.6156621734740185;0.6817427891666504;0.012369873254980025;3046.3678306859474;2424.53219974869;1.0019970052117149;0.06268138484949472
z_p[1, 12];0.7781924804831338;0.19239176812383027;0.007093801552607047;721.3062530925432;1433.3423812619317;1.0122594499129047;0.014841436542566266
z_p[2, 12];-0.6453441379633795;0.5652460957645037;0.009622266228645598;3484.99055626841;3002.5433951748946;1.0003681305680108;0.07170638819578398
z_p[1, 13];-0.4450903671489936;0.15671475132271892;0.004981483068424508;1019.453772023807;1498.9889924093861;1.0022979246016404;0.020976053376359622
z_p[2, 13];-0.5364939373860854;0.5729299217216252;0.008929443972658812;4134.363763181583;2850.526256762093;1.000303240400048;0.08506774642819086
z_p[1, 14];-0.3636171836107754;0.15292103423949616;0.004802830327694664;1044.2516839132056;1733.5095044237578;1.005040450124714;0.02148628967906285
z_p[2, 14];1.1560867082314212;0.5561814487700178;0.008968995501263826;3825.8219633651015;2768.458459126411;1.0003999593842723;0.07871925918983334
z_p[1, 15];-1.1234675406378696;0.22371346294463068;0.008807036596598239;649.3145909063404;1429.962156954509;1.0040552244437555;0.013360152162527329
z_p[2, 15];0.8138526380559444;0.5826306191526617;0.00934804197306348;3888.519089120274;2668.8027790102865;1.0026397972944479;0.08000930126184808
z_p[1, 16];0.9450881771676009;0.21168174466667633;0.007882744565488146;697.8371579092442;1410.5597151067202;1.010970623714141;0.01435854167595308
z_p[2, 16];0.8426722679994125;0.5889655248185077;0.008789797739150259;4457.462990423924;3049.164745953696;0.9999142148833359;0.09171576404554842
z_p[1, 17];0.5205011679085202;0.1677226106658903;0.005450168821879763;940.7105836311694;1737.9042592970784;1.0113778514408067;0.019355851099340494
z_p[2, 17];0.7619553554396715;0.5734494097370599;0.0088621939426974;4147.635644162404;3024.568119569209;1.0016330635610473;0.08534082569033899
z_p[1, 18];0.02224502091963501;0.14603085225053983;0.0041641454363606015;1234.9578925635262;1605.8768334015567;1.008389686600792;0.025410218082320437
z_p[2, 18];-0.5526792525777942;0.5633985702726595;0.009590081729970053;3444.5214828703843;2654.2014006647582;1.0003928351709708;0.07087370557006412
z_p[1, 19];1.0291620837183526;0.22018837211740244;0.008382246070564632;669.3753024080357;1181.1005512216295;1.0110895711253822;0.013772916886907087
z_p[2, 19];0.9142977632530983;0.5773441866848332;0.009318668756005238;3835.2865063030945;2721.646260936599;1.0003553020110691;0.0789139995138169
z_p[1, 20];-0.48743025433803777;0.16312999840657588;0.005165206576201084;1024.8582948811063;1602.8706420294243;1.0026967339418609;0.021087255632940036
z_p[2, 20];-0.8082909435278601;0.5600779527267439;0.010478938024441664;2885.3400269196545;2732.7795546159246;1.0007175946455018;0.05936811268397583
z_p[1, 21];-0.9934064752816644;0.2114327830801452;0.007981544286567464;707.4359841120548;1768.5839451125019;1.0028667678199912;0.01455604498243538
z_p[2, 21];0.22369513873207517;0.5562820448796841;0.008993243396517251;3819.967406632035;3038.924642732618;1.000219837540491;0.07859879713662622
z_p[1, 22];-0.9760317104553041;0.2074274035514663;0.007988263791677035;680.383772931966;1358.438250599464;1.0020921882920306;0.013999424720453707
z_p[2, 22];0.12382456997773379;0.5725267910340669;0.009502465129612517;3653.5775517348925;2873.8364783405536;1.0012829845212217;0.07517519660329504
z_p[1, 23];-1.2391985403192343;0.2399765567885058;0.009455278676201904;647.0200786785256;1268.739099042926;1.0020702628167748;0.013312940790825983
z_p[2, 23];-0.028321126409581877;0.5813062401539046;0.010924220801568399;2855.470024428262;2412.6036049431095;1.0003836586703883;0.0587535141766128
σ;0.9751386787130714;0.003646271666746896;5.021203985462206e-5;5278.360223576812;2586.180798217009;1.0003974274571408;0.10860636237541443
