parameters;mean;std;mcse;ess_bulk;ess_tail;rhat;ess_per_sec
σ_aw;0.043162999847219254;0.013412770466270825;0.00033258933128026217;1611.8388399841199;2388.4659529669207;0.9998501281229979;0.03813955665251418
a_ws[1];0.6277345735007596;0.5840263227626518;0.012305701032884944;2253.5953550985837;2746.7436435140717;1.000802409699749;0.05332488930374209
a_ws[2];0.7284574444544798;0.539654088555543;0.011754510872024383;2087.1576173081726;2491.787721856261;1.0006100967176201;0.04938661621334042
a_ws[3];0.43128077093572575;0.5976110577742546;0.01199801911958206;2490.7512401809404;2651.4102789052918;1.0012031634277936;0.05893650511184905
a_ws[4];-0.11894504729045247;0.5361402954494225;0.010930958202598231;2407.588406306003;2964.8895930439908;0.9997286460171886;0.056968694475155346
a_ws[5];-1.760979801901423;0.5989261360834456;0.014862965024835747;1585.487406526938;1746.4880870413947;1.0004035762930152;0.037516025338909
a_ws[6];-0.14929488607761973;0.48412852490071157;0.010843978554650035;1996.5651776590535;2282.0855370964546;1.0003460825086974;0.047243005202998296
a_ws[7];-0.4411933372848811;0.6063692998529547;0.011606382178361924;2730.3217493327147;2831.412612818873;1.0010670293257729;0.0646052560932783
a_ws[8];0.46732895796297363;0.42203895375943856;0.011276078200929192;1391.2869557992556;2264.4165603875913;1.001540979444338;0.032920827041947
a_ws[9];1.1013674256586006;0.5786410193844869;0.012514658815802777;2115.006181241921;2515.0127398564005;1.0003064645963544;0.050045572838217894
a_ws[10];-0.6296778418521376;0.7088575817960129;0.012114785166585299;3418.1745495958007;2798.313635145697;0.9998264373577156;0.08088132550756476
a_ws[11];-0.21812114009308248;0.7001039908567525;0.01203793087789462;3372.675923632471;2881.065396449144;1.002326305964715;0.07980473063995562
σ_bw;0.022546655474097385;0.011321508836285537;0.00034364741437378234;915.7073021001696;885.578321029516;1.002475848376976;0.021667594587753216
b_ws[1];0.11585727357513724;0.7523423758642889;0.011582392045970854;4204.865884263619;2576.5166228667313;1.0003385187750813;0.09949612618261292
b_ws[2];0.5817169877355596;0.7574730104239988;0.011227101116200911;4532.4885648824165;2971.469682463194;1.0016222316200276;0.10724837999244934
b_ws[3];0.1654905182890741;0.8737825862738933;0.014453549738671202;3652.1385875281485;3080.658754205253;1.0013039942317115;0.08641741538083005
b_ws[4];-0.06022598768034755;0.7571021552336735;0.01150105436747991;4316.024518880725;3360.716149867324;1.0013098062217345;0.10212637738219128
b_ws[5];-1.2293311564449891;0.6184573639780895;0.013105504373815177;2207.8402465450617;1960.4887178829442;1.0016053599638899;0.05224222550911844
b_ws[6];0.3260086920871779;0.7901119403994313;0.011177853472160111;5016.12128704621;2920.9988139486804;1.000085027471921;0.1186921652819001
b_ws[7];-0.40921163446135456;0.7932991658835619;0.012753216298451544;3913.8924322860585;2782.0366576655597;1.0008713348834621;0.09261107156003967
b_ws[8];0.08167405969823002;0.5574852706045028;0.010016513696765985;3147.5810029553377;2464.4794540784756;1.000185800836669;0.07447850306285908
b_ws[9];0.9365177319379133;0.8344583809100952;0.015027140322783163;3144.6018858918005;2287.6797966505483;1.0010865172080656;0.07440801077715367
b_ws[10];0.33360340908117636;0.9418527138167064;0.013565254526047763;4830.59395362539;3190.6250292171167;1.001163772933988;0.11430219150284476
b_ws[11];0.17833854429977905;0.8996350020636894;0.014479001697175515;3870.9233105082903;2923.964670701552;1.0007958686746032;0.09159433017517013
σ_ap;0.2443053476729624;0.040053643619347976;0.0017808474668299012;482.9857221868577;839.1707689455791;1.0071747960361102;0.01142847588527065
a_ps[1];-0.41065346717595325;0.132572784388241;0.0041930288647552055;1032.9390840799524;1670.5970156347641;1.0013776605683298;0.024441549451837002
a_ps[2];-0.905517082869551;0.18276520788863795;0.007350791329692848;629.7585442208926;1326.746720771645;1.005200723117091;0.01490143498152348
a_ps[3];-0.5486335829771939;0.14534491181232315;0.004866961461111057;913.4384803863485;1528.4930427803592;1.0042729434087885;0.02161390941021426
a_ps[4];-0.5531704734473529;0.14659107032575922;0.005024075216463966;868.2378336841235;1591.1427210138797;1.002070894024886;0.020544365369665654
a_ps[5];-0.5329123734074336;0.14533932323288534;0.004661856247709821;989.531159775326;1440.5348078421725;1.002331149445873;0.023414425060045662
a_ps[6];-0.6369248946575261;0.15530934121767023;0.005606032769645723;790.4652368818996;1503.9327306392827;1.0028225164918492;0.018704099278434857
a_ps[7];-0.2911371549143058;0.12421724339736369;0.0033576629178390695;1387.3285088503253;2130.1805306568167;1.001545443070498;0.03282716171516645
a_ps[8];1.3111374629292567;0.2296443849543043;0.009128085213401738;634.085574199829;1267.8971640962327;1.0046501108417285;0.015003821771644754
a_ps[9];0.1741561269416496;0.11782221174825576;0.0024709023223267405;2277.2055595135957;2298.474152742173;1.0004614879769238;0.0538835572713614
a_ps[10];-0.1101199012008887;0.11623453242984289;0.0025408725415788074;2122.654781222835;2118.6756989298674;1.0002674720180242;0.050226555083494585
a_ps[11];0.9626565591945345;0.1837270964778031;0.006748306701141649;745.1544608083431;1541.6824329310246;1.0046903849280193;0.017631949341258866
a_ps[12];1.6824225558811987;0.28041123691464903;0.011601923649862362;586.6911251345886;1113.8457172141595;1.006585738389921;0.01388236767195558
a_ps[13];-0.3385179144095465;0.12644889755815425;0.0037181366151958543;1200.4493138254102;1658.2904862942125;1.0018780848072608;0.02840519999726963
a_ps[14];0.992197874674584;0.19071415682068066;0.006952266720867161;762.9590250433107;1396.8901238048043;1.004319585382211;0.01805324343683952
a_ps[15];-0.45024659188217414;0.13638719818496403;0.0040849618252342835;1138.850177597803;1733.5593079855175;1.001125394152576;0.02694763259808603
a_ps[16];-0.05695149086541283;0.11626990780739832;0.002418058187290554;2352.7058668628174;2273.7368453732433;1.0001630583006142;0.05567005613092247
a_ps[17];-1.4718431780420385;0.25561650894860916;0.011108938649962876;535.3290249900498;1363.44128504449;1.0057077724612273;0.01266703045606243
a_ps[18];-0.26490096721777834;0.12234814231791133;0.003183687872710168;1520.7664860662471;1826.4555966452751;1.0008529151775032;0.03598458984344861
a_ps[19];2.767547611561912;0.44039509718617087;0.01920405745797882;528.1098416741052;1045.4828834251534;1.0065185513725379;0.012496209128127394
a_ps[20];0.37466381498506485;0.1303204087624263;0.003265272609856394;1615.0987710559673;2415.5246054815666;1.001287515052294;0.0382166935986615
a_ps[21];-0.43500185076941217;0.13522160236183814;0.004246041163829393;1039.0567038154868;1687.7814205311117;1.0029725887297747;0.02458630542786513
a_ps[22];-1.0389034522982825;0.19922735080745368;0.008086582063620043;605.541986435336;1485.4266646915078;1.0051078375138347;0.014328419395424176
a_ps[23];0.22079610498725202;0.11931732201768448;0.002645976743472797;2052.205553568612;2467.4524053894784;1.000888839652492;0.04855957557996644
σ_bp;0.042550984727073894;0.008858075288703313;0.00022228902835370274;1618.4465559784646;2307.124491649746;1.0004904437864157;0.038295909354942245
b_ps[1];0.4335700087801947;0.5225111603552784;0.007414529517502252;4981.728314972761;3111.0263715487204;1.0001337424553978;0.11787835395392851
b_ps[2];1.1168888969230943;0.5336858223587321;0.00791465842463579;4614.1652214800915;2693.9886992984584;0.9998532574583832;0.1091810244940086
b_ps[3];1.1737326328405062;0.5261995228154162;0.007523104519194112;4937.205066183276;2820.925132907963;1.0013047253726015;0.11682483859777959
b_ps[4];-0.540183797291503;0.5062080253518547;0.008070330722210483;3942.971021953864;2739.460199920653;1.0029662779023807;0.09329913322631729
b_ps[5];-0.4277385515437218;0.5290840376293192;0.007983000896246964;4416.939000023347;2877.3030148053667;1.0009908134167553;0.1045142299857655
b_ps[6];-0.9712712818956203;0.5287610583274129;0.00829074975682084;4084.1422329080387;2682.039764304904;1.0008503721924447;0.0966395462157101
b_ps[7];0.7248644446065646;0.5124061822917249;0.007017684753666023;5367.110901396683;2852.9032372886095;1.0003359707036394;0.12699733075433398
b_ps[8];-0.8524646714330208;0.5293062674879397;0.008007663981397108;4341.290736117438;2872.718529143922;1.0014814643686714;0.10272423015741282
b_ps[9];-1.3567108627932134;0.5224647074612612;0.008479469226209615;3850.435158196025;2931.778458528369;1.0005109330440423;0.09110953664219713
b_ps[10];-0.13984595529136037;0.494935360833292;0.006533229267125117;5736.3851638002425;3029.1331953195645;1.0002064728997222;0.13573515013297277
b_ps[11];-0.03210759053508173;0.5046935649947367;0.007662404504801041;4273.079858542306;2947.557486811075;1.0007162422391278;0.10111021480732975
b_ps[12];-1.6422092110147675;0.531650394580932;0.00873134974172704;3770.557170444898;2953.235564910222;1.0004752718784442;0.08921945249510402
b_ps[13];0.3310280919271903;0.5172479438949582;0.007514491360970954;4759.652921833484;2688.050404012368;1.0003135969018202;0.1126235748608473
b_ps[14];-0.8391155657718318;0.534234462647154;0.008505082940057898;3966.8969988376193;2654.883086342426;1.0021365430275364;0.09386527304637135
b_ps[15];0.9047057421222493;0.5109323568757765;0.007590326151914579;4571.931396163488;2557.8868756443703;1.0001246709310536;0.1081816817971104
b_ps[16];0.3710734985273841;0.5155849886101458;0.007451981248521418;4769.564251421679;2858.8331894727926;1.0001670067758541;0.11285809813138373
b_ps[17];1.6139043315491062;0.5407329893450965;0.008087858137916596;4538.64794424453;2994.1773398989635;1.0005319533554775;0.10739412409061733
b_ps[18];0.4974658609215804;0.5156313539379432;0.007473231947346264;4791.375043635259;2596.3523055669407;1.0000136235126686;0.11337418815516939
b_ps[19];-0.31890703890170113;0.5135207987331767;0.007678425455060184;4500.248082706721;2960.101668583462;1.0006576221916121;0.10648550118227224
b_ps[20];0.6355983094817719;0.5042474931572039;0.007387149082582058;4630.675872189456;3075.661401633824;1.000969609154208;0.10957170182630682
b_ps[21];0.8532636632633646;0.5138415675318933;0.006871823437331575;5567.641705714221;2748.6890370228807;1.0000692620124372;0.13174231876561573
b_ps[22];0.5303361221765255;0.5214303344756445;0.007931385841697482;4336.362501442869;2626.441030619538;1.0017418497872068;0.10260761757747928
b_ps[23];-0.031960117546926355;0.5117038426865331;0.007355737803673352;4825.231349403079;2958.5572367372306;1.000985661370165;0.11417530080976289
σ;0.973315633687145;0.0034905832824790946;4.354737801575531e-5;6408.78107857666;2412.8598274198243;1.0012491549776215;0.1516454765554251
