parameters;mean;std;mcse;ess_bulk;ess_tail;rhat;ess_per_sec
σ_aw;0.03141642457471525;0.010881704540044607;0.0002610419728240466;1734.5378986068838;2324.904565548886;1.0008170490881276;0.03478543139363585
a_ws[1];0.3631493175166954;0.7064326840488063;0.013452260372498906;2767.830225984029;2701.775250990483;1.0008310785979062;0.05550767643216542
a_ws[2];-0.8149808102795576;0.6532854914444711;0.012112766587074277;2837.2702955970117;2785.0945405893744;1.000675924653112;0.05690026795722333
a_ws[3];-0.02939332565854705;0.6986317332919272;0.0127901652330344;2967.2208562203245;3110.9227032074505;1.00115853075486;0.05950637204682401
a_ws[4];0.5867346030619094;0.6388078257050899;0.011594737878883245;3030.5423192529056;2907.174548048439;1.0008929833614968;0.0607762574784618
a_ws[5];1.589844465206226;0.6067414182266616;0.01436543045795808;1740.125025183802;2272.5219699496715;1.0007474779950514;0.034897478878089805
a_ws[6];-1.1365824390497619;0.6156280722472923;0.011681816433812752;2751.1406051700155;2690.139812860405;1.001505111264533;0.05517297307383699
a_ws[7];-0.13253252592027612;0.7026146018996904;0.011662975632188573;3607.7432849544584;2962.5017895867077;1.0005757088946967;0.07235178120087672
a_ws[8];0.133180220586286;0.4917042458721461;0.012676916010202639;1508.2840880908577;2270.154625315999;1.0048127092215426;0.030248005944716536
a_ws[9];-0.2665858706248107;0.6435614445155701;0.011815604408083845;2984.975694336288;2664.5086936757316;1.0008506976371065;0.059862437892190666
a_ws[10];-0.01311200599028782;0.8228512411584665;0.013268068615776887;3863.8385599352246;2388.2409487948457;1.000445863516852;0.0774876647265308
a_ws[11];-0.35157274655041837;0.7779921132058556;0.0114836398056945;4581.258118345611;2790.3026833918043;1.0001567635814725;0.09187521362331799
σ_bw;0.022403301175520578;0.013491204216406212;0.0004769072715027356;731.5805118640276;725.6194436571552;1.0035510125213025;0.014671540889827944
b_ws[1];0.2910955561099701;0.7567976556801961;0.013162882300995197;3307.0574254051135;2679.9653513881;1.0006174802352483;0.0663216521695129
b_ws[2];0.08843242546332665;0.7781737775256116;0.012506839213297228;3986.0268662173066;2698.1769975267066;0.9994952781621494;0.07993810005497977
b_ws[3];-0.22485628643907618;0.8965380963059053;0.01280153007926077;4837.722228503807;2851.5548309977894;0.9999700224019951;0.09701849398404287
b_ws[4];0.1170066624584196;0.7781645764186716;0.012706177438972894;3740.08404022552;2950.414580121878;1.0015815742796177;0.07500581964348489
b_ws[5];1.229673248011259;0.6326864609612284;0.014689925864227725;2111.387001410475;1276.8840505189323;1.0010821216824521;0.04234298238278178
b_ws[6];-0.05316071749040787;0.7994864689751263;0.01238607209685552;4192.059018388998;2971.1704061675164;1.0001944285417967;0.0840699886115848
b_ws[7];-0.12056751470146773;0.8028533418508385;0.012422497299580193;4177.012345055158;2603.9426912180847;1.0021243230205783;0.08376823387715258
b_ws[8];0.35283460916294;0.6329604656410341;0.0139610021185174;2438.1076495681987;1499.5844948795093;1.0012285691125007;0.048895228200242884
b_ws[9];0.6646835525569665;0.839364807394306;0.013461954412577895;4038.607581044601;2438.5107322594854;1.0003898888687313;0.08099258427796631
b_ws[10];0.7936024375211925;0.937650689643172;0.017185555060916152;2982.1715266743768;2639.887387764873;1.000225938457236;0.059806201483693616
b_ws[11];-0.23788818012656862;0.861408008296825;0.012058251933351258;5099.854472974335;3212.2742916209427;1.0006766818388058;0.10227544640544162
σ_ap;0.2418021401308821;0.03914179115466543;0.0020721753311076837;354.4219344020728;683.047138409888;1.0093852948339939;0.00710778351596986
a_ps[1];0.538736004263113;0.13729079216226986;0.004906531565882723;788.8463975194561;1773.8618770320106;1.0052575075812742;0.01581998425232963
a_ps[2];0.4995558398700393;0.1321708412143517;0.004553803916513412;832.4563375570293;2009.7389899099235;1.0059642569912113;0.016694563342516112
a_ps[3];0.9810271388472204;0.1840575587020598;0.008085402969206745;508.6984823564135;1093.2867442921506;1.0070047227840224;0.010201735097438864
a_ps[4];0.4805168865744191;0.13269222176361872;0.004350682042256056;924.1578025596373;2026.037233282096;1.0040718724280742;0.018533597832397313
a_ps[5];0.5369980238903882;0.13656707886708086;0.00497018267803513;730.6891024127314;1664.8368532029328;1.0043508509657295;0.014653664046470062
a_ps[6];0.27202108685196036;0.11847347218442618;0.003021863202234648;1570.1287608099972;1909.6436146968479;1.002107805471767;0.03148827496487535
a_ps[7];0.8487040652079009;0.16787380719937656;0.007221724856093078;533.4264698130768;1132.6036754890151;1.0054458121496173;0.010697644533529772
a_ps[8];-1.933566362039191;0.31336019924239095;0.016011626546902344;385.9153213998665;639.6943470839759;1.0062076335405263;0.0077393702075289495
a_ps[9];-0.02081072700254687;0.10883055569689064;0.002001809319529576;2950.987255794368;2401.36053009756;1.0008041047707301;0.05918081398646549
a_ps[10];0.09622380058353315;0.11152160353534174;0.0021894536647108845;2618.855622510271;2362.8537555033126;1.0015273199878643;0.05252005312759962
a_ps[11];-0.5518457980844756;0.14039950881648763;0.004869357443017527;902.3256197565036;958.051237067872;1.0019148814784615;0.018095762546306602
a_ps[12];-1.951044288982065;0.31297483085695704;0.015381682811596891;414.94840503844085;696.0487459407058;1.0037688056341143;0.008321616545222957
a_ps[13];-0.7337638100790361;0.15783059177519076;0.005850032094065338;747.6583584952635;1120.2078417450805;1.0012712678718052;0.01499397537303955
a_ps[14];-2.221349029776822;0.35154099831741076;0.01789858126325278;387.79278033278825;704.90016839474;1.0047538694240004;0.0077770218604319916
a_ps[15];0.30576554712359516;0.1198200227310271;0.0032075833506073253;1406.7984920723397;2140.760641839421;1.003133401982661;0.028212754803430003
a_ps[16];0.6754999912709364;0.14965538181203428;0.005959630567073145;618.225123828056;1122.1749067364137;1.0053105957906665;0.01239824603891046
a_ps[17];0.5371294017997927;0.13475835502384248;0.00456097648441031;856.4813191350433;1921.9422588057066;1.0045260906816964;0.01717637429002357
a_ps[18];0.08410040496779653;0.11197123146495425;0.0022712160686063076;2445.498287293496;2605.0785791528706;1.0034156986607612;0.04904344434573906
a_ps[19];-1.5607289291546804;0.26030625018037123;0.012590328401772157;429.27568504242885;793.5841495070753;1.0046817672656523;0.008608944147598448
a_ps[20];0.15670527839340478;0.11411432254592818;0.002359185760565338;2376.995148505136;2685.217608928748;1.0012668016958883;0.047669642576123605
a_ps[21];1.095662358700333;0.19761054927112745;0.008983789251604967;478.98151523519977;1064.1132921175663;1.0052102829567047;0.009605773762807805
a_ps[22];0.6730334829343267;0.14923211288203722;0.005611952802732498;692.9716086694029;1514.290150765471;1.0040744589172814;0.013897255499846661
a_ps[23];0.09497721285750105;0.10867369929102087;0.0020468980087623096;2841.712375181577;2663.5976618096915;1.000521573538997;0.056989352003618675
σ_bp;0.053288591192384153;0.010880313220507209;0.00033805920342291885;1021.7306648391229;1891.492857965956;1.0027796976317964;0.02049038073661045
b_ps[1];1.212856898861036;0.46556208183274445;0.007777391357930671;3618.1211418357425;2691.116560230699;1.0004048303596809;0.07255990477594927
b_ps[2];1.3927555935692078;0.46231321781280255;0.007079602639664878;4317.406425916972;2789.8431323382333;1.0001904988279942;0.08658377839296487
b_ps[3];-1.7477973791826584;0.5352601877518786;0.013755628229487506;1592.902947249319;1967.1924980606227;1.001484153785111;0.03194500173952073
b_ps[4];1.126223635114496;0.4469163422239499;0.007927413703986448;3192.3613280919167;2471.548232124361;1.001324012618279;0.06402146995532755
b_ps[5];0.6617544920019202;0.4371449044169994;0.007595601646917376;3319.0874168527876;2456.1956472693446;1.001592551110364;0.06656290861164957
b_ps[6];-1.2241178787331577;0.49861198023260733;0.01150376821225615;1941.2319443142594;2420.2033738595787;1.0003257973731097;0.03893059394799782
b_ps[7];0.5540140831506671;0.4458752882003971;0.0072322126251140135;3792.553590838393;2721.8448583177246;0.9997113059698697;0.07605807451469003
b_ps[8];0.13220854247456723;0.45492960660802473;0.009471458174304552;2532.37412685323;1738.7635550237167;1.0019611900561394;0.05078570293760771
b_ps[9];0.7494142343479235;0.4424973784364056;0.007394131773831345;3585.2648291275855;2573.912196350402;1.0022276172793314;0.07190098517985662
b_ps[10];0.42621365251272336;0.447965218966049;0.007805081862799762;3350.8792179950083;2111.1935942372156;1.0010356129799804;0.06720047987394429
b_ps[11];0.03789590800916425;0.4485164714255654;0.007922537938909254;3284.765178986008;2454.7462492511368;1.0012040415820824;0.06587459050020915
b_ps[12];1.273607018991087;0.4425274918030434;0.007347671325538946;3664.163427924232;2716.4179949808804;1.0020322985620764;0.07348326354788712
b_ps[13];0.3260957304526585;0.4358291701802546;0.007615658039115634;3339.681710983357;2332.372711513614;1.0006597920707851;0.06697591855865312
b_ps[14];0.2546410798596142;0.4474325488205541;0.007998280894238706;3118.6400568305053;2153.524637038701;1.0002901561440707;0.0625430207235321
b_ps[15];-0.5222433416733238;0.445989158143786;0.009296174584755717;2369.762738532971;2297.7853893230877;1.0004699943342161;0.04752459962197458
b_ps[16];0.6909599545838773;0.44188557572154513;0.006984696719535932;3982.793668037836;2327.28459551233;1.001759730398378;0.07987325961906636
b_ps[17];-0.4918744265922891;0.44942707554652545;0.0088587046512358;2664.960289179193;2468.341094159515;1.0011153994260464;0.05344466291596246
b_ps[18];0.19799998510973943;0.4514591414706845;0.007604797938104379;3533.5259196308634;2271.3107883778216;0.9998374331342568;0.07086338301035357
b_ps[19];0.3759572737932575;0.44877635818389194;0.00770667224783135;3433.437184466673;2507.695427393904;1.0009200797798175;0.06885614532870588
b_ps[20];0.015231887939063974;0.4412260472978282;0.007406132353436508;3545.962295985052;2436.208686651599;1.000753657125757;0.07111278933165766
b_ps[21];1.1752045015588228;0.44335898238225;0.007445935982745916;3533.5491076205963;2827.887688371537;1.0018693300788606;0.07086384803578002
b_ps[22];1.5364423697677538;0.46224192458962815;0.007965421169527517;3420.829438667042;2793.5614846465896;1.0009346377006216;0.06860330226491713
b_ps[23];-0.17784365851740125;0.45464202942363674;0.0100862251092294;2121.9123383434166;2602.022568858326;1.0013900092982866;0.0425540636085479
σ;0.969589821339448;0.0034245342017470426;4.578030909280829e-5;5617.500352860771;2669.815963423851;1.0044086767513156;0.11265661781452416
