parameters;mean;std;mcse;ess_bulk;ess_tail;rhat;ess_per_sec
σ_aw;0.0647973584898278;0.01939710086066146;0.0005369338998253163;1340.4241307037591;1871.4466534744126;1.0034964902799608;0.026786958756974778
a_ws[1];1.0208393860008578;0.4942066745214841;0.01147838808920314;1826.6821945143467;2137.563011560316;1.0009892129215248;0.036504311945552446
a_ws[2];0.5787208105158479;0.4352473185916883;0.011027911854903231;1557.0160817238636;2123.0549108671876;1.003048564472946;0.031115319852669257
a_ws[3];-0.9770552075265149;0.5053354477557089;0.011551448337544509;1888.0322126683982;2821.755161140513;1.0015462210319317;0.03773032718087159
a_ws[4];-0.6595717953892124;0.47126641312073564;0.011755234391585254;1602.4251122522442;2317.641528590912;1.0047471513406556;0.0320227713078436
a_ws[5];1.7146468774691552;0.539096117142853;0.015003455196658048;1253.366509890518;1819.7939339099669;1.0028267087312155;0.02504720426823675
a_ws[6];-0.38450152568333434;0.39497511982100325;0.010542344043128536;1390.2092580396081;2570.4845510394643;1.0055912109984946;0.02778186187913504
a_ws[7];-0.780781808329886;0.4887824079555572;0.010965662267393667;1978.2663922265938;3042.0946716925027;1.0032698348500808;0.03953356183692467
a_ws[8];0.14425673016326368;0.32839665612676694;0.009789059998741712;1121.9923172978645;2328.2005316506416;1.006387093853064;0.02242182995715012
a_ws[9];0.4254934669862024;0.4420528553648324;0.010973634508899955;1610.2443525088302;2345.8705165912697;1.0035054608114946;0.032179030555544615
a_ws[10];-0.4800752217092464;0.586357947960559;0.011624657519446989;2595.1986686853816;2429.88149644788;1.0007855092333238;0.05186230097762609
a_ws[11];-0.8320484409362818;0.5824485722898655;0.0113025784634446;2643.3671923259276;2801.334937648191;0.9996696443458682;0.052824897984490055
σ_bw;0.023706523853463394;0.01276083490238445;0.00038455417374879146;988.199724672002;1070.240082792741;1.0039865490129165;0.019748126478851755
b_ws[1];-0.10092579383178671;0.7467157586804889;0.010647588135462393;4967.587487680552;2581.0500497026123;1.0057254606142634;0.0992719827300478
b_ws[2];-0.538239623560107;0.7685384911717154;0.010716657106739906;5136.969074886013;2748.3404995073224;1.0008585992809973;0.10265689462974736
b_ws[3];-0.021660182269728965;0.9074678848728447;0.013013971871244019;4890.653323210882;2778.429955129811;1.000580298014273;0.09773453481080646
b_ws[4];0.7151423460687325;0.8193930951678918;0.013429792457382883;3733.658346385923;2622.2065446676265;1.003914095856292;0.07461321371823158
b_ws[5];0.402415333942786;0.5469060177525837;0.010547963573039087;2787.7615661847362;2029.0979612765425;1.0006090998497135;0.05571046684937192
b_ws[6];0.35936741581051357;0.8049251795342727;0.01176934474307706;4719.239191606902;2881.7527573990997;1.0000047358201682;0.09430900466071306
b_ws[7];0.046742345981132576;0.8315943283051402;0.011828415042747396;4934.644095424686;2979.9394268852184;1.000435621738687;0.0986136438733686
b_ws[8];1.1579882771210834;0.6184809691458951;0.012635378653125334;2706.113604601642;1776.2352711074907;1.0009032583470707;0.05407881867964737
b_ws[9];0.6242959370070946;0.8161621570679537;0.011640036160841055;5166.629354151097;2169.875584832346;1.0014351258069194;0.1032496239451895
b_ws[10];0.5301008606943238;0.9567755243186412;0.01408564698964626;4703.73157787855;3136.1676308991996;1.0027249082757639;0.09399910139961437
b_ws[11];-0.07283022448508113;0.8722485396722834;0.011448534546616481;5794.604511510559;3149.3843491383054;1.0013290753999036;0.11579904338287217
σ_ap;0.2169674850978688;0.033983311554544815;0.0012792046919380571;702.2625289976147;1336.74515188609;1.0034388118034545;0.01403397400116288
a_ps[1];0.1866663528790516;0.14408623959859065;0.003564020524259988;1660.939518456628;2075.649886619807;1.0020388245247387;0.033192119837001134
a_ps[2];-0.841410899205303;0.18348594227249934;0.005584899263405177;1078.6161293317343;1920.552770182626;1.0025365194360332;0.02155500271085646
a_ps[3];-1.98795428398321;0.31726860328369766;0.011545297468038842;750.5478748996596;1527.2072768691448;1.0034300836002878;0.014998905577383653
a_ps[4];0.3896753085823448;0.1448067715925899;0.003949407887778515;1356.1869117066005;2225.3648130533106;1.0025177690317923;0.02710196126621538
a_ps[5];-0.5660032054603097;0.16178557690312506;0.0044677267367684015;1317.247213452344;2112.8141631140584;1.0012593383261728;0.02632379257523683
a_ps[6];-0.4193492347407075;0.1566999056065072;0.004363865082652237;1297.3789647212923;2005.5588182405656;1.001850825546325;0.025926746634969716
a_ps[7];0.4779246279963764;0.15893621599111096;0.004478155753061107;1283.3129764388452;1765.8748041823703;1.0031679852840285;0.025645652733892167
a_ps[8];0.39327154801206216;0.1531690409962887;0.0040612347777348205;1452.1414565879113;1411.8754994918647;1.0032877143352632;0.029019511373979005
a_ps[9];-0.2469870384712172;0.14293988880964553;0.0035499982578399004;1629.8451782325994;2341.6716251884;1.0025268764341768;0.03257073232981034
a_ps[10];1.321424458445752;0.2376717084025384;0.007883532927448873;906.9254257959508;1687.5385624487924;1.0038841024610878;0.01812394556318009
a_ps[11];2.237955089638222;0.35948671973885515;0.012886522681808074;780.5728304030805;1466.5558106649898;1.0040620244051703;0.015598922561804748
a_ps[12];0.7901196382065856;0.18212012617060805;0.005376190894842668;1156.710208329042;1808.213297872418;1.0026413912268446;0.02311563029532594
a_ps[13];-0.44413911437878434;0.1548173725466695;0.0042422874949047;1342.313509616125;1918.127653427077;1.0034282782157342;0.026824715996524973
a_ps[14];-0.35739910719245094;0.14727117631340894;0.0038675359243327636;1462.6196288284714;1980.1698695148934;1.0022962159448443;0.029228906565565864
a_ps[15];-1.12706001536514;0.21322306624230686;0.007087737049570298;896.6874644248613;1676.9446559438904;1.00264790358884;0.017919350731797214
a_ps[16];0.9620559428057918;0.20067035588503407;0.0061198636650297315;1078.5093525905704;2101.4587918095353;1.0034267282741585;0.021552868890600433
a_ps[17];0.5326287316314465;0.15967939060253236;0.00449729854187004;1272.257241882152;1868.9833915787838;1.003365876125059;0.02542471557018808
a_ps[18];0.025363199925889642;0.13918262322170255;0.003560223166928412;1529.1831552780134;2021.260591429527;1.0035507286690117;0.030559108250898505
a_ps[19];1.0522142313271898;0.21008802725241882;0.006744396771559107;980.4976918532393;1809.0208841517046;1.003900367959175;0.019594209497849076
a_ps[20];-0.4900590850691588;0.15841042113484388;0.004267384419346594;1384.1702802517452;2412.7526866014473;1.0021155881178838;0.02766117929424839
a_ps[21];-0.9937418165160122;0.1994201968877051;0.006606937150451168;906.0822006086183;1866.286770732386;1.0027007620339732;0.01810709459951976
a_ps[22];-0.9815732922407171;0.19990664060783184;0.006448439085956244;953.9721390849991;1837.8106996427036;1.0027951443390914;0.01906412437648099
a_ps[23];-1.2433668917371719;0.22844104578103547;0.00790943627204482;828.4524020555433;1782.3279261627806;1.004601639190989;0.01655574516875287
σ_bp;0.04143851461823024;0.009578440927953822;0.0002855755526610143;1137.221734875871;1728.3055999986204;1.0006432405158348;0.022726173762375877
b_ps[1];0.36903677522203304;0.5235910201139539;0.008072135098304812;4181.977219104679;2797.177584715164;1.001065027473143;0.08357239229343795
b_ps[2];1.4226227727545298;0.529553626435342;0.00739624275013985;5131.962274094628;2621.2864220679667;0.9997339915344827;0.10255683901061076
b_ps[3];-0.5360761892358367;0.551980156830798;0.008882831692069151;3945.6753696839946;2705.566831342219;1.001815398132626;0.07885014972137577
b_ps[4];0.5178880219427454;0.52779102444803;0.007520611781819379;4926.304250839972;2734.064504695347;1.000479384093667;0.09844698089870771
b_ps[5];-0.2747506223472309;0.531937244435013;0.007889892853663311;4563.045639021614;2846.115983980452;1.0023248650716756;0.09118764168658428
b_ps[6];1.6944064047589087;0.5516817953589949;0.0077031081835999445;5180.052671957047;2899.075909380182;1.0000084259619333;0.10351787475641666
b_ps[7];-0.06188249558126334;0.5245770194743632;0.007830433370120625;4536.3552126546;2756.136652629228;1.0026254399480643;0.09065426174069811
b_ps[8];0.8412781061023481;0.5335906575611012;0.008067424698617279;4384.582478310364;2502.41082091894;1.000530154387049;0.08762124414411261
b_ps[9];1.384469220164517;0.5431131866323976;0.007352388848229569;5470.218793853334;3015.2884140751466;1.0008984447448626;0.1093165378525714
b_ps[10];-0.6154205024430209;0.526494295021288;0.008523537155136986;3915.171400056163;2798.8400490701606;1.0008227483320447;0.07824056014623455
b_ps[11];-0.9603489690833403;0.5659584306570087;0.010985329169998219;2727.205471237557;2586.479424698256;1.0020375956389307;0.05450031732977032
b_ps[12];-0.7649684819012206;0.5715874152905636;0.010117154141467327;3279.160155898748;2713.0390090719134;1.0014466462935068;0.06553054801203634
b_ps[13];-0.44994561922552034;0.5358995215072044;0.009055957826862904;3610.7293747870904;2411.0672872435634;1.0003889665233134;0.07215660821790655
b_ps[14];1.1855742507038707;0.5276287085810991;0.007934035401155025;4487.45333552176;2880.8228027500404;1.0063688374721984;0.08967700943981012
b_ps[15];0.9848185380071622;0.5331170298589849;0.007878491829278567;4593.325190035188;2986.2470227633726;1.0018617410755661;0.09179274649304167
b_ps[16];0.6640091081875312;0.5304451179430638;0.008076868876531043;4358.3136984847215;2762.636355856785;1.0013904198781862;0.0870962903584656
b_ps[17];0.6790314484562338;0.5274448269870382;0.007576284977983656;4836.470290425457;2728.627911455094;0.9999664060420412;0.09665174419901036
b_ps[18];-0.5348413497259058;0.5319775190018274;0.008876022471907576;3624.200884540383;2767.598870214367;1.0014376860758343;0.07242582209423849
b_ps[19];0.7286359791253569;0.5261376224346851;0.008149307074873017;4173.596192327877;2631.257808576892;1.0004794298371613;0.08340490633621828
b_ps[20];-0.7189778317443509;0.5604578634220067;0.00964454837261435;3462.7895435163296;2713.1668728161185;1.0005971844579162;0.0692001871359591
b_ps[21];0.3807054075840619;0.523911102495367;0.0077221635666444265;4586.439027181454;2849.159382175879;1.0006201293886985;0.09165513381050966
b_ps[22];0.2700389764653728;0.5271927101253844;0.007660349641160592;4734.619188185996;2512.1605791186953;1.0004041508265724;0.09461635762803863
b_ps[23];0.16264881026528777;0.534891088805455;0.008825534869090672;3709.0249486758466;2604.257317644031;1.0003979138651324;0.0741209413147517
σ;0.9752219605301048;0.00355413107950763;5.149609401549514e-5;4800.610782238791;2641.630702398839;0.9995558504440423;0.09593512984923937
