parameters;mean;std;mcse;ess_bulk;ess_tail;rhat;ess_per_sec
σ_aw;0.030832800566294227;0.01141603432350181;0.00027852819400542273;1604.280759855589;2053.586442709596;1.004426987821111;0.04485685533695021
a_ws[1];0.10032745125322126;0.6972856956166632;0.011103471406061076;4026.6507583646744;2347.6562992934437;1.0005175817650196;0.11258808001701899
a_ws[2];-0.4230100022444308;0.6295589043916173;0.009959022965969589;3983.1855595829984;2945.37977169414;1.0003776651667131;0.11137276148753857
a_ws[3];-0.45431436354677834;0.6881897904986395;0.01058605047253946;4228.450925614291;3071.107072249979;1.0000282487438068;0.1182305592736444
a_ws[4];-0.4009795747799578;0.609356166636703;0.010483769520023023;3382.1361442515376;2654.2650562673693;1.0003705955067246;0.09456698325436398
a_ws[5];1.6602985245116928;0.6108521534775044;0.013461499977470839;2031.8295285764382;2421.765688392582;1.0027531545546138;0.05681142946631189
a_ws[6];-0.190518747515592;0.5639047247456459;0.01079611017815833;2731.105704589086;2814.8616719716597;1.001490382715193;0.07636369927649066
a_ws[7];0.6052455712331372;0.6923537542471365;0.010306781546083168;4482.324718387154;2879.9561618301923;1.0023201086938975;0.12532905492429364
a_ws[8];0.2229128171086519;0.4833868161003887;0.009949019355219947;2366.1472422266247;2923.3873665537453;1.0015605324718135;0.06615919557623912
a_ws[9];-1.1585307408425665;0.6384889081315771;0.01133321221964322;3187.3420424112305;2678.8158772895918;1.0019925824110683;0.08912039867553481
a_ws[10];0.022476984262831724;0.7847076397185561;0.012559522522645868;3914.02721571736;2557.0681958242267;1.0003627232982777;0.10943904395894136
a_ws[11];-0.17765365813159684;0.7576505451109021;0.010938067287290567;4780.664524145322;3037.8781059472103;1.0002867175529226;0.13367085259651196
σ_bw;0.011418560438199133;0.010404356128910872;0.00032122413294890525;1192.300089918226;1457.0080511584868;1.0014181477904502;0.03333757655767741
b_ws[1];-0.009888742497477718;0.8505364532991808;0.012605340221132312;4593.847946937175;2516.252261188984;1.0015249870636274;0.1284473254009827
b_ws[2];0.2895577961727168;0.9214144446038768;0.012875438978763256;5130.286696197951;2988.8110976617227;1.0006585428915158;0.14344654247997526
b_ws[3];0.41988892231473074;0.9858145517135467;0.015139695231379946;4254.551185841227;2667.7544786882568;1.0014514328933188;0.11896034150787242
b_ws[4];0.18402241342307749;0.9275919735767899;0.013049301148517592;5087.30320826603;2718.9468744202045;1.0006816150189994;0.1422446929357513
b_ws[5];-0.010720609736867913;0.8004513017225855;0.013331451898738507;3550.2513587538056;2700.825996390165;1.0012973605541056;0.09926760676464494
b_ws[6];-0.1567896603847542;0.9134527983152275;0.013385585419156335;4662.49558608387;2642.3779619060706;1.001900412858396;0.13036676325468086
b_ws[7];0.35333014940076496;0.9546853548313688;0.014165187870413884;4534.960824010213;2755.4995040424074;1.0003300033892837;0.12680079867047345
b_ws[8];-0.17261663385782097;0.8136385509613603;0.014284167460804482;3247.6955962773563;2710.7455041755907;0.9997797902175053;0.09080792788026537
b_ws[9];-0.04343746454705541;0.9486818619617184;0.011716734859671833;6550.843263826103;2886.9183882867396;1.00210341054126;0.18316633595165321
b_ws[10];0.5280167426527079;0.9940747916816107;0.01693888271406516;3447.3591301555375;2812.251850050588;1.0005905708367993;0.09639066531585241
b_ws[11];0.04208248416511275;0.9476421760236837;0.01252588876508738;5747.103445768494;2936.520995426759;0.9995196808594313;0.1606931868312946
σ_ap;0.21476241257021875;0.03431240532736514;0.001310210417458496;686.2427621156893;1204.8590508974294;1.0023263256081747;0.019187846090620415
a_ps[1];-1.0615620807388533;0.2011105229986494;0.006773452381606795;877.56596612054;1626.3126820475743;1.002163669472087;0.024537381844835865
a_ps[2];1.0877026763600395;0.20646922546974605;0.006628505270263146;957.2885684025888;1745.6548438908326;1.0017065449404452;0.026766483712250263
a_ps[3];-0.8709306973849196;0.18035881497327336;0.005391485623768295;1119.0620910901484;1802.4352947773023;1.0020480710054047;0.03128978891301694
a_ps[4];1.209986249996058;0.21823815273981947;0.007288707286703098;911.5451238029245;1518.8696170811347;1.0008834717068107;0.025487463774863717
a_ps[5];0.6986163457003717;0.1632905741551315;0.004481111026887307;1348.0694598247574;2157.208615712789;1.002608613266824;0.037693001285487616
a_ps[6];-2.8722219964792033;0.44549178757840535;0.016702246790471362;705.8265262258459;1329.229093786289;1.0016566186733258;0.019735422360076724
a_ps[7];0.037858052584118854;0.12197446315743109;0.002159913101411534;3196.496621732554;2813.3687335311924;1.0002577745737316;0.08937636736291357
a_ps[8];0.39239915832020905;0.13438320560116118;0.0029635209262716335;2039.0792828888134;2650.695753830034;1.000340913011358;0.05701413786284463
a_ps[9];-0.28766066968877585;0.1310483506922989;0.002640977900972777;2517.006277750663;2593.4908151165173;1.0009167695736052;0.0703773237880259
a_ps[10];-0.29320667897958363;0.13274779847313414;0.0028195079380165006;2270.4079752356474;2551.6988450245403;1.0012148335469737;0.06348225612963844
a_ps[11];0.549719611001538;0.1494980305947761;0.003979459839423716;1476.294501482859;1953.74948015098;1.0008490294248886;0.04127826658827017
a_ps[12];-0.2083914192096882;0.12862018197319153;0.0025943157301724588;2544.5262732233723;2317.1888052474487;1.002339583921052;0.07114680285096996
a_ps[13];0.36391597618521293;0.13841913457498065;0.0027988685004361287;2591.6978264911427;2593.35535304437;1.0007722416738092;0.07246575374404311
a_ps[14];-0.15041496822620834;0.128435630290208;0.0021304370688355633;3635.365328690772;2631.207613736111;1.0000736910370442;0.10164745518778487
a_ps[15];-1.0719057682966024;0.19987162750678195;0.006502956903845602;939.8399609675396;1729.8344804279975;1.0014028305047076;0.026278607974330365
a_ps[16];-0.5044147988445173;0.1453233189492241;0.003532508916267851;1744.6820095839714;2417.291240185312;1.000979960061415;0.04878257626173397
a_ps[17];0.05523608908445033;0.12491248109279021;0.0020957296337722185;3556.3565507359667;2666.9085804003425;1.000494180381931;0.0994383123670563
a_ps[18];-0.06832828078849015;0.12870123003527392;0.002285491413990504;3219.742661485415;2417.5407590394857;1.000717243220741;0.09002634351948416
a_ps[19];-0.6022533570592359;0.15125941256456163;0.0041652237228108685;1342.8760926374955;2165.266281524707;1.0012128288831412;0.03754779096665811
a_ps[20];0.7657340557175271;0.17275267992304164;0.004946991419751988;1257.6891605059443;1905.4283011211394;1.0011774058681535;0.03516590246756051
a_ps[21];2.136411056933313;0.34177970744393305;0.012228023528605253;783.217456428358;1403.2002890317451;1.001496642518203;0.021899328982505198
a_ps[22];0.28193215050519443;0.13528694198405647;0.0027398298035135383;2512.8633172399805;2385.9238053686236;1.000216556709875;0.0702614836028509
a_ps[23];-0.6353572771150748;0.15618708850147517;0.004537833188087959;1207.8713452225363;1960.771692005075;1.0016027049600904;0.03377296016638132
σ_bp;0.05619865237842927;0.011020503134449874;0.00031609330455587063;1230.0728571492225;1672.074781366754;1.0027290528882637;0.03439373056622491
b_ps[1];0.10969320763656694;0.39875000990128046;0.005956649247585395;4472.919333741021;2939.1233021888156;1.002014496883613;0.12506607353785731
b_ps[2];1.7547901498658867;0.4494378788556853;0.00803740841206665;3158.448666509203;2833.184428709341;1.0005312408532017;0.08831251889821326
b_ps[3];-0.30675715380229074;0.4057821553874208;0.005872712721317115;4981.633452184537;2759.5717679102927;1.00009315100387;0.13929008980103252
b_ps[4];0.20061130473709102;0.3973915528308127;0.005237577079813608;5748.14180565422;2887.459376361003;1.0025538586347331;0.16072222012792647
b_ps[5];0.9886040631737075;0.41774500707567386;0.006387958388924532;4260.025385307491;2822.830218535185;1.0020201334791607;0.1191134041012092
b_ps[6];0.8572265456517628;0.4266690585516954;0.006349727307409054;4600.284244401169;2453.555787992432;1.000289547080263;0.12862728895316913
b_ps[7];-0.10692417401597436;0.4045263046163316;0.005557680003638315;5507.3443693153695;3027.616933133923;1.0001245947835644;0.1539893489013635
b_ps[8];0.9614500828017224;0.41246104473592693;0.006740676811802851;3838.7389223385253;3105.611309971922;1.0012391383464603;0.10733392858938207
b_ps[9];-0.5687018824564313;0.41899970047845125;0.006164829806933972;4657.806634320439;2983.3645216142904;1.001688371683345;0.13023565675749074
b_ps[10];-0.9816255019066225;0.42147189967688287;0.00651973585359071;4271.15773962188;3065.4859869527886;1.0009107711270084;0.11942467281397813
b_ps[11];-1.3194427456772397;0.44738306571965636;0.008213987836234744;3096.180633101185;2527.0088568285073;1.001141049664568;0.08657145945488286
b_ps[12];0.3084805303319914;0.4050653245678108;0.005861907856162919;4749.574176468062;2776.418905452641;0.9999909336573931;0.13280154389255427
b_ps[13];0.4942070219969504;0.40508781469165306;0.005264501498392168;5875.326297989537;3058.8153402259477;1.0003578732890894;0.1642783909158267
b_ps[14];1.4418068278205085;0.428009184532986;0.007703586731058812;3165.204542044283;2516.035808923423;1.0010395624619426;0.08850141808539717
b_ps[15];0.7862360679814863;0.41790023425671546;0.006660122177906415;3910.0633493495984;2343.2124779353962;1.0002294707177788;0.1093282113760899
b_ps[16];-0.23904519463893378;0.41149650654604203;0.005866471347300477;4961.2730902515195;2592.842747765801;1.001967197028753;0.1387207992923565
b_ps[17];0.9036885705471138;0.4241797320242418;0.006432185025404593;4499.617599265007;2332.0670781743515;1.0007384862828803;0.12581257643456023
b_ps[18];-0.2284101711010087;0.4063221192082082;0.005931185751969321;4725.066267258683;2556.866742015109;1.0005447691154572;0.1321162849494032
b_ps[19];-0.651959829315514;0.4140537161553271;0.006685475778798259;3768.1979248538564;2656.4011061117667;1.0030458756888563;0.1053615510612873
b_ps[20];0.018782811196558568;0.40632877914004684;0.0056772940716250326;5190.376655951428;2569.6853422875115;1.0032828985000237;0.14512670140185097
b_ps[21];1.7462068358361849;0.4573075608992682;0.007870137959522926;3339.8110500987505;2842.748731746108;1.0006491553013408;0.09338354287843796
b_ps[22];0.6018830356418706;0.41446287481633676;0.005589988275699108;5626.9753653848575;2960.988279326829;0.9999433647497171;0.15733431844708526
b_ps[23];0.8578702802445826;0.41820551651695986;0.006194174510746557;4593.204549369213;2710.759508009194;1.0006915433071497;0.1284293355376418
σ;0.9800826173869311;0.0035826079417224832;4.8583819641661074e-5;5420.220359726328;2337.477840230698;1.0018166233730597;0.15155329830953163
