parameters;mean;std;mcse;ess_bulk;ess_tail;rhat;ess_per_sec
σ_aw;0.05818051108214973;0.016430476599696507;0.00046468650138285474;1161.1394954669051;1942.773003699787;1.0032178383343782;0.029980353878706553
a_ws[1];-0.32026338104982477;0.4992411289559454;0.012976457808018111;1468.074555922227;2328.5060623879162;1.0026512015393503;0.037905346324624965
a_ws[2];-0.5445145679703585;0.44804578224579;0.012317925889057448;1310.5921499630094;1856.8571723908926;1.0031237544425267;0.03383918693657576
a_ws[3];-0.1529081261181335;0.5481861997994019;0.012493641930381163;1914.1253280251256;2411.8706832884527;1.0008588898547766;0.04942227434896873
a_ws[4];1.11817164364773;0.5232896373396689;0.013540631606578236;1500.9212485003607;2710.6892112902137;1.0035652632741054;0.038753440348712524
a_ws[5];-2.036459838229021;0.5808611019435678;0.019037682823772398;874.9211483047258;1213.9952896949706;1.003019104894863;0.022590262190325776
a_ws[6];0.36879869090060585;0.42744305953318207;0.012569816072291448;1147.3682237390888;2327.5987695500235;1.004032623978681;0.02962478281995642
a_ws[7];-0.47339525903560553;0.54839732802455;0.014382827086247241;1449.0258904498253;2953.39068003432;1.0029727981539227;0.0374135141769724
a_ws[8];0.8610850784591855;0.40213412618963934;0.01339761588305403;882.1168016209077;1478.789268670984;1.0078501356526417;0.022776052298792353
a_ws[9];0.4648414046788659;0.4641327225035204;0.012428760436392596;1393.7290342376953;2598.2044479942588;1.0034069442954394;0.03598576210748226
a_ws[10];0.367648550736088;0.6563823489505733;0.013164160837747296;2486.4694836778526;2770.790595246661;1.0017662314939186;0.06420006839857897
a_ws[11];0.18370873493360518;0.6391983155927992;0.012657422928390434;2540.690530380818;2847.299078012088;1.0016028111106152;0.06560004331474968
σ_bw;0.04374629157585502;0.012961295480151054;0.00034763774200945446;1340.812187461622;1985.7087954560711;1.0013361483339998;0.03461946133252323
b_ws[1];-0.27891442709452685;0.5189250723620243;0.009848983116515865;2765.6584733352406;2999.939783644382;0.9998022982092254;0.07140866369797605
b_ws[2];-0.9186413207362324;0.5546329962593959;0.010619490839295129;2759.645436182664;2831.2994998327003;1.0010015174607847;0.07125340846600449
b_ws[3];0.14386448654064032;0.761072296229157;0.014201240125039243;2878.6971401192527;2855.830558774772;1.0005841824968584;0.07432729599443338
b_ws[4];-0.4596220149188528;0.5639145152694207;0.011412524726232292;2431.2492179137366;2754.901245128118;1.0008324432670563;0.06277429387678586
b_ws[5];2.0816897450864844;0.5789446043308704;0.015885957592642563;1351.2893351398675;1972.1243638337357;1.0010213554635312;0.034889978868322805
b_ws[6];-0.16928317942441753;0.564513584116154;0.010184028213925172;3103.0322159912034;2571.7497516289086;1.0003639555628898;0.08011957589560333
b_ws[7];-0.4613578685947747;0.6145543923010086;0.011416471251348257;2883.291713784964;2726.9280789553927;1.0002036430096988;0.07444592682643726
b_ws[8];0.18673028668664501;0.33944506293033483;0.00807390991498321;1773.886505689643;2116.4339911508127;1.0010361444859222;0.045801340311702014
b_ws[9];0.16329741002975937;0.6065515695411461;0.009810290392778842;3738.854791061523;2875.59183034017;1.001043528897732;0.09653636808904564
b_ws[10];-0.2048048660138285;0.7963690006154863;0.01505443212920142;2829.613936130904;2893.6738252173673;1.0002253275302628;0.07305997899176807
b_ws[11];-0.4118507191067673;0.7031038098500049;0.012828327537324864;3009.593552057155;2850.364468434971;1.0001137105987394;0.07770701115068449
σ_ap;0.16154478951228607;0.02543541055986796;0.0012158627410985405;436.0714454649446;867.2139316196746;1.0029810420233582;0.011259264112948907
a_ps[1];0.08697541276617227;0.18043078946197946;0.004574959833405348;1550.1032579653101;1982.1821957620705;1.002529399711781;0.040023308485987605
a_ps[2];-0.300536626379335;0.1871716960555959;0.0052042461274210625;1294.2778915383878;1840.2313144474847;1.0025015844658791;0.03341795654802357
a_ps[3];-1.5566190723169766;0.29099026711790466;0.012390674468197402;554.4548525495613;1140.2716544249638;1.0031543029917953;0.01431589637084711
a_ps[4];0.26395473457609825;0.18464443256876276;0.005282137584538245;1202.3568620192534;1846.7076104645394;1.0051076275820892;0.031044576773554232
a_ps[5];0.41107822164999586;0.18596439871094145;0.005129527542028657;1328.7487385654274;1869.4525671333608;1.0052541776475277;0.03430798586526236
a_ps[6];-2.0770116957649436;0.3474986207764744;0.01566454449236942;491.23386064966235;1053.391274207933;1.0015563140221566;0.012683544946129048
a_ps[7];0.21351106021991084;0.1831805825153169;0.005240832491966922;1221.0463736091174;1578.3929590694424;1.005010561318023;0.03152713565082246
a_ps[8];-0.07637271948275214;0.18274837392682763;0.004710327421468386;1513.1082982440032;2525.074226690165;1.0028839547176684;0.039068107161337726
a_ps[9];0.50035001428616;0.19401002691275043;0.005964226950456316;1057.7860983893272;1935.976835653944;1.0038081635691996;0.027311793011516088
a_ps[10];1.1902010416554771;0.24768975840596816;0.009250661684277692;717.8263686226377;1766.9243025708495;1.003926147508943;0.018534111223320212
a_ps[11];2.126015329117581;0.3555533367071243;0.015001049684191463;560.1865710369099;1290.746151278867;1.0047883537455335;0.01446388801978739
a_ps[12];1.0214217703038935;0.23169499537739793;0.008155641197607786;812.0476671219449;1886.1385795660904;1.0052657989981792;0.020966883412147187
a_ps[13];-0.7610813961708467;0.21249371814960957;0.007721469566030546;778.8647145110623;1129.5734988089253;1.0011639614969068;0.020110107231594843
a_ps[14];-0.6324607285223415;0.2034668786697528;0.006936620599845587;890.3811093834854;1494.2358361062181;1.0013519827684751;0.022989434818508462
a_ps[15];-1.7543687259010767;0.31150385066803316;0.013388967626053261;541.8388254760722;1031.1581201484662;1.0020263468325998;0.013990153462537496
a_ps[16];0.23859547641190867;0.1841816162227794;0.005091713630397008;1314.900810647538;1775.1257325053787;1.0058190655466803;0.0339504355613704
a_ps[17];0.026069596402861453;0.1801708592941243;0.004614488071844878;1528.6884626691997;2358.2910257949925;1.0041231922998;0.03947038341219249
a_ps[18];0.5001378534739125;0.19335201613372113;0.005543645910971219;1231.201269663741;1706.3199478051213;1.003854853503947;0.03178933272404894
a_ps[19];0.7804076483177558;0.21005418940299547;0.006689392933180596;1010.9238139433543;2005.2200735296642;1.0053884343416704;0.026101819639031732
a_ps[20];0.519641498045702;0.19965844627304233;0.0054872784817152345;1319.7662518724712;2024.70549997637;1.0032517083656438;0.03407606013125974
a_ps[21];-0.44749241499118103;0.191082890943493;0.006181186823437291;984.4247086609006;1337.7501440106453;1.0040380153652357;0.02541761885442436
a_ps[22];-0.5790689848549995;0.20140463830613134;0.006628388008729199;943.3089535580289;1626.8924448973903;1.0026440194109487;0.024356019543758708
a_ps[23];-0.9112010856854788;0.22224378800629546;0.00838445478435319;723.3733672161328;1073.5879620289745;1.0024393761236734;0.01867733344721916
σ_bp;0.05507380907755061;0.010663860487509448;0.00033195108456987983;1059.2435825105558;1559.1619924447084;1.0020967559321952;0.027349424915260313
b_ps[1];-0.3780468557913305;0.4349551423151168;0.007242713501543837;3632.2956751698166;2838.504567294116;1.0025446345715243;0.09378503630168719
b_ps[2];-0.6448981826131557;0.43042452164421974;0.007661988267479412;3191.7876667980618;3166.193661035104;1.0016442311993687;0.0824112211580735
b_ps[3];-1.027861373550617;0.46963961341176724;0.008715457722125498;2925.6578725779837;2648.0582961226887;1.0011063206423514;0.07553981127189355
b_ps[4];0.7488886165693912;0.44957724153389045;0.008599717669442362;2764.0080818918145;2613.719823602586;1.0004313867878334;0.07136605097167963
b_ps[5];0.20825519745987117;0.4245750132758753;0.007512250052663438;3188.2235514981126;2491.7557477095843;1.0006803449025043;0.08231919652332967
b_ps[6];-1.540860221279388;0.4794487064830117;0.009609287274539906;2514.824390626243;2542.665693442376;1.000693730925397;0.06493218555403642
b_ps[7];-0.18829700358993187;0.43376654664932834;0.007994058805815465;2943.141069129896;2597.899683057589;1.0005299287441485;0.07599122337319887
b_ps[8];-0.2134630907044761;0.4224123332094594;0.006960535038470962;3666.2659899847026;3074.8505344539353;0.9998462300946976;0.09466214199268931
b_ps[9];0.544029030824571;0.4396307428671814;0.007605433082948257;3368.8488392716717;2989.8328661618775;1.000774318057363;0.08698289978037632
b_ps[10];0.8377207594327932;0.43513824898043213;0.007898392985124987;3052.232041047852;2577.5931953631853;1.0012592900292425;0.07880792709901367
b_ps[11];2.1033046076788695;0.5051641785305905;0.011561825377208963;1935.4297053365208;2143.4102742058176;1.0008485276140853;0.04997234845587376
b_ps[12];0.7721849964494054;0.43706264744271334;0.008199881999286517;2859.6313764665565;2723.6270050416365;1.0014962371602758;0.07383502237571045
b_ps[13];-0.3977109338783505;0.43479027478515;0.0071529296566291535;3678.364960363439;2560.1655025268083;1.0014720313376968;0.094974534616434
b_ps[14];0.21574188615905424;0.4281061235818187;0.007016152051652648;3762.2860985889843;2518.6472758763866;1.0001291104610512;0.09714135904341123
b_ps[15];-1.22456715463275;0.4516712702694712;0.008665594795678569;2756.6734081581503;2382.172089262977;1.0004373041282526;0.07117667138810799
b_ps[16];-0.877156778156572;0.44665614387187547;0.008110834109966141;3040.589999569695;2612.0417981466553;1.0006466508495029;0.07850733227406081
b_ps[17];-0.036070182247064604;0.43557195691954514;0.006987343836457005;3874.7088200632747;2881.5138357762025;1.0001031653452401;0.1000440877740804
b_ps[18];0.5662625047192129;0.44312753293692075;0.007526239045830663;3483.7105994448343;2963.1449239102935;1.0013393066407628;0.08994860392752345
b_ps[19];0.589232941474325;0.43606028407691166;0.007856613873996063;3110.100936532196;2712.0486348715076;1.001914447849238;0.08030208862910003
b_ps[20];0.836418356098429;0.443032540944237;0.00725935440408583;3755.93969616217;2679.669786754978;1.0016084187931582;0.09697749639697179
b_ps[21];0.8191514013321715;0.43584958364931126;0.00763334698264449;3244.0879993994113;2575.9590433458725;1.0010668457139207;0.08376160367928127
b_ps[22];-0.9064884624568961;0.4475096047648747;0.007902193602928927;3228.4369624212277;2479.4500246947146;1.0011756272503503;0.08335749751545986
b_ps[23];-1.1854667467211069;0.4581388507435837;0.008886460006030198;2688.2857104600384;2619.133435230545;1.0005228573184533;0.06941091681172527
σ;0.9871523621250567;0.0035420178103213176;3.740798467840659e-5;9005.102842651339;2652.10131225759;1.0002159597682971;0.2325096777698303
