parameters;mean;std;mcse;ess_bulk;ess_tail;rhat;ess_per_sec
σ_aw;0.05462387364742037;0.01568460277755129;0.00048485992453529254;1083.813941052556;1950.3439937455262;1.001703338504103;0.02265357630327937
a_ws[1];-1.2777223539392957;0.5531333174033554;0.012719372827030374;1887.8643486228264;2439.020411775064;1.0016720855943861;0.03945961336337356
a_ws[2];-0.18184173639984824;0.46345511090665936;0.011754411061086408;1560.035208102964;2137.0168686249;1.0015507685140395;0.032607420225875365
a_ws[3];0.5784167239806475;0.5891733075138978;0.012401758738125934;2242.5939647529895;2927.054611584258;1.0006187942315519;0.04687407272918824
a_ws[4];-0.9314507927609159;0.5290370217181011;0.012154372232998263;1881.6967275863994;2463.467213633658;1.0000524546823153;0.03933069947099207
a_ws[5];1.7690062360689403;0.5644426059360301;0.01649364491004219;1122.055421393048;1430.5961011631757;1.0013995154460158;0.02345288904509774
a_ws[6];-0.43956640992953394;0.4638098858960347;0.01172447788329217;1549.4706954867038;2357.2595002152134;1.0005381152164858;0.03238660373367654
a_ws[7];0.6737518014149292;0.5646468445235211;0.0118802262315216;2251.2366320466567;2763.8848278156083;0.9998364615781506;0.047054719347196135
a_ws[8];-0.24784341605843632;0.36090712017510124;0.011107112371914214;1052.755727122821;2023.8014425896056;1.0016646961756945;0.02200440618980257
a_ws[9];0.038379645032914626;0.4835090263171045;0.011742317779960721;1695.2299812872693;2006.997084035333;1.001038372588579;0.03543322361714831
a_ws[10];-0.27842929729335164;0.6688795459304044;0.012932731558068913;2661.992594565771;2949.091169084867;1.0002831262262144;0.05564022575793393
a_ws[11];0.22391680430317484;0.6451275515525945;0.012097466970154153;2847.964991492751;2613.1806327890345;0.9999759813866049;0.0595273688592652
σ_bw;0.040714607106460764;0.014881601206346374;0.0004892381272133115;936.5142762621356;2064.3788539991338;1.0010789247094454;0.019574759848365868
b_ws[1];-0.6106957479806873;0.561355834243002;0.010102658374281091;3107.3427371170073;1973.1466496116184;1.0000410490634404;0.06494881005807955
b_ws[2];-0.33392845980470814;0.5867240692294053;0.009747473665500156;3583.8062826521777;2591.164314654321;1.0019531529962558;0.07490771801789939
b_ws[3];-0.9366897814293166;0.7874810314907196;0.013961031257354449;3259.71730022769;2695.165273223227;1.0014598871210822;0.06813370062034196
b_ws[4];0.6789384983216794;0.6121242552433217;0.013251938166099523;2188.0675108291466;2695.8470375424645;1.0004712617102107;0.045734376017673876
b_ws[5];-1.2578349912726212;0.47431146109342986;0.010164530555197959;2174.193958011791;2166.616980041974;1.0007532353635482;0.045444394891355905
b_ws[6];-1.1923258452422267;0.624390453427782;0.010983291786005886;3235.061918325586;2453.247552663085;1.0023396689872979;0.06761836071369397
b_ws[7];0.09062528781459471;0.6534031035736483;0.010985394737775666;3551.095358905864;2816.9417338479957;1.0007228813404057;0.07422400342541295
b_ws[8];0.17483301507400625;0.39494616939613697;0.010898689027079595;1311.1272712479388;2059.6456417827885;1.000964934846492;0.027404816045898565
b_ws[9];0.8269178189067818;0.6551755322556445;0.011673107958687848;3208.6772567521593;2814.2230148320627;1.0011599117918142;0.06706687588631728
b_ws[10];-0.19052925659916103;0.8042245874527247;0.013268527666883176;3687.009806705742;2828.442432835942;1.000934940681246;0.07706484925450652
b_ws[11];-0.342815220302706;0.7373332257453419;0.012747032716261661;3368.0517348902013;3165.0645917715324;1.0003425420130003;0.0703980767175127
σ_ap;0.207143238266209;0.03324864288195095;0.0016019976034417252;447.9621393826422;1007.7103639018508;1.0107945751389489;0.009363179528425037
a_ps[1];-0.29468178420358077;0.1475311908785041;0.0037987280341013965;1531.860633176632;2039.2771193148062;1.0024988110514153;0.03201852312949158
a_ps[2];-0.6433753630908662;0.17197995026790686;0.0056933906018647755;929.8922619935248;1694.418803366033;1.0064242518429791;0.019436348355550324
a_ps[3];-0.4576431064982094;0.157463563436996;0.005193392203377559;945.2792265630117;1243.378457310392;1.0042384731527183;0.01975796239163867
a_ps[4];-0.1833037024958922;0.14438619309575373;0.003867054459280295;1433.5184615827122;1553.5971703183784;1.0014925719411603;0.029963002524294794
a_ps[5];-0.3616242478732687;0.15481707428445368;0.004539673600501702;1195.2254347599096;1519.7244995687927;1.002766117871561;0.02498226822923004
a_ps[6];1.0417854858082556;0.21067658760734057;0.00787643460145671;704.1980217050898;1296.8494246183216;1.0048054425636272;0.014718950377979188
a_ps[7];-1.3498211899962258;0.24545961740916444;0.010244250177085407;564.1037914250745;1102.1557239066371;1.0068609105218274;0.011790739902834892
a_ps[8];0.49424726956584947;0.15894220160289882;0.004389945282722045;1334.601826722154;1621.5030697092989;1.0008725018585793;0.02789547464833752
a_ps[9];0.9895251938344382;0.2011450482041452;0.006922063978797642;836.6594408903885;1828.6896075899333;1.0040937628689903;0.01748762196734872
a_ps[10];0.3083518434776928;0.14860437101846344;0.0038032602525937126;1546.473608336107;2391.157659440742;1.0018646014444432;0.03232395945509521
a_ps[11];1.9086404758305004;0.3133629546405175;0.01326468378347851;545.7747274251836;1394.2851125427667;1.006864150150037;0.011407630926135464
a_ps[12];2.1682084055997386;0.34850355728093585;0.014835935625433526;545.409009823396;1136.9037364081285;1.0083318280452647;0.011399986798962213
a_ps[13];0.14218885636517956;0.14462344561684984;0.0033212022458693523;1908.0513605094898;2292.6220342570396;1.000426054644009;0.03988155664790597
a_ps[14];1.3580238674860703;0.24232153589774583;0.009418494648368525;660.1717759335693;1362.9114223021995;1.0063217334065497;0.01379872608471767
a_ps[15];-0.5631716895347808;0.16717550023818126;0.005285956710303889;1032.1885633164811;1451.8541553024536;1.0051715046416885;0.021574517076015674
a_ps[16];-0.32254663446816007;0.14933210514207404;0.004104383709061339;1346.9475146909876;1877.300039041717;1.001961043198175;0.028153520770300887
a_ps[17];-0.9109961414427177;0.19760321798264224;0.007718426857381468;643.0813491142279;1375.243214532372;1.0094508481257698;0.01344150675643373
a_ps[18];-0.011052229180792938;0.1405453887925197;0.0034793006641009095;1646.6396226513589;2199.8601804713135;1.0022894915123834;0.034417601511481995
a_ps[19];0.21810369974461016;0.14604840933087912;0.00356702284043033;1683.8258926062715;1930.1080908326899;1.0024123787377364;0.03519485854052505
a_ps[20];-0.33011537318258083;0.1538956270489833;0.004289007454972121;1358.8853227420727;1609.521703970263;1.002569862296929;0.02840304150013808
a_ps[21];-1.420898090740993;0.25727998460406354;0.011015563460927524;502.13365509509845;1106.9641430763145;1.0094421022978353;0.010495457420573794
a_ps[22];-1.273245097541182;0.23550341380886655;0.009946656751857356;550.1170712914333;1189.6252194792564;1.0091760128081073;0.011498393384877811
a_ps[23];-0.7565279805667999;0.1842288963145546;0.006291833911620817;870.5124040188939;1441.9648898804098;1.0064720899160668;0.01819520714804766
σ_bp;0.061574222531615305;0.011879062336082739;0.00039974127854962055;954.7954776368996;1074.9435504644275;1.0005120576488868;0.01995686841384219
b_ps[1];-1.4100376693184544;0.42601298497985873;0.009067122120640557;2204.000807781082;2603.6321981759;1.0012144788138047;0.04606740934063792
b_ps[2];-0.7721669798645278;0.391460557190455;0.007083614912581592;3046.284328219057;2621.7021344367326;1.001991234592936;0.06367258424797118
b_ps[3];-0.0700212899638228;0.39966315122755125;0.006838042089620731;3530.865900711046;2106.385029160782;1.0010071890783938;0.07380117294000209
b_ps[4];-0.12458623497081997;0.3838217305920451;0.006935827150673467;3053.1229601396176;3054.4841664376213;1.001688220955055;0.06381552342244978
b_ps[5];-0.7609706805177203;0.40433649569742564;0.007049641065099006;3287.545974672249;2704.9317684464013;1.001199080030474;0.06871536780146043
b_ps[6];-1.3445036733137345;0.434079567074366;0.008559512976179238;2591.8197801001033;2871.1677652755134;1.0009195688167571;0.05417349318816273
b_ps[7];-0.7488514774642693;0.40360091693587397;0.006846045802640097;3469.9518776741843;2434.3535942770227;1.0001396873489519;0.07252796504283743
b_ps[8];0.8216373558596284;0.4186340845884901;0.008711247219654614;2304.300577067866;2934.314401509967;1.0005329128320106;0.04816384710608394
b_ps[9];-0.46948725547573383;0.3978865575297623;0.0071260690148039815;3117.1657954601656;2777.9750350024965;1.0010765713405227;0.0651541288801388
b_ps[10];0.5331104832497201;0.39514310078630693;0.007767679465576026;2572.649171853512;2749.5830187027555;1.0015803134841263;0.05377279448864917
b_ps[11];1.144615367365018;0.43514704762425777;0.00958737103762353;2097.195224357797;2522.50353211947;1.0000287975348467;0.04383498886508479
b_ps[12];1.2391979375423876;0.43186945104099045;0.010316386904460705;1759.6297065680217;2587.599113513355;1.0013715787549995;0.03677928868911162
b_ps[13];0.5124927126662384;0.40512876227987116;0.007812357539263182;2702.611529363338;2670.189557314815;1.0011653726000025;0.05648923138882754
b_ps[14];1.2499953886914672;0.44410061668967155;0.010780038131734716;1711.9983950826745;2221.6550498026922;1.0006226118993353;0.03578371231913923
b_ps[15];0.10858149885136285;0.40221175174359874;0.008135621718979406;2434.5387550657;2440.6421117912573;1.0004859952729013;0.050886049129070236
b_ps[16];-1.3469706153337846;0.4188386113007358;0.008771754414164543;2267.6650710880886;2958.6978835734403;1.001627098452386;0.047398101991829235
b_ps[17];-1.1310829700947884;0.4004860847153122;0.008339788760892397;2294.0311573701233;2471.5799152304967;1.0007365386226814;0.04794919856365305
b_ps[18];-0.46106263626590777;0.38743088549521426;0.00693778297561881;3122.042715768424;2869.437731710013;1.0008090136545857;0.06525606490637302
b_ps[19];0.8544274417335064;0.42280815898967916;0.009999128659908658;1819.1126704269057;2638.292506617598;1.001512775990367;0.038022584987011054
b_ps[20];-0.16930043919922247;0.39364765198388574;0.0068589661606164925;3280.7349910411895;2674.350286555998;1.0007140734976254;0.06857300652380723
b_ps[21];-1.0701205398719766;0.4140989302369837;0.008258998960870704;2488.915802843351;2407.7497316525178;1.0031633085080494;0.05202262299504374
b_ps[22];-0.9996736179044301;0.4022098684950851;0.0077194891422463045;2714.0729012271518;2510.6371085939245;1.0005708844109695;0.056728793782539706
b_ps[23];-0.3952348005194449;0.398276007820443;0.007376340072839699;2894.243057439152;2822.827107119534;1.0006560928650616;0.060494660068923255
σ;0.9731414127530043;0.003428209931353996;4.138400201829036e-5;6881.3446444288375;2744.6820077582024;1.0008390979377924;0.14383194390389584
