parameters;mean;std;mcse;ess_bulk;ess_tail;rhat;ess_per_sec
σ_aw;0.05558704753950808;0.016744039750121717;0.00042321316592397473;1559.5628600261289;2159.545274380407;1.0009131538651863;0.033821606857486045
a_ws[1];-1.1847358785506474;0.5592012786177404;0.010562226615988943;2818.398315868114;3093.2693562974273;1.000465078958324;0.061121460538945564
a_ws[2];-0.12171203744791412;0.47235706274711736;0.009027640391508981;2724.867254549332;2909.839855344788;1.0003573641995656;0.05909309036806687
a_ws[3];0.5486357464589152;0.5914496782535751;0.01103590016865704;2871.7395559616602;3039.1413680406613;1.0013772560611214;0.062278250366387636
a_ws[4];-0.9973597476799874;0.5432252965338795;0.011754648033531361;2138.101758220764;2658.2620545607956;0.9996981754801801;0.046368145165133524
a_ws[5];1.8076980925366914;0.5997777255992163;0.014481942340387572;1730.347851013835;2204.644760233113;1.000706920513092;0.037525351650593466
a_ws[6];-0.42045294792557625;0.45641805255817763;0.009449619659459365;2322.781513796242;3190.577245931408;1.0007706021011566;0.05037322007920642
a_ws[7];0.6124086463228829;0.5824218742421031;0.010481504134280872;3098.2449034527835;2716.422835252572;1.0009015007991486;0.06719037991904618
a_ws[8];-0.18240357639437454;0.37534370766895414;0.00860591619663829;1900.104804066676;2777.8123299214226;1.0004134390653356;0.04120680180219666
a_ws[9];0.059401930984116204;0.4848066527294994;0.009277712692729699;2725.3514502888497;2986.968789263464;0.9995893307325532;0.059103590924577794
a_ws[10];-0.3551456762587241;0.6594009424485257;0.011394498840914846;3344.1040977613893;3140.2534991930447;1.000167668957732;0.07252222849362985
a_ws[11];0.1705501593557021;0.6494976999382326;0.010749135508406117;3623.0814150270353;3038.346352163824;0.9998793527132547;0.07857229636108135
σ_bw;0.03757015839020012;0.0145865642151607;0.00038078682908482833;1399.076915345939;2270.8219363680846;1.001246951697101;0.03034121330218254
b_ws[1];-0.30383251374946063;0.6259687175714038;0.011720596355633304;2874.0335006350433;2632.5633786029875;1.0030313510589062;0.06232799821361112
b_ws[2];-0.014271531867663391;0.6495173400101096;0.010803062576622181;3598.475949566146;2828.8597170986222;1.0017232697910319;0.07803868761680174
b_ws[3];-0.7233011264662343;0.8189677469326336;0.012254777880077202;4462.356081957687;2591.674538101852;1.0019189675350346;0.09677330547584088
b_ws[4];0.9807959132693984;0.6592960229443099;0.01155669589075631;3255.960602322633;2937.4238270645515;1.0007234754765018;0.0706106962776573
b_ws[5];-0.8994164329905014;0.5490146849732134;0.012977158564229957;1809.8865160839637;2374.235123750215;1.0052967648154343;0.039250274402297156
b_ws[6];-0.902926532570676;0.6692594950312668;0.010863618273324674;3797.329502374911;2912.072132869788;1.0017296519791372;0.08235114391958887
b_ws[7];0.3542698439607434;0.715034001866583;0.01218800164489218;3523.3986491552655;2824.249393125969;1.000765368428773;0.07641051666999192
b_ws[8];0.641541186039818;0.5180601408100659;0.010884302498168243;2304.4997662098963;2486.6210484002563;1.0024741251470803;0.049976751238237214
b_ws[9];1.1314117307869083;0.7027503078084533;0.010881621058802419;4175.13415362022;3213.523747072681;1.0018208583134947;0.0905444400738294
b_ws[10];-0.040129062761954194;0.8223644949651757;0.013585855684559334;3678.2754810160127;3398.4772443259294;1.0010917888037612;0.07976926767182034
b_ws[11];-0.13341812783280477;0.766124393383397;0.011627528469794302;4342.750205457302;3189.370930372722;1.0004510829401174;0.0941794613695679
σ_p[1];0.2082786554813505;0.03312349890481938;0.001120915816606284;844.2200916649156;1335.151170419979;1.0043150711379114;0.01830825853406334
σ_p[2];0.05890103363135792;0.010954964092322349;0.00028139262397001774;1531.326919667276;1975.9092823393396;1.001298927427363;0.03320926547738127
L_p.L[1, 1];1.0;0.0;NaN;NaN;NaN;NaN;NaN
L_p.L[2, 1];0.6172236667631712;0.1523055265162472;0.0038081015061302782;1538.0542976593767;1992.2361149155251;1.005533863091324;0.03335515939385138
L_p.L[2, 2];0.7635094111246089;0.11357981881192529;0.0029048651687800663;1535.8920688418696;1992.2361149155233;1.0055116927089949;0.03330826801494253
z_p[1, 1];-0.29677464170597617;0.24546609191186247;0.01105352105514532;494.46065060633464;932.4989964487635;1.0015083278473982;0.010723167472085116
z_p[2, 1];-1.2863608663927197;0.5442785492449524;0.00825639529109031;4343.271922833082;2898.243393037383;1.0011006478529831;0.09419077564257772
z_p[1, 2];-0.6307862335776518;0.2546231911325296;0.011583169340926739;482.18822963742133;801.4853323266179;1.002358489776648;0.010457020458816796
z_p[2, 2];-0.2838234677145395;0.5246057079925384;0.008904055046938995;3481.6678099702976;2511.5569728315677;1.0016788882304386;0.07550551689542476
z_p[1, 3];-0.4392016664528416;0.24497034142855445;0.01119568445016018;478.48912338765126;948.5503853097607;1.0023094390884806;0.010376799442716363
z_p[2, 3];0.45766613751421903;0.5202326231802843;0.008702571774170418;3578.264850621827;2796.8123426817174;0.9995446780694448;0.07760037771588434
z_p[1, 4];-0.1651945351095115;0.23922264080798725;0.010673431495658489;501.9793595450623;1068.6780017377096;1.0014754783479434;0.010886222661663851
z_p[2, 4];0.2262631492710183;0.5349327164816103;0.008144497799663508;4294.114664056755;2609.752704204515;1.0007749943105404;0.09312472212005618
z_p[1, 5];-0.35312180949373523;0.24680689904958047;0.01138830680653653;470.6716070057147;873.2682150609385;1.0028211477427367;0.010207264137376132
z_p[2, 5];-0.45569834416896743;0.5161158939034658;0.007490930097245053;4742.344385411172;3302.788370852303;1.001172500594778;0.10284529819047865
z_p[1, 6];1.0264347198655295;0.2870691254170072;0.011460265010534999;627.148949530793;1156.8931926332743;1.0019715047226845;0.013600724764476928
z_p[2, 6];-2.030768711502669;0.5981092613924871;0.011263668273192915;2833.1895012767063;3189.399248874096;1.0006441191686204;0.06144223097447467
z_p[1, 7];-1.3217156297986872;0.30722056798310776;0.013001725989564773;557.4250047853471;985.9109146866834;1.004282368804201;0.012088649869532302
z_p[2, 7];0.1919388036938758;0.5779755941833824;0.00980621291176452;3458.4901073713445;2727.9245570412645;1.000850271300976;0.07500287146492997
z_p[1, 8];0.5178372301611521;0.2543515535974173;0.010772780210074924;558.9130069448024;1171.1061509886517;1.001980580707928;0.012120919568516634
z_p[2, 8];0.9234549885250577;0.5300763928185857;0.008230836529069675;4172.699574630686;2943.5314886653578;1.0001789945032946;0.09049164234726252
z_p[1, 9];0.985725866047358;0.28525302388624524;0.011564919471977655;609.3935627017627;1293.879745720567;1.001913881448074;0.01321567089564859
z_p[2, 9];-0.9468589174799813;0.5546446638984273;0.009140491186127713;3683.598930199481;2975.4395666689866;1.001869079777257;0.07988471515394752
z_p[1, 10];0.32832427511658036;0.24400089049440368;0.010500832275260056;541.5116573112601;1158.1063321089005;1.0015752363347044;0.011743543560674625
z_p[2, 10];0.7107248720575251;0.5194149242498967;0.008344585801242125;3898.5478880866567;2686.9467806846296;1.0011554856788067;0.08454622597497628
z_p[1, 11];1.9152820277106015;0.3760388122780423;0.013946373672814694;728.3272166304097;1266.6160375606667;1.0030729335793702;0.015794936783803688
z_p[2, 11];0.43359747206234434;0.6311641345520237;0.011512376848591037;3003.4838020457305;2915.4185421365505;1.0015768871502753;0.06513533436793706
z_p[1, 12];2.1764029932556834;0.4029192786749927;0.014784388796950458;742.7126480971745;1328.0940763177787;1.0033823451839263;0.016106907798255826
z_p[2, 12];0.3835497027296435;0.6628763661907072;0.012228012767663787;2940.185094821235;2954.2621988313226;1.0005704418631371;0.06376260099167666
z_p[1, 13];0.16237910209389525;0.24356554265424513;0.010792006832536298;509.8895655464345;1070.3026740694568;1.0019003831867834;0.011057768089166307
z_p[2, 13];0.7749867915678091;0.5214523938485041;0.007572904062606433;4749.03699081348;3092.9385336381065;1.0002596858748305;0.10299043800790501
z_p[1, 14];1.3753474697993853;0.3156220435878991;0.012043204849512821;685.8619764132751;1492.2136562631035;1.0028228587140788;0.014874010352080014
z_p[2, 14];0.9099136705273999;0.5914026129323303;0.009812602771515005;3633.4686133954765;2780.823251959827;1.000493743214027;0.07879755931685746
z_p[1, 15];-0.5362302896296959;0.24862298153567236;0.011416393538632622;474.9328513700435;840.3632885262073;1.0025646878861858;0.010299676014645119
z_p[2, 15];0.7245861692048661;0.5237619517111516;0.007613696517363282;4708.500582574666;3076.302447205142;0.9996571135682333;0.10211134137255377
z_p[1, 16];-0.3217132808457072;0.24177771884915047;0.011041914551253149;480.4833402708197;822.3305281791138;1.0019267636107743;0.010420047214986315
z_p[2, 16];-1.1795609916904004;0.5266570613431802;0.008963439526872403;3462.737707168433;2779.9662791563114;1.001868601761839;0.07509498743800634
z_p[1, 17];-0.8994735003855094;0.27303677340700555;0.012151897044342474;504.62465156551616;833.784570206443;1.003507577461576;0.010943590036222601
z_p[2, 17];-0.5595316684703122;0.5448771794843706;0.008884360463883842;3767.8446337811765;2902.156353658204;1.0018336673824697;0.08171171753968313
z_p[1, 18];-0.002465099394400415;0.2418242537332646;0.011027293452231383;481.01772413676304;1099.6377447669067;1.0019443307937086;0.01043163618102813
z_p[2, 18];-0.30797379760469673;0.508860874661392;0.007217112594601394;5094.536330839255;3217.0554538751635;1.0010666982454965;0.11048314198758102
z_p[1, 19];0.2420215998251367;0.24106831150434097;0.0106248838797869;517.3353897244641;1122.002660323915;1.0016224377929264;0.011219242656517227
z_p[2, 19];1.1498221158642548;0.5394939612074555;0.007988229290391153;4584.804014227069;2841.3662622161855;1.0036135928035854;0.0994287840922384
z_p[1, 20];-0.31155582463320497;0.24229943549846011;0.010926212831807591;491.65437684872836;998.514531392294;1.0018372897466008;0.010662308951920914
z_p[2, 20];0.2483444400386762;0.522607119245616;0.008181531228149866;4090.5040007309717;2907.90709508085;1.000063026160497;0.08870910029197468
z_p[1, 21];-1.4021952559658684;0.3136521151359889;0.013607198791951823;530.5119112277571;840.0264723865326;1.0033567127781926;0.011504996531180619
z_p[2, 21];-0.16295484212182867;0.5770190503301569;0.01083099281241978;2837.850643689151;2556.042348864424;1.0009020443866756;0.061543315278430086
z_p[1, 22];-1.2567271905157271;0.2994599361724077;0.013342038667539736;502.6133480890681;862.3427270626053;1.0033585153942832;0.010899971713938124
z_p[2, 22];-0.15865663468893274;0.5691235912052421;0.010244712764249623;3100.193772314288;2943.6052785300517;1.0005222133328406;0.06723264424717304
z_p[1, 23];-0.7410366896319648;0.26071231644747594;0.011808262522187977;486.8425004363125;826.5153377176956;1.0020260683838975;0.010557955740877653
z_p[2, 23];0.24143036100673465;0.5400877066702865;0.009502179903681851;3233.95802389426;2919.563358388807;1.0001107105949083;0.07013353528817146
a_e;-0.005129430838313211;0.04821265884148486;0.0023455399016116193;423.5196506528748;696.2395534842732;1.003600689453699;0.009184698794738788
b_e;-0.030976285370210698;0.02047491350395828;0.0007356981114930052;814.6822885471132;1087.2567004049422;1.008225391185761;0.017667684184615572
σ;0.9730924379023698;0.0034582121522067073;4.0790876493886945e-5;7196.255119061495;2476.030188769565;1.0026174664675467;0.1560622644469692
