parameters;mean;std;mcse;ess_bulk;ess_tail;rhat;ess_per_sec
σ_aw;0.058515964126879295;0.01824076317941403;0.0004786801254356055;1360.0931217058044;2138.364581450703;1.0020605740275697;0.036304675247039855
a_ws[1];0.9433298235421443;0.5231415764748348;0.010682762826665186;2414.472783250383;2621.253547907252;1.0004513245236308;0.06444900638772749
a_ws[2];0.5557347510645962;0.46854773922817367;0.011017817230731862;1823.3742144900712;2470.8961910013973;1.001723954126923;0.0486709385221104
a_ws[3];-0.9243566020485933;0.5574751955395352;0.01149563235375169;2348.45218693718;2374.4152474858456;1.0010329349628047;0.06268673270917181
a_ws[4];-0.670091466100844;0.482600964658184;0.01111568581907301;1870.7339014712793;2723.457732865953;1.0011923750086205;0.049935100532942284
a_ws[5];1.8029067470211406;0.5690279334571874;0.015794686961896495;1306.6474231240284;2143.4799830430206;1.0029669925964393;0.03487806062823417
a_ws[6];-0.36869246932932753;0.4347682406982944;0.01022419379454522;1815.4466987641813;2394.2018998819167;1.0011187596980784;0.04845933103777633
a_ws[7];-0.6841274484316581;0.5268943982105204;0.010674171144715661;2435.8595164793055;2680.3904281039363;1.0004027923772958;0.06501987789062671
a_ws[8];0.11526101622933486;0.38191125948163923;0.010579418364211677;1300.740280006926;2131.66517430088;1.0025521022175419;0.034720382518491785
a_ws[9];0.45406856022192876;0.4829671165136802;0.01058516960020085;2092.753883085554;2853.8190891413133;1.0011344343018571;0.05586143248935336
a_ws[10];-0.440204889564218;0.6060690167781656;0.01024974633111289;3503.6747868475277;2804.517014678757;1.0014595419931545;0.09352284286844227
a_ws[11];-0.7184180028360309;0.6008554087734693;0.010256226356146099;3441.850071665823;3135.6031248307104;1.0019013229289764;0.09187256894889075
σ_bw;0.015460778920214508;0.010715865495207748;0.00026965310459288753;1363.9936361021055;1750.4961086776902;1.0017725922673835;0.036408790844857535
b_ws[1];-0.38814998783212185;0.8743139343561639;0.011878345123961302;5459.569987635908;3354.7402082561607;1.0011372520107142;0.1457311357776872
b_ws[2];-0.7213463762205943;0.9006095689969084;0.012410864484060678;5368.354819360862;2848.0746790701214;1.0002601641973787;0.14329634877010616
b_ws[3];-0.08500783970848869;0.9460434388128401;0.012724368246041576;5542.060262640694;3028.1560000859913;1.000110353034526;0.14793303107242392
b_ws[4];0.3865014671369305;0.8600326747161866;0.011865087419921722;5222.772536795354;3219.0764642789445;1.0026690291345275;0.13941035199097768
b_ws[5];-0.22904779212859447;0.7142888988908515;0.010850794926468317;4320.118326137593;3183.750754745056;0.9998582521240115;0.11531599590953315
b_ws[6];0.0822026595435674;0.8760325181457325;0.011172765147554341;6145.72862418163;2832.9192903421167;1.0016457998606918;0.16404662173242937
b_ws[7];-0.12974793005424634;0.9051322035252048;0.012162811828240236;5534.598434838069;2957.049248206585;1.0004622266294874;0.14773385409637693
b_ws[8];0.6196524947664466;0.7670177487317021;0.01211662007209994;4078.013329215972;2477.8913648271046;1.0010012115752684;0.10885353892871898
b_ws[9];0.2842063278086487;0.911683906301172;0.012321859747325291;5546.688082220458;2799.3257004600964;1.001792913626482;0.14805656047218627
b_ws[10];0.3100573033862477;0.967636589671765;0.013148938525265498;5411.0061411723145;3130.63760190436;1.000839317153543;0.14443483139494273
b_ws[11];-0.13446436602352596;0.9314098327163824;0.012132045749720414;5878.814705779079;3059.8402444240164;1.0009079669577041;0.15692194550852037
σ_p[1];0.2244175468274825;0.03703579462338994;0.0015969199665957358;517.1557114378232;1082.389040427481;1.0089349023846845;0.01380432696575551
σ_p[2];0.03833014659017985;0.008692201979461122;0.00026093376280242857;1105.187912467224;2612.857246433855;1.0036100500950647;0.02950054493236045
L_p.L[1, 1];1.0;0.0;NaN;NaN;NaN;NaN;NaN
L_p.L[2, 1];-0.19974465769387537;0.2203668382537089;0.004717674965366411;2190.6321360126058;2553.2404930240587;1.0005554333382476;0.058474075792635104
L_p.L[2, 2];0.9532137000745035;0.054194510406356484;0.0011876554577472602;2256.177042321557;2606.6616903644535;1.0004898348087345;0.06022365197949185
z_p[1, 1];0.24734201243327028;0.23974544754508822;0.012411277182352423;374.88622415706834;579.4758054234035;1.0062000632144077;0.010006757923708769
z_p[2, 1];0.13320640640651832;0.5783183308220923;0.008728116259025288;4387.821234694419;2824.581931235702;1.0000501384568938;0.11712317518954665
z_p[1, 2];-0.7488067407775915;0.25943299722434476;0.012559704338726408;427.06581488635476;722.7989676668292;1.008602834739415;0.011399576595987854
z_p[2, 2];1.0996011935589318;0.6166388165912693;0.009313693139445094;4402.705987831601;2935.616946185276;1.0006886799529853;0.11752049072636814
z_p[1, 3];-1.860959403832882;0.3677197683451273;0.0168818518789208;475.53383646769396;817.4494869254257;1.0093152733948723;0.012693323145613927
z_p[2, 3];-1.1469033089596832;0.6727477375197514;0.011300304161148387;3537.927857085714;2977.030346502408;1.0003972933289236;0.09443715275749734
z_p[1, 4];0.4416061051898352;0.2447569797355422;0.01330601328887448;338.16128673871475;598.8193137632534;1.0076265029692846;0.009026467011885758
z_p[2, 4];0.3109878204490531;0.5963342685328895;0.009643940582097433;3821.9942040403425;2661.03467226659;0.9996512871310496;0.10201967509381094
z_p[1, 5];-0.48437941095957127;0.2476076786551354;0.012202922387568694;412.9844024674982;717.716765157557;1.0059565367958734;0.011023704461405586
z_p[2, 5];-0.6633923756216348;0.5985466681876489;0.009109268141148742;4353.209138008273;2857.8672284937456;1.0002726146484118;0.11619928188418702
z_p[1, 6];-0.34756348603077303;0.23923431464384498;0.011689265816880644;421.39497889404845;683.4100614847351;1.0088963565764282;0.011248206181863785
z_p[2, 6];1.430807867404445;0.6100426000536278;0.008869367747438513;4755.554111854372;2497.877979806149;1.0020058070148279;0.12693899034947323
z_p[1, 7];0.5314120456695459;0.2473926383973529;0.013135176066499919;354.35270657589217;536.9978828026301;1.0072230107449502;0.009458661123888887
z_p[2, 7];-0.2822812703022124;0.5846666131888937;0.010228277074471999;3284.0752261028656;2643.5297431414265;1.0002774486783386;0.08766111868941796
z_p[1, 8];0.44441103417811595;0.24566659812384173;0.01318386031738253;349.081959736523;583.5967979652494;1.0067869484089853;0.009317970204084317
z_p[2, 8];0.6398114127764688;0.5863950415316033;0.00872072508582008;4534.8187917694195;2992.1152373130117;0.9993251927155691;0.12104694958892226
z_p[1, 9];-0.1765246122106372;0.23801645023709686;0.011856937298731588;404.43291302699186;632.6611370972548;1.0072484009716478;0.010795441379958118
z_p[2, 9];1.136622757979391;0.5961942895689507;0.00912637587090799;4331.515500747627;2891.053129589358;1.0010608411533508;0.11562021825750897
z_p[1, 10];1.3440212000699427;0.3151637870525727;0.016833319480783305;348.267397948607;836.133951290699;1.0085562407742286;0.009296227280230803
z_p[2, 10];-0.7478958611248989;0.637693216374202;0.011029574431312732;3354.3129781996627;3020.118587904858;1.0005387845107774;0.08953596000672291
z_p[1, 11];2.2321428535408208;0.4118924550054681;0.021666345270743903;364.35335280016716;1116.8138825332178;1.0080623790292964;0.009725606237895113
z_p[2, 11];-0.973664674587819;0.7010048393283492;0.012677240090109487;3060.860933665942;2454.799890882297;1.0002766847217894;0.08170290724926543
z_p[1, 12];0.833553453154323;0.2678404775483866;0.014582583179901396;337.4739482681395;604.8584065101116;1.0072871350525596;0.009008120032873221
z_p[2, 12];-0.9806544750760265;0.618131958783803;0.01009287419950809;3743.7549289976414;2881.4156107569547;1.0005893777662789;0.09993125083325247
z_p[1, 13];-0.36186068588375064;0.23817587546219585;0.011720284377427809;414.8723395801873;726.1652555510453;1.0069621962612996;0.011074098763581786
z_p[2, 13];-0.8298257792351917;0.5794339757299604;0.008576704045849906;4588.9753537979395;3003.4092821527815;1.0020528634449115;0.12249253913390555
z_p[1, 14];-0.28125434721738307;0.24025015243797399;0.011679383590014376;424.58926472074194;654.9917291737327;1.0072513225255766;0.011333470571289478
z_p[2, 14];0.9194350610937159;0.5852845728230035;0.008427354406271183;4835.770645001024;2960.329492871839;1.0013185179433688;0.12908019313835295
z_p[1, 15];-1.0301480007090453;0.2814773745861332;0.013335604955197285;446.46227285088986;838.5298449173811;1.0094414353064682;0.01191732210628213
z_p[2, 15];0.585422178109572;0.6000471767418486;0.009216876419140865;4247.385088729117;2752.992224449468;1.001017572195589;0.11337454313571954
z_p[1, 16];0.994442062735741;0.2810103173181793;0.01505030494163733;347.6882383643951;757.1771082789008;1.0079589766885106;0.009280767897130142
z_p[2, 16];0.5592485441952938;0.6096808674866843;0.009088665226490954;4544.397002111266;3112.5240062905136;1.0012352141229697;0.12130261871213088
z_p[1, 17];0.5767636679094571;0.24955968584339994;0.0134539237262081;344.45581537309226;662.2358420827255;1.0086473052456426;0.009194485520513801
z_p[2, 17];0.5070395898306516;0.5960709436771517;0.009036485867749829;4371.156586938617;2642.1440856138342;1.0016514761959716;0.11667834930577045
z_p[1, 18];0.0932184065987565;0.2365703513613856;0.012143246513561832;381.15966736896706;555.5515671879615;1.0070288903294977;0.01017421360365742
z_p[2, 18];-0.8484563542968906;0.599815314312585;0.008667629806895418;4825.272826831708;2851.61332866169;1.0018214121187388;0.12879997711978983
z_p[1, 19];1.0790529778936309;0.2887756785681247;0.015459283685633153;347.4570207252415;748.5722534680497;1.0082867736965129;0.00927459605406521
z_p[2, 19];0.6179120858325539;0.6267181079096431;0.010050151280213606;3910.8982604980706;2946.301130124215;1.0003732808336547;0.10439277208719494
z_p[1, 20];-0.41007527469888805;0.24192698279398753;0.012037471463472029;406.0572839761815;732.8517788168648;1.0088952256591537;0.010838800366817116
z_p[2, 20];-1.1021199132739377;0.5867090484648887;0.008872168523163094;4425.021428138458;2824.147288344681;1.0013805807377256;0.11811615200897138
z_p[1, 21];-0.8985367257373328;0.2697469880306694;0.013105066278734468;425.21810879502686;803.272154410225;1.0095990465484808;0.011350256171873433
z_p[2, 21];-0.033199604390716855;0.5959791107804328;0.00932523472989133;4076.8014230278222;2751.8133931349657;1.0023127795661766;0.10882118977564371
z_p[1, 22];-0.8839338674306293;0.27199174647659136;0.013232002992608691;425.60793574012325;683.1130091888049;1.008560402499679;0.011360661739270554
z_p[2, 22];-0.13436405761282624;0.5899197771094701;0.008685311675309138;4611.248786516193;2603.979631306504;1.0001382877460778;0.12308707911691702
z_p[1, 23];-1.1418849257932384;0.29156416585861294;0.013894612592443619;441.6272223016673;759.4339979149488;1.0078396841485457;0.011788261134506614
z_p[2, 23];-0.27078734568314317;0.6317121226407837;0.009149815340830543;4774.044539919263;2723.016623464624;1.001229410626999;0.12743255139714083
a_e;-0.012492388888399597;0.05346481053937075;0.0027994546726945683;365.0635468908541;556.8919340618343;1.008783579572527;0.009744563297094427
b_e;0.02918299405814577;0.012018969707321749;0.00029019641759525774;1708.9592739804816;2664.7331277944204;1.0009883626841691;0.045616884948631246
σ;0.9751452030697615;0.0034268060388736752;4.047113108860501e-5;7147.730697739367;2919.1117514834004;1.0012560293727357;0.19079284910232472
