parameters;mean;std;mcse;ess_bulk;ess_tail;rhat;ess_per_sec
σ_aw;0.04328782895302585;0.013605655298046245;0.0003281171411563496;1712.0417299611352;2459.7046579286134;1.0019974907598181;0.025751469271441535
a_ws[1];0.5687907085454025;0.6107980343065791;0.01011194859581936;3695.6627059180046;2831.058018779379;1.000622356777208;0.055587865028979395
a_ws[2];0.6962234651464874;0.5551783362704639;0.010156553180795868;3009.9693899058966;2870.4544536531935;1.0005849247845335;0.0452740916857797
a_ws[3];0.4363098633256938;0.6108404308134404;0.009791919835102518;3904.034169051932;3373.5272477553426;1.0004861315734441;0.058722059269712336
a_ws[4];-0.11187250249870852;0.5538315729498697;0.009713625967312895;3234.6104803142575;3121.7292023244736;1.002374823987216;0.048653003563637574
a_ws[5];-1.7946965925512508;0.608497574733273;0.012998490377634401;2142.070809503013;2695.7322215916415;1.003358568817586;0.03221969982555329
a_ws[6];-0.13998479330807834;0.5000462102943818;0.009433850543729364;2808.728893908297;2910.2764676138063;1.0012885528029778;0.04224715702749337
a_ws[7];-0.44604216596963475;0.6279475967947583;0.011642343908621951;2934.227302196587;3000.730284022411;1.0015952768556875;0.04413482620523245
a_ws[8];0.4145475118574361;0.43227554146012254;0.008942617267588694;2349.0847737395507;2601.3691197213443;1.00050410017429;0.035333475410285975
a_ws[9];1.0932585089129816;0.5858667747502345;0.00989154142036098;3525.994971900153;3026.9914107314407;0.9995999389396183;0.05303582826348829
a_ws[10];-0.5786163270148397;0.699812640324174;0.010319008543792788;4619.2018120371995;3163.881540561323;1.0012128773408644;0.06947916714855035
a_ws[11];-0.17805201552091127;0.7116578096829649;0.010564633270958298;4533.8036880688005;3105.261671874757;0.9996877622267443;0.06819466156277768
σ_bw;0.02556485763081542;0.011738741884336441;0.00030038850374878277;1399.5870361430161;1846.8558775482861;1.001274594682764;0.02105171966501248
b_ws[1];-0.0010799831675134888;0.722072184102589;0.010357313814133531;4863.269767191129;3345.2426828867465;1.0001606031002943;0.0731502858703076
b_ws[2];0.46417722036554154;0.7474801471989843;0.010323154318841272;5254.239398965781;2657.9201515941686;1.0007895029721459;0.07903100844997293
b_ws[3];0.11230695437799514;0.8681507586418338;0.012231253349650152;5039.016780926835;3217.060443067235;1.0026060071537015;0.07579376338873547
b_ws[4];-0.15669229152038752;0.7481455055930789;0.012148189168452802;3839.489923699736;2673.4561520915126;1.0012759424623605;0.057751224784928376
b_ws[5];-1.3570230104263505;0.6273311200981619;0.011733289564227332;2869.48767611679;2548.4834794474446;1.0012769198473839;0.04316105292479007
b_ws[6];0.20758437306745417;0.7792215421783726;0.011877079822455474;4306.026750118115;3111.3904332334446;1.0002717107263466;0.06476858221218072
b_ws[7];-0.49640519839081776;0.7930380665846841;0.012111442284543824;4298.335118492523;3170.0138847454805;1.0005696168598128;0.06465288946241453
b_ws[8];-0.09837224342229406;0.5918468587753498;0.010923633325617408;2988.2221539841503;2481.7395973733323;1.0010684103430714;0.044946983258585954
b_ws[9];0.8804282919063996;0.8023694888424501;0.010852154554833758;5474.091795336757;2977.622304652142;1.0005211771449076;0.08233789176380928
b_ws[10];0.3453668835896999;0.8615923129057306;0.01191003718410172;5202.843690703286;2976.3053997687894;1.0003319094892926;0.07825794610058985
b_ws[11];0.10848843562333906;0.8456063307590057;0.012978870624272651;4281.1455822351;2884.7346175167295;1.0008929048322135;0.06439433512522942
σ_p[1];0.24085442743634228;0.03792634086548447;0.0016260764172507265;544.8191104070511;1282.4221309712186;1.0015523648902391;0.00819483096388064
σ_p[2];0.04295973445558876;0.00871800449546759;0.0001982159437958924;1940.3413119106158;2493.2192029702032;1.0003266885900544;0.029185409908734562
L_p.L[1, 1];1.0;0.0;NaN;NaN;NaN;NaN;NaN
L_p.L[2, 1];-0.5560928563891345;0.17141714009277317;0.003789652722223962;1928.1553040839458;2625.7860546245115;1.0014328621121447;0.029002115541197644
L_p.L[2, 2];0.8055667744653107;0.11157745907783585;0.0026370836516951246;1913.871667602148;2625.7860546245115;1.0014932758547714;0.028787269945142104
z_p[1, 1];-0.44470853524736587;0.23656036330400296;0.011030913059290288;459.4709675814957;816.5749078006932;1.0136500548335097;0.006911077163442152
z_p[2, 1];0.17557843561585681;0.6033783603021012;0.008450783164995533;5128.532445985646;2843.8208893584697;1.0038565726761115;0.07714020247239435
z_p[1, 2];-0.9514662104588074;0.270748179389663;0.012866828158396603;441.1339230706467;691.703809264751;1.0119418975715193;0.006635262719210758
z_p[2, 2];0.6575006635549555;0.6121894736676835;0.008999062565584384;4656.157195574564;2976.2612376934812;1.0012942071251343;0.07003502709455667
z_p[1, 3];-0.5940138812177638;0.24546956257248959;0.011537733384648809;451.6980134925305;792.8318260962565;1.0149548036268017;0.006794161211647649
z_p[2, 3];0.9056999370843049;0.6093554416066865;0.008913359450969369;4653.092478346518;3312.5509592705944;0.9999988150425141;0.0699889295198641
z_p[1, 4];-0.5794148071434175;0.2457443230877359;0.01138852993530722;465.0478862770186;797.2976666640352;1.0130397334814196;0.006994961713627939
z_p[2, 4];-0.9467625956863638;0.6185232308267605;0.009351308307110845;4387.657960300533;2917.0708961686482;1.0003889878010142;0.06599642821839392
z_p[1, 5];-0.5596518355938037;0.24612876945469503;0.011482215646724034;457.85132688301354;835.7980585137108;1.014284925189356;0.0068867155331455085
z_p[2, 5];-0.825027988687897;0.5992167883657575;0.008743407116643035;4669.808056217207;3037.5238029154384;0.9998626997394531;0.07024035486911726
z_p[1, 6];-0.659720947284537;0.24928386239083336;0.01173537616351109;449.60258115714;921.3085837368052;1.013350248549558;0.00676264301880756
z_p[2, 6];-1.4570415126023426;0.6402501090594271;0.009205811641260008;4856.657352717452;2707.0123265524817;0.9999293351342625;0.07305082603521772
z_p[1, 7];-0.3275424823065789;0.23426860208878847;0.010902905561080178;459.48907414626467;924.6773159788689;1.0148481305752233;0.0069113495111531335
z_p[2, 7];0.5374685348889386;0.615859390028227;0.008880394866212385;4822.446488550447;2982.4371580531756;1.0000665855458508;0.07253624744643174
z_p[1, 8];1.3019021546727485;0.295237196857687;0.012277944454634048;577.8487577861878;1086.0132647384132;1.0056422617920655;0.008691642422763537
z_p[2, 8];-0.4188119770340386;0.6509808329899074;0.010330773228152536;3966.5225093217728;2956.995778781548;1.0012977132505314;0.05966197010606719
z_p[1, 9];0.15716068932704227;0.22678986360251344;0.010189865312847025;494.2109962932161;1008.9672132032845;1.011345487594439;0.00743361511692952
z_p[2, 9];-1.4954315551357455;0.6020869648665168;0.00901385797494883;4489.456640609861;3157.9274029781245;1.0011942479064193;0.06752762079505996
z_p[1, 10];-0.1376821381540697;0.22731809375455317;0.010386604359482151;477.043261541196;817.558565714024;1.0140000699737053;0.0071753887044594565
z_p[2, 10];-0.3181129515473545;0.6093723919677007;0.008920088612701544;4692.240232003258;2785.486339646862;1.001840706732446;0.07057776573670117
z_p[1, 11];0.9439094958796825;0.2669333124914869;0.01101858968248731;583.5248616864377;976.9889208598086;1.0061251858444729;0.008777018855248108
z_p[2, 11];0.31634043020691843;0.6293037193578213;0.009004656864591218;4900.1094933216355;3000.6652231642424;1.0003579366500197;0.07370440616937272
z_p[1, 12];1.684336492639704;0.33775289328301383;0.013744327914549374;606.0223315606344;1158.8100795408866;1.0035153843868498;0.009115411835986789
z_p[2, 12];-1.0779325936745723;0.6814696990749319;0.011797475801735999;3319.5819033612934;2721.863461981872;1.0001389739712907;0.04993109097894612
z_p[1, 13];-0.3690939705121018;0.237607385837891;0.011130537061577255;453.42716447093557;831.0255015840168;1.0154950056352212;0.0068201700276168085
z_p[2, 13];0.1002976770936356;0.6166720128451766;0.00874732950642648;4969.8699516895595;2711.170835014451;1.0000414945407954;0.07475369969334779
z_p[1, 14];0.9803937213695892;0.26903781774983576;0.01089774170555645;608.4562830849561;978.2161513028384;1.0064570930437227;0.009152021824394124
z_p[2, 14];-0.5681745203512956;0.6331497814823394;0.009199160732649923;4750.382972237215;2848.825797254145;0.9998214954860939;0.07145231275403709
z_p[1, 15];-0.4892126594526275;0.23828937421761265;0.011086575715873676;459.1704438234248;819.3835461935903;1.015704617795182;0.006906556871567329
z_p[2, 15];0.6612878063100708;0.6124345293026925;0.009378331329001528;4285.389699043576;2307.6311068629043;1.001910534376465;0.06445817249651847
z_p[1, 16];-0.08977557081022083;0.23056172662323723;0.010473168251593333;483.748856615098;972.0571579702236;1.01257587056773;0.007276250104313441
z_p[2, 16];0.2618510675373243;0.5993408819610362;0.00867228928858568;4773.505817079839;2879.721125623318;1.0029341082590322;0.07180011223696597
z_p[1, 17];-1.525822745431316;0.3251657084129407;0.015081999208060071;464.87234871590067;696.2670568393327;1.0102270026080065;0.006992321386565808
z_p[2, 17];0.9387764701900826;0.6606908729227594;0.010722550911320888;3822.2836550859897;3152.0057838891794;0.9999501544429613;0.05749241877002293
z_p[1, 18];-0.2994707868975714;0.23379215810276374;0.010902487172347937;458.3367972308965;922.8513429634834;1.0144946450864063;0.006894017676853178
z_p[2, 18];0.30825264062486346;0.5987421264026462;0.008498271335377705;4959.250083300825;2494.1366709928807;1.0044016608955901;0.0745939622233473
z_p[1, 19];2.7667785325254157;0.46850812845107004;0.019299247596944857;591.5019848642702;1115.6854672526345;1.001949552407951;0.008897005791777464
z_p[2, 19];0.8626526294059577;0.7641984205207383;0.013234112667603716;3333.361331069769;3323.299915605296;1.0004644768852602;0.050138352579526924
z_p[1, 20];0.34674944835478266;0.23246274495575148;0.010330400485066376;503.92950481037246;899.8019361860215;1.0133922961947588;0.007579794891092779
z_p[2, 20];0.756206432282856;0.6090828946916806;0.008849898792621299;4753.984579599264;2838.619272716598;1.0016827309373033;0.07150648589695091
z_p[1, 21];-0.47397164136502956;0.24096491254750446;0.011332321871534042;450.2731409791074;845.2808464735205;1.014544627439154;0.006772729163524634
z_p[2, 21];0.6086072151122704;0.6225541514399614;0.008734200982779456;5111.609396350809;2988.276286228182;1.0005104422616613;0.0768856564616143
z_p[1, 22];-1.078145028171058;0.28224424804780524;0.013454913728752464;438.4805687712157;693.8669052428215;1.0132525838062367;0.006595352610413588
z_p[2, 22];-0.025251368520285894;0.6399862652676523;0.009488603268182804;4592.340575952543;2652.6792640616295;1.002070598816023;0.06907513710446803
z_p[1, 23];0.1936367202120203;0.22815736439317513;0.010331752449306751;484.82776759268785;792.7348651189594;1.0117942605751855;0.007292478413705558
z_p[2, 23];-0.0513925509033068;0.6049889798637105;0.008084837670799979;5592.901141228456;2551.4159368319742;1.0008061252831029;0.0841249482159669
a_e;0.008410539760519729;0.05256727208256686;0.0025205205004115517;432.4657588478996;747.8088918137936;1.0143733808492124;0.006504881572118656
b_e;0.010068445321843722;0.015178587302719112;0.00038084646317662553;1592.2354398498533;2355.2777307697766;1.0024707084313225;0.02394941740300015
σ;0.9734299101767617;0.00339849911177398;4.1507562842643485e-5;6709.888473485155;2432.9147464339712;1.0008424857226597;0.100925978506187
