parameters;mean;std;mcse;ess_bulk;ess_tail;rhat;ess_per_sec
σ_aw;0.030042805824103555;0.011804389060269345;0.0002772855254284223;1811.61151081332;2004.044971319115;1.0016129005338303;0.04653545198306578
a_ws[1];0.004609394136067662;0.6888449936379216;0.010713065285541544;4139.479139167863;2914.813019304995;1.000748106621538;0.10633214216505309
a_ws[2];-0.46392194016555677;0.6526792327525097;0.010860474062081148;3677.8527816610813;2626.89535269377;1.001332716387463;0.09447419631648091
a_ws[3];-0.3705934466208277;0.7006917087780048;0.011251663939436031;3885.12812977808;2922.7615373509616;0.9999895993466084;0.09979854535709914
a_ws[4];-0.3329614467115596;0.6539014781059101;0.011232233146317192;3416.701929387953;2591.7458336507757;1.0003370731031684;0.08776592974069784
a_ws[5];1.5896439709673462;0.6184613604095868;0.012395412393440993;2465.2261321369;2742.8413752663137;1.0001320692728715;0.0633250625836177
a_ws[6];-0.1671885117188171;0.590141067119555;0.010536659893377829;3138.1197956430624;3025.4919089355694;1.0010243183072447;0.0806099001886416
a_ws[7];0.7112912299931968;0.6978556867690475;0.010775488864095453;4213.4569312362455;2746.1608207728973;1.0004520290229648;0.10823243368454444
a_ws[8];0.15940126982914263;0.49724011845794375;0.010165013569913638;2383.6430518162183;2674.4856188752333;1.001764147928021;0.0612294115600772
a_ws[9];-1.168504042299082;0.6857224252824861;0.011120959575832553;3800.4221715505078;2613.761569794586;1.0021808534457748;0.09762267595670596
a_ws[10];0.1171476022539783;0.7863085754700768;0.01184264356390467;4420.736016519352;3268.946085819865;1.000581454574422;0.11355687872295961
a_ws[11];-0.09052835017492598;0.8074099109833958;0.011890105334930855;4600.808624976203;2845.9374117057528;1.0008237360779415;0.1181824621740976
σ_bw;0.013338681224446482;0.011125168338592213;0.0003001882899561092;1245.9118854440942;1850.7671927673912;1.0051972285935202;0.032004142374975855
b_ws[1];-0.16085247978169218;0.8714156715034999;0.013080330875017395;4480.150457400809;3038.995587784555;1.002264964110675;0.11508307672083964
b_ws[2];0.19342675027474232;0.882440701801588;0.012377513801225534;5050.313825114199;2809.2406283612695;1.0007713655511616;0.1297290479251282
b_ws[3];0.4108107733517827;0.9694659143027959;0.015978463255771836;3708.002571158136;2587.105009927465;1.0006665180552752;0.09524866373019802
b_ws[4];0.0459994843232203;0.8737710116320633;0.015168528150640594;3319.8670374694752;2755.9301200844143;1.0013985190376264;0.08527850048985663
b_ws[5];-0.33294925669272724;0.7855700889158365;0.01399494826303453;3185.394930642063;2706.800875482467;1.00148162188748;0.08182427190222785
b_ws[6];-0.28465053379291533;0.8921204119732026;0.013150204748847445;4633.431301500023;3033.2171993990623;1.0013418453415452;0.1190204514382814
b_ws[7];0.299282829281256;0.9018739468974304;0.013282617154553554;4624.819639414171;3161.4981711342157;1.0003835573261906;0.11879924088342537
b_ws[8];-0.49516275225036094;0.820455047812525;0.014056386749508569;3513.8156312185793;2752.814742131754;1.0022701153406008;0.09026052087210877
b_ws[9];-0.13769884378007038;0.9271890208370503;0.013733722013840061;4591.93119742552;2918.1694698013134;1.0007941358384278;0.11795442481561753
b_ws[10];0.5502817420399929;1.0032441075448852;0.015827373702915;4010.2114769072728;2809.3657497573217;1.0013449663266012;0.10301160183166219
b_ws[11];-0.0239800699862883;0.9524950332595488;0.01400803031886129;4608.173597021214;2901.489197864983;1.0003133061231522;0.11837164859784878
σ_p[1];0.2223167151463647;0.0367264767436774;0.0014583970324069577;653.2321159604095;1005.2679096098865;1.0053032843136054;0.01677978506132629
σ_p[2];0.05190512031716686;0.010648471723848375;0.00029475517562617474;1345.9784859027145;2189.876613215462;1.000481225783114;0.03457458557041579
L_p.L[1, 1];1.0;0.0;NaN;NaN;NaN;NaN;NaN
L_p.L[2, 1];0.20010210485872468;0.2088533471715724;0.005273936332776721;1553.579089594938;1539.8115318940645;1.001864900780973;0.039907289556403235
L_p.L[2, 2];0.9558298682121341;0.05234768419021977;0.0014416775059112926;1670.2757995939692;1583.5763771418153;1.0026786530957876;0.04290491576507291
z_p[1, 1];-0.9695870998727312;0.28130234761359774;0.011947787372022482;553.9686897377779;1129.0580545946632;1.0021276275891728;0.014229973262777907
z_p[2, 1];-0.07232444786554554;0.5231086513762604;0.009851305421378622;2831.78569906944;2614.6266057944586;1.0015813122146073;0.07274099697358215
z_p[1, 2];1.1174472120336028;0.30141488885832235;0.01486506198682509;411.4738600748546;701.7523623958613;1.0035458289233017;0.01056966239367932
z_p[2, 2];1.3503539774144924;0.5492667055608196;0.011817902562651373;2173.606534950641;2868.3932979864912;1.0021992612021007;0.0558341354829781
z_p[1, 3];-0.7835204522628526;0.2701586543518854;0.011584729362662789;544.5840384349798;1156.914959650727;1.001560782730754;0.013988906683396815
z_p[2, 3];-0.5660527005654432;0.5100983366745673;0.009189947305733632;3102.3012343324904;2378.8449440246054;1.0001472816478976;0.07968981719622216
z_p[1, 4];1.2343225659738688;0.3105348946579763;0.01538436589027941;407.8167177534127;659.1022665694417;1.0040826883080898;0.01047572019366631
z_p[2, 4];-0.3520189520967882;0.5300323033892498;0.010244232658095183;2672.8942294800327;2613.5270167218337;1.001459236801116;0.06865950030088931
z_p[1, 5];0.7393448002714298;0.2662712110470289;0.013152348375808946;410.34517616386483;817.5248845641225;1.002433710555793;0.010540669524275249
z_p[2, 5];0.5880546277382621;0.5018803519379278;0.009028603028690572;3091.9930174106785;2586.705916691872;1.002394627047573;0.07942502668747746
z_p[1, 6];-2.722486011780432;0.48254335218167416;0.01856029135035154;675.7081749193262;1328.2667721540065;1.0035511294922543;0.0173571348718172
z_p[2, 6];1.0262213922820063;0.708750149806974;0.015637942338361202;2056.9761488545128;2108.441465687508;1.0023569510078343;0.052838212957896466
z_p[1, 7];0.09609390241020778;0.24461959561828103;0.011265252550358438;474.2322163600129;1102.3920965976856;1.001084058982936;0.012181756630226189
z_p[2, 7];-0.4972438117249669;0.488189130539988;0.008628872860287238;3273.872498566389;2168.7355995942576;1.0002689720857625;0.08409702386320012
z_p[1, 8];0.44344873124909695;0.2521510963444733;0.012333688678144165;419.7526774430407;907.6020672715699;1.001779473180091;0.010782323058404746
z_p[2, 8];0.6115666697552667;0.49256015307677536;0.009293386592420643;2804.4852506090933;2799.2041079989312;1.0010164098652177;0.07203972150648585
z_p[1, 9];-0.22458708891838103;0.2439752191940751;0.011338268368708878;462.8157962325192;1026.564757991071;1.0022965409935245;0.01188849934659203
z_p[2, 9];-0.9471379866922516;0.501850271628939;0.009123379078745606;3079.523605593418;2529.3093616605356;1.0006214490973502;0.07910472086505603
z_p[1, 10];-0.2296889808278085;0.243822121494797;0.01135657903907508;462.09091645481135;1007.6623605532598;1.0006866982442923;0.011869879124823911
z_p[2, 10];-1.3870726089620302;0.5125110287313183;0.0095294507877765;2959.174662034238;2494.0602919766625;1.003067712753248;0.0760132785493155
z_p[1, 11];0.5881498267276545;0.2599961939864329;0.013030378523962886;400.01793884641785;837.5815417169507;1.0016819854461987;0.010275390432463768
z_p[2, 11];-1.8887205054771556;0.5378934520112917;0.010175346110347556;2831.31966902978;2859.366310081162;0.9998497391240728;0.07272902590892297
z_p[1, 12];-0.14339405741500177;0.24371907732798337;0.011496856888972111;452.12453831364843;943.6357451532664;1.001064911186944;0.011613869539620434
z_p[2, 12];0.006721244087623074;0.48084097657731556;0.008146003625825916;3520.7247743063285;2516.2619721053015;1.0009995495384607;0.09043799826971029
z_p[1, 13];0.4111739085193243;0.25176648119698575;0.01243417136260334;410.02408888858866;971.6864170587135;1.0025365352572153;0.010532421651377665
z_p[2, 13];0.11044260494313159;0.48085669942520237;0.008417293935698301;3265.3685612685254;2989.9884811991515;1.000984949884856;0.08387858046988449
z_p[1, 14];-0.08405105970113166;0.24009069600099625;0.01116071597498052;463.71928533918935;1030.4799893919082;1.001050474034943;0.011911707564076692
z_p[2, 14];1.2218406242329165;0.5072632915908708;0.00906684719035921;3091.619644827018;2555.8163302104176;1.0009296182510894;0.07941543574491886
z_p[1, 15];-0.9755184709413179;0.27938952350239316;0.011834911138752655;558.5775980621476;1118.494204909518;1.0016022587315931;0.014348363784555264
z_p[2, 15];0.6646064230953053;0.5162333484860991;0.01026292269617848;2550.0808837890786;2554.069578356798;1.0031278729930329;0.06550475408892953
z_p[1, 16];-0.432374911495824;0.24992630901962154;0.011549545361115568;468.76615028396543;1129.0973256850093;1.0018267454107237;0.012041348019494866
z_p[2, 16];-0.5502436483300691;0.4861764301862572;0.008143051381028877;3576.926626607831;2929.8066761771283;1.0003585050877442;0.09188167346360533
z_p[1, 17];0.11651546042070086;0.24298100206008164;0.011398627572032905;454.65316661164127;1003.6093717091776;1.0008083353441015;0.011678823234185688
z_p[2, 17];0.606077217590331;0.48584722191627877;0.008643637878119743;3163.5433209742755;2677.3062082462634;1.0008746436803349;0.08126296252304892
z_p[1, 18];-0.007464780009334483;0.24119208530644004;0.011172671777251425;465.9619899270471;959.0205576946405;1.000599716059612;0.011969316643637906
z_p[2, 18];-0.5962548067218976;0.48790763243109425;0.007888748408247532;3861.6974997543693;3191.255424882147;1.000179290142248;0.09919667517031067
z_p[1, 19];-0.5242799495752845;0.2535671030361121;0.0114862530319991;487.8049817109076;1038.604852092908;1.0013144375852545;0.012530404652439526
z_p[2, 19];-0.9760769308496495;0.5183062434800004;0.010090726825371649;2663.745025703042;3067.179242949026;1.0010347107794608;0.06842448173840716
z_p[1, 20];0.7993494020317623;0.2740615280496604;0.013295984295961774;426.17535703393224;766.4313847000789;1.0034438673722614;0.010947304510509986
z_p[2, 20];-0.4885488413831912;0.5080526775592229;0.008574188790275702;3520.2594530160995;2752.3168046937562;1.0008962038219897;0.09042604541092743
z_p[1, 21];2.1345416153366643;0.4112386667762906;0.019324343597168787;450.2092172267778;670.3287644943795;1.0039700456953307;0.011564670066147115
z_p[2, 21];1.1689618883038788;0.6387140881978651;0.014680974934325063;1904.3226039309682;2339.8347584442154;1.0017172199380469;0.048916951877674496
z_p[1, 22];0.33084670918302844;0.2484266099275655;0.012066197421875036;424.6422834269327;919.0265866333258;1.0013363667713837;0.010907923951930402
z_p[2, 22];0.2392591525351095;0.4815589830959312;0.008841191517458567;2961.185671519831;2449.421428617876;1.0020901054654858;0.07606493600169739
z_p[1, 23];-0.555987569054143;0.25486932068835116;0.011538035451626833;488.14377204402876;1083.9633058791833;1.0015949703882145;0.012539107269521158
z_p[2, 23];0.672984204539537;0.5016228552389563;0.008969546618212578;3158.1866667753225;2965.129905957137;1.0012511872985603;0.08112536441066259
a_e;-0.011350514893789408;0.05016034088257815;0.002523940097173698;395.34875928962947;774.6167567225574;1.0023164120475538;0.010155451704006646
b_e;0.02730831320744999;0.014517473645546045;0.0004282413699196188;1151.9125407255253;2203.641990363097;1.006560346643162;0.029589550743999313
σ;0.9801032548646451;0.003432488511675692;4.061399630333259e-5;7163.984936171225;2618.3409195924046;1.002252582789799;0.1840236027507534
