parameters;mean;std;mcse;ess_bulk;ess_tail;rhat;ess_per_sec
σ_aw;0.029970837238091234;0.01056796555931671;0.00025397225380283437;1664.350559043547;2587.9554258175103;1.001519181310501;0.033247506493655175
a_ws[1];0.1915453912910444;0.6994758116417216;0.010766837976895127;4215.731560039123;3018.936546896343;1.002049570708631;0.0842145674517363
a_ws[2];-0.9362286688706064;0.6404000241454871;0.010457026480622751;3832.3662668127095;2852.7235846381477;0.999771583050612;0.07655636106803315
a_ws[3];0.126833429978477;0.6884107934219701;0.011053121223794874;3852.5872777688496;2991.196355316576;1.0015475667827123;0.07696030132534222
a_ws[4];0.7323063554697439;0.6230570407259906;0.01004237843627777;3841.4271034441745;3360.9972583381355;1.0000543775267807;0.07673736273448237
a_ws[5];1.5311771646128827;0.6223740745413171;0.012048421244562466;2741.164814166158;2582.3486329950056;1.0003423335881008;0.05475823255140558
a_ws[6];-1.06793437212262;0.6032425367414804;0.009919531729126579;3721.7190955023502;3368.454796419722;1.0007276766684852;0.07434604394063674
a_ws[7];0.019967516385430425;0.7086394365227414;0.01064102502980879;4448.792393648558;2914.0590117629304;1.0018237385583124;0.08887025223926046
a_ws[8];-0.029235810308803123;0.49237593961580045;0.008656414569368328;3333.42302855416;2940.3309924320124;1.000350327277165;0.06658933911834278
a_ws[9];-0.3142154629222596;0.6656496749550705;0.010205072591447614;4301.803195020341;2320.8205055354583;1.0011895376713054;0.08593395717249445
a_ws[10];-0.015356006585218778;0.7707890817219144;0.011929442128213891;4156.958329340512;3030.5771174111587;1.0023649582590568;0.08304049786724438
a_ws[11];-0.17628646861212957;0.7743351315803398;0.011261073959503104;4646.269738582615;2988.6032858145795;1.0002493250341526;0.0928151118557453
σ_bw;0.01350959124854786;0.010051847777932246;0.000273961242863132;1130.940957293714;1597.600978520895;1.0040193219793316;0.022591975360750634
b_ws[1];-0.046832467637186244;0.8673121736571169;0.013347186108680327;4219.726944659487;3064.4856606127178;0.9999318642498827;0.0842943803105048
b_ws[2];-0.16971912197835856;0.8666016546606592;0.012879269752170729;4519.843306401884;2934.95473521415;0.9995202418219503;0.09028958404427626
b_ws[3];-0.29049159103638067;0.9558397646241097;0.0135678798885862;4965.423603700565;3187.1326130907564;1.0006377064795622;0.09919061378670992
b_ws[4];-0.1487925686732973;0.8813888209492894;0.013080867780607951;4521.234874800772;3038.25578558867;1.0025053800740507;0.09031738238226882
b_ws[5];0.7287500355186824;0.7968472462320485;0.015138343291117259;2852.0641295519054;1990.6045991656654;1.0021965736809069;0.05697358657546913
b_ws[6];-0.23168430389714864;0.9045782944547481;0.013543979918018067;4437.826892472635;3281.5262170917017;0.9998798763833052;0.08865120249065331
b_ws[7];-0.2802191261429947;0.8969411753929641;0.014012122081588455;4090.460165032441;2813.579842271592;1.0001424173429299;0.08171211296802022
b_ws[8];-0.19416542450365273;0.7807081753014743;0.012782983656758964;3742.5612795966294;2406.079081468471;1.0005840655667793;0.074762392916669
b_ws[9];0.32281751590579233;0.9111867208039136;0.014258654221758663;4127.736733027543;2737.677955414919;1.0014735473583247;0.08245675953886678
b_ws[10];0.4640318982702027;0.9665000119593837;0.0158438148744981;3721.317560365517;2879.160209019649;1.001217177330102;0.07433802276865661
b_ws[11];-0.26881171309337265;0.9263546647009891;0.013509964957916858;4726.552878851542;2940.8602309765624;1.0004111957969473;0.0944188690767938
σ_p[1];0.24892954884448387;0.04084855536593179;0.0017329889176660711;540.1032911771684;1289.4766052930238;1.0080019809684575;0.01078924604139698
σ_p[2];0.04927190950259653;0.009858053948810145;0.0002601133101802236;1440.924649659219;2244.2630904011876;1.0042933779205914;0.028784291498026426
L_p.L[1, 1];1.0;0.0;NaN;NaN;NaN;NaN;NaN
L_p.L[2, 1];-0.042669586707713224;0.21538382874870543;0.005105157017055828;1784.9980323842017;2065.4635528181893;1.0009577978343722;0.03565759229651731
L_p.L[2, 2];0.9750121874174902;0.03394455299003566;0.0007778825706139005;2056.7273239677347;2468.2766141928746;1.000424730217881;0.04108572841684979
z_p[1, 1];0.5640907376899726;0.23905995155048818;0.010426858991840858;525.7560369738474;889.3784959164013;1.0035642283085582;0.010502641500845641
z_p[2, 1];0.923263156390695;0.508267574323312;0.009558088714762788;2830.315296083396;2693.531056722247;1.000361412709076;0.05653912613199787
z_p[1, 2];0.5233854665121396;0.2357195189977493;0.010040872466439869;550.4188016553925;920.6920693612051;1.003995801883469;0.010995311404097501
z_p[2, 2];1.1174178752376769;0.5088060539966796;0.010098385965004168;2531.8794145880115;2510.2081482087065;1.0027178676576978;0.05057749211562844
z_p[1, 3];0.995851380984872;0.26981563112657353;0.011608342515999775;538.7386100666521;960.6378708512241;1.003480957404819;0.010761984810980634
z_p[2, 3];-2.190016284032446;0.5710971610313601;0.011575223122748371;2454.0148221806353;2577.0141776467053;1.0003310259428462;0.04902204844564958
z_p[1, 4];0.5078136388167354;0.2369109815337653;0.010232142372146074;537.2374448236907;938.8235233225547;1.005101305205971;0.010731997137475064
z_p[2, 4];0.8538988891271968;0.5051025656683783;0.0091964355051483;3034.755029318138;3061.3468445006315;1.0015708521404778;0.060623068256660195
z_p[1, 5];0.5622299357290514;0.2429229313232853;0.010673253498325447;517.6542783195987;928.9818281869161;1.003100712118284;0.010340798629460447
z_p[2, 5];0.35802816997392917;0.5071259469522078;0.008549108465099675;3510.2828667408257;3318.2942778500565;1.0007982367260935;0.07012233797283718
z_p[1, 6];0.30596808381418655;0.23187567568322795;0.009995246712334534;538.6945291137544;1073.7322392883818;1.0042041061570668;0.010761104238219235
z_p[2, 6];-1.6624032983927886;0.5288347822234069;0.009961825361923998;2839.1829532229444;2641.3929799141065;1.0004351793019768;0.056716268793878
z_p[1, 7];0.8675998127655434;0.25950927765030213;0.011059314500093655;551.0576558192776;867.561160314751;1.003426467012726;0.011008073323662375
z_p[2, 7];0.25474670607822314;0.507620528414352;0.009410727299296012;2925.804129504503;2776.935777127357;1.0012079651765116;0.05844663629684215
z_p[1, 8];-1.8360157968909754;0.374879114677429;0.01709259732306089;478.84290250494803;1288.5211967610821;1.0111525810630075;0.009565492332109947
z_p[2, 8];-0.2938111067199418;0.5835895821009405;0.011486559867786609;2557.0135013977733;3269.015872898641;1.0006673151073733;0.051079577274238216
z_p[1, 9];0.01917092957646835;0.22797804750551878;0.010143560871623394;508.7713314191013;969.6740426389291;1.0059017729932742;0.010163350535276009
z_p[2, 9];0.4223398502322594;0.4733126775789661;0.008279270406332537;3253.6756659314865;2850.0141818886773;0.9997828627567701;0.06499628473310984
z_p[1, 10];0.1345126047451986;0.2273577888522324;0.009979372409731504;518.7531466217677;1015.9809844666097;1.005017059133536;0.01036274991298874
z_p[2, 10];0.0782659207727496;0.4905944840139996;0.008193937837382766;3578.813522114796;2636.463740998041;1.0014965370637132;0.07149132445058373
z_p[1, 11];-0.4983722072948914;0.24406550706562777;0.011068557137556017;484.2591914380073;982.6897077850545;1.0093955970090283;0.009673689550835841
z_p[2, 11];-0.3462181121387704;0.4944582220524268;0.008895514981167748;3090.7314748658337;2612.3187385399274;1.0014939794467121;0.06174126852205876
z_p[1, 12];-1.8537542744709203;0.3751950522428008;0.016693190619037696;501.4399391262064;1257.7740052872125;1.0108896318262108;0.010016896705858227
z_p[2, 12];0.9194220681941606;0.5872203735096809;0.012044309112375676;2391.5028747472134;3189.761739475269;1.0012295948755328;0.04777329326788336
z_p[1, 13];-0.6710210983308147;0.25613023237176935;0.01168024655557024;481.86625920583737;1123.3350316786712;1.0088195196223444;0.009625887704346442
z_p[2, 13];-0.05300065763655508;0.5099476641390509;0.008725166053788177;3408.1818346844534;2892.176379782709;1.0017515871230234;0.06808274078109297
z_p[1, 14];-2.11805728376807;0.4103201940545839;0.018250790004107287;502.5232535908742;1208.8980269754227;1.0112247304234874;0.010038537281819226
z_p[2, 14];-0.16447344523178423;0.6179613409682009;0.012557739576342795;2419.1263228904254;2680.0500200420925;1.0009662511719768;0.04832510656618656
z_p[1, 15];0.33814661522306716;0.2325294925342937;0.009928171699687212;549.0757475561286;973.9449005245059;1.0051067853607902;0.010968482200571852
z_p[2, 15];-0.9248503752948624;0.5063793527288489;0.00846477456319438;3576.5693493127683;2655.4040878551377;1.001216872205836;0.07144649426177352
z_p[1, 16];0.6976793537524056;0.24875985282670218;0.010679036887951946;541.0049100924742;862.2346557135714;1.0048219483833678;0.010807257019059437
z_p[2, 16];0.37776394129477464;0.49809222459891117;0.008869321665171138;3148.3397124372723;2913.69016670166;0.9998613809568677;0.06289206589604776
z_p[1, 17];0.5660906438195769;0.23829181095018534;0.010033690221384986;562.8628061638524;907.3398708208751;1.0024967776706604;0.011243896125900252
z_p[2, 17];-0.8721188142452554;0.5028091936403609;0.009199921473529134;3013.248002287903;2729.3334417831306;1.0016513740690975;0.06019343820248586
z_p[1, 18];0.11936159388396612;0.22813538856613078;0.009673302182601625;554.6503264579605;1043.563936936793;1.0053726543668537;0.011079841461534614
z_p[2, 18];-0.15882269024225776;0.47937164327516907;0.008383468744413366;3260.939492180483;2872.6062872793345;1.0013511508132393;0.06514138884538356
z_p[1, 19];-1.4795374631557494;0.3299510895284979;0.014860360622515622;489.9716817547122;1205.3615042793385;1.011899485582651;0.0097878037666587
z_p[2, 19];-0.03486537760535552;0.551211603268954;0.01091607508672713;2545.258776851154;2986.577873796344;1.0002604998711417;0.05084476179106293
z_p[1, 20];0.18875274397889455;0.23003879060401147;0.009869686928168243;541.951067134181;1186.7903098442162;1.0047465053997766;0.010826157702101982
z_p[2, 20];-0.34407880510006034;0.4961907194907015;0.009557572459291851;2706.9308966813037;2633.954597159693;0.999912595997326;0.05407436677102873
z_p[1, 21];1.106890308102888;0.2769647617128902;0.011976925759438506;534.4732548041968;913.1059075035868;1.005813160838194;0.010676778947338707
z_p[2, 21];0.9179945624610341;0.5309157808531534;0.01046735806504855;2557.0621532518;2920.5232780295155;1.0023330622906825;0.0510805491565282
z_p[1, 22];0.6936641478636271;0.24502206842393742;0.010399620731615123;555.839998363842;891.5811227921413;1.0050791201746163;0.01110360666184124
z_p[2, 22];1.2845479694106152;0.5239521026743272;0.010586099772132845;2469.333770533069;2595.741170548096;1.0004429647015114;0.049328063805247985
z_p[1, 23];0.13260662587722583;0.22712178832250024;0.0098697737801748;530.7092108993573;1078.914078240712;1.0049866374057206;0.010601587411824416
z_p[2, 23];-0.5673867886606506;0.4944552970121866;0.008282421798344899;3560.14317705611;3011.8368660643678;1.0001529892523509;0.07111836070493259
a_e;-0.0063925427676777705;0.053498240513668076;0.002458371999819863;472.91595042941645;830.2521640158383;1.0068488142875431;0.009447093971531356
b_e;0.034886326820149534;0.013864229834190637;0.00041518094559729016;1120.0125899812492;2097.098274788563;1.0026341389230595;0.022373667408010785
σ;0.9695665503184782;0.003440087590591015;3.854995081433968e-5;7901.53564921756;2551.171750699024;1.0046834316580653;0.15784316373719864
