parameters;mean;std;mcse;ess_bulk;ess_tail;rhat;ess_per_sec
σ_aw;0.05949626220133561;0.016679028157042922;0.0004020193564674957;1791.0295974416285;2212.7914070921815;1.0006452521469282;0.04828744562640732
a_ws[1];-0.30294000281136063;0.5131920654557517;0.008408973994566348;3733.63304251677;3386.160163840623;1.0003848526539907;0.10066143116061041
a_ws[2];-0.5066518247770034;0.45907919649590495;0.008881406378372755;2669.4512806368584;2936.9427221225587;1.0002902377284948;0.07197032575576781
a_ws[3];-0.16464474761977865;0.5667311606602942;0.009493733645170883;3568.129165707155;3235.733230619995;1.0007919089012454;0.0961993276510874
a_ws[4];1.098835449215648;0.5362404250316999;0.010166239236569148;2785.791168430253;2837.407455154266;1.0007551287768015;0.07510693277445163
a_ws[5];-1.9800384784924292;0.5923410142183213;0.013194948037101521;2003.7960581784198;2577.1327645951405;1.0008483200796758;0.05402378237853393
a_ws[6];0.3669915764550833;0.45304622998549976;0.008981183989540868;2546.7593226996496;2820.5357226122146;1.0013025391401111;0.06866246235911978
a_ws[7];-0.46914949349968293;0.5648096776044494;0.009592239257143838;3472.3317991984186;2860.8032746605777;1.0012015874073974;0.09361656177549756
a_ws[8];0.8593693019154995;0.4332699276897578;0.00939180004311456;2136.3283777487413;2694.0680501823717;1.0002933057325962;0.05759694899964116
a_ws[9];0.46310553175257047;0.4817004498720052;0.008707406590397485;3051.279701434415;2891.3242084615395;1.000357521220033;0.08226469449998947
a_ws[10];0.3568315170398215;0.648775797037673;0.010269560949072607;3998.728550984786;2955.274988287724;0.9999151599430259;0.10780859666208467
a_ws[11];0.18902377878636042;0.6547681241249769;0.010449337032675034;3914.105447283487;3014.774926606837;1.0009700216709265;0.10552709694563597
σ_bw;0.045551088281699174;0.01362654897786736;0.0002927960421609484;2145.10708767857;2730.299708198569;1.0014473359430944;0.05783362933089427
b_ws[1];-0.21477232747913944;0.575657912777709;0.009822007548032415;3407.769532577911;3276.2842294022;1.0009629451817352;0.09187591664969473
b_ws[2];-0.8535936648973886;0.5874901055940327;0.009706021332753638;3661.1457451757533;3417.191050989947;1.0012241555937893;0.09870712150879929
b_ws[3];0.14057660079637807;0.7794600893436683;0.01102553761829002;4966.130760817969;2899.0751886933353;1.0011937600642817;0.13389045576308065
b_ws[4];-0.3983808997785638;0.605860837860251;0.009847254537907673;3795.389347270476;2855.878230351889;1.001527836597349;0.10232642553710876
b_ws[5];2.063605177810178;0.6264614380103186;0.012525098642174895;2456.6246972991216;2893.7319890749723;1.00046628618855;0.06623236805509394
b_ws[6];-0.12610928079730901;0.6044661602123182;0.00979717721009563;3788.055922640546;3000.687185031565;1.0007739738366344;0.10212871113664385
b_ws[7];-0.43970255666232627;0.6463433449251993;0.010686125436976123;3656.205733453842;2964.4274156387723;1.0012489805063916;0.0985739352411037
b_ws[8];0.23381853960650148;0.4308435940813112;0.008601838567341065;2502.244627422268;2790.043735539614;1.0023028137238454;0.06746231417013782
b_ws[9];0.20167688106169454;0.6220867587396721;0.009306477317720217;4487.686581223072;2861.6667459252203;1.0011625542886393;0.12099125669877674
b_ws[10];-0.1704965012925795;0.7851560793949914;0.011645282871271869;4560.569064728024;2767.0234808608698;1.0013139819485122;0.12295622085369078
b_ws[11];-0.36942511386110516;0.7237035076171101;0.011367641102347148;4062.908772584606;3046.7273967935075;1.0025008546752057;0.10953894157945451
σ_p[1];0.15794170217927087;0.02443491912093565;0.0008327928779403313;841.2128620395365;1423.6557997657003;1.00456701802804;0.02267970355933353
σ_p[2];0.05355405656594833;0.009850683048547162;0.00026843099094112424;1363.3624402088915;2362.21960345973;1.000922267170438;0.036757231591656274
L_p.L[1, 1];1.0;0.0;NaN;NaN;NaN;NaN;NaN
L_p.L[2, 1];0.8513983657277849;0.089273317696633;0.0019533513234978495;1852.5688412844215;2159.288870333461;1.001904991624431;0.04994658788468926
L_p.L[2, 2];0.498661765031261;0.13599322648619708;0.0031346139450506923;1852.5688412844202;2159.288870333461;1.001904991624431;0.04994658788468922
z_p[1, 1];0.09308474847156753;0.26549807873421877;0.009420578298243349;792.0208263796027;1557.3129624413518;1.0054449177859073;0.021353450910815388
z_p[2, 1];-0.5915714413422547;0.7043975088475967;0.008681958058720272;6625.992846230043;3044.6433561280714;0.9997754263258775;0.17864153096092242
z_p[1, 2];-0.29663033337936784;0.26843494083898173;0.009388671722303904;817.8550248706924;1392.9782503860877;1.0051103375500552;0.02204995947590121
z_p[2, 2];-0.571027062492406;0.6986678670637667;0.008443595996982257;6827.733565322116;2879.7745416154703;1.0011067900594564;0.18408060579123564
z_p[1, 3];-1.5590710429933365;0.3372268681173739;0.012002400764752673;789.0266745447952;1490.4998246881914;1.0070982190672315;0.021272726424672334
z_p[2, 3];0.09108633994058189;0.7530283929049459;0.01034198964731872;5319.025944442575;2729.5573219422754;1.0001315377007745;0.14340476363126736
z_p[1, 4];0.331420634281812;0.269918262662955;0.009541091412312066;796.3781603394813;1616.6646707572954;1.0049323873447522;0.02147092776712434
z_p[2, 4];0.6712815797638784;0.6913375327996808;0.009359312789841766;5451.743463965965;2668.2566914931444;1.0011995759783718;0.14698292337626076
z_p[1, 5];0.44556670259585657;0.273856867052192;0.009586610043845518;814.8866154125426;1703.321316336718;1.0034428534032207;0.0219699290227406
z_p[2, 5];-0.11041103628959334;0.7060562190603948;0.008597848074559943;6720.796015104262;2584.287395144254;1.0002949638725118;0.1811974925534969
z_p[1, 6];-2.092364349263528;0.3941248896374832;0.013774672774740489;813.8991804261999;1662.2137607028844;1.0065749511038116;0.021943307065582132
z_p[2, 6];-0.10798094653314606;0.7833829064701923;0.010924054912883115;5159.202485190337;2926.479613383926;1.0012529271111188;0.1390958082630866
z_p[1, 7];0.2323154246666326;0.2666971059736092;0.009386073435372342;807.0617016041891;1624.6257557893787;1.004680245189806;0.021758963720664118
z_p[2, 7];-0.4658654293965777;0.7007521627092743;0.00884022840524236;6270.823830076995;2503.120950341064;1.0008576599912138;0.16906591893297332
z_p[1, 8];-0.049654821231626685;0.26220753356073534;0.0092459357410539;803.5005409000034;1387.2641204208958;1.0054100783618942;0.021662952267745696
z_p[2, 8];-0.21428573293954772;0.7083874913990732;0.00818602337234316;7511.151927583994;3082.022808781959;0.9997556054239064;0.2025060561885646
z_p[1, 9];0.5528332444670572;0.2774423325805964;0.010216892822357184;729.3682016530926;1563.7691896835163;1.0041910082630219;0.019664291103431656
z_p[2, 9];0.20241506892249667;0.7195480135588379;0.009050372413134718;6364.4737289661125;2573.9332801720707;1.0012516258759965;0.17159078753759402
z_p[1, 10];1.2398133764890946;0.3243057642028092;0.011383440613330065;799.6915991946776;1491.0953369047345;1.0035455169697345;0.021560260460891805
z_p[2, 10];-0.025016396323745027;0.7112110796927318;0.009226442418750997;5966.910443424637;3120.6549027352935;0.999916587907026;0.16087219552713145
z_p[1, 11];2.2290516414417136;0.42468782750310663;0.014970033280646599;793.5785305558015;1350.8578408956816;1.0045878559459058;0.021395447735333348
z_p[2, 11];0.7103794848410193;0.8102585363059774;0.011785053821407225;4730.929125270524;3282.61780796018;1.001996638021921;0.12754925056805624
z_p[1, 12];1.078875983748377;0.30771850188600336;0.010929808695627182;786.0487209663055;1502.9556567883149;1.0040155180130714;0.021192438655165513
z_p[2, 12];0.02609153281662818;0.7406701934653375;0.009198091612601843;6471.108316528684;3040.0699232964726;0.999523644078649;0.17446573268432816
z_p[1, 13];-0.7313853770317715;0.280153772431801;0.009999068082494006;783.4769816123056;1364.8173572308958;1.006440989297472;0.021123102713202887
z_p[2, 13];0.14680536623120924;0.7334321359254591;0.009246471382969985;6297.353852282051;2967.0943542460473;1.0011120798452988;0.16978118740565737
z_p[1, 14];-0.5784425404140152;0.2723232976182311;0.00959687968060612;801.8881577347105;1317.2664102661163;1.005514439237496;0.02161948125836973
z_p[2, 14];0.8045125726906805;0.7147751847832566;0.008817916864157017;6598.518049888933;2828.3705490571037;1.0008559532360295;0.17790079069827514
z_p[1, 15];-1.7595184634386518;0.35362840868325507;0.012124914878190741;847.9121182454304;1480.1685364315802;1.005357759810952;0.022860320323144445
z_p[2, 15];0.003719039389994968;0.7719629992576543;0.010919256737070376;5018.99680404237;2866.2527473492305;1.0006229219152667;0.13531576229700282
z_p[1, 16];0.21729139988452253;0.2654950729140199;0.009257992922915662;821.4400372347324;1540.2535389836528;1.0046551668356538;0.022146613986717703
z_p[2, 16];-1.3450829603663994;0.7149761658874945;0.009467069694939297;5846.5465043654285;2908.207924861892;1.000891142805641;0.1576270971931877
z_p[1, 17];0.05702570511722873;0.26346258875741596;0.009091080086796564;839.8041032775691;1626.6377561193628;1.0038815100760747;0.022641722410269106
z_p[2, 17];-0.10194604334226118;0.7079417074143675;0.008874867013139184;6358.723205860532;2981.1412490981375;1.003412018084932;0.17143574930026909
z_p[1, 18];0.5581088558745635;0.2761176388187433;0.009931180067381157;766.272125050606;1529.5202235037393;1.0046074122616644;0.020659247410688666
z_p[2, 18];0.24673637999821;0.711555895463486;0.00892504299202607;6384.444817923007;2936.5241904035306;1.001230862163609;0.17212922245429427
z_p[1, 19];0.8324035793889564;0.29496131278957605;0.01021049083370782;826.1047598735807;1453.1672789831532;1.0040350446170019;0.022272378262811972
z_p[2, 19];0.017436482054772454;0.7164896542765588;0.008945837579506528;6354.896885663041;3126.6357413616824;1.0002572079483953;0.17133258895677198
z_p[1, 20];0.5854207493917413;0.28062030849832265;0.00961971470873015;846.5096742984658;1536.6830002665613;1.0044623467678442;0.0228225094260326
z_p[2, 20];0.5717302913948943;0.7294298969747078;0.009414036803186683;5988.622931109566;2994.7509564019533;0.9998972616688131;0.16145757980553624
z_p[1, 21];-0.3700243596250757;0.2702353003748483;0.009475417135806644;816.3893103499961;1555.7036862612188;1.0041931727705173;0.02201044275863252
z_p[2, 21];1.4292318949545617;0.7389978483555079;0.009908719893687185;5596.860339701773;2889.701399730025;0.9998797649836667;0.1508953786793872
z_p[1, 22];-0.586737348178799;0.27432915669534874;0.0096228394131071;812.5219088678626;1247.4417586616937;1.0049640289663981;0.02190617483416563
z_p[2, 22];-0.6601279522019712;0.7277491989683367;0.009571943516851937;5779.352773383093;2531.90872975154;1.0021916199409138;0.1558155058962713
z_p[1, 23];-0.9257120519089055;0.2912776341575456;0.010558645257172445;759.4382423691812;1364.2790889528387;1.0086924900450378;0.020475001020306333
z_p[2, 23];-0.6983550892465284;0.7140728374854567;0.009266604745242536;5911.111745285702;2705.000778778028;1.0006635563677009;0.15936782250825063
a_e;-0.0058042322331610325;0.040551661089483465;0.001518936752880972;709.4186759575224;1144.0808687949373;1.0052474857076565;0.01912643754775983
b_e;-0.0025386866649101804;0.02107414331923311;0.0005896772862511332;1283.6141465310077;1895.7221514874373;1.00140428029573;0.034607160258234286
σ;0.9870909400206078;0.0035376971624973452;4.656384966966075e-5;5755.956866628167;2581.720485859676;1.0009736243075933;0.15518473542942768
