parameters;mean;std;mcse;ess_bulk;ess_tail;rhat;ess_per_sec
σ_aw;0.060659409891710106;0.01793917977625072;0.00022661701799132417;6616.700824800076;8505.608095974192;1.001218300369571;0.051212658075245124
a_ws[1];-0.2906601961394067;0.51836884387724;0.004963841392702232;10929.914055797259;11769.630907087978;1.000220969837258;0.08459653325012978
a_ws[2];-0.49471163769683907;0.4701088040014059;0.004749266933064921;9829.912078268282;11427.015056539192;1.0000726446735333;0.07608261874062992
a_ws[3];-0.1509634494273493;0.5664292001180862;0.005053537739015401;12558.024874221806;11940.928043935659;1.0006127895751058;0.09719796179591916
a_ws[4];1.091008570157917;0.5361660942326952;0.0056473813559723115;9075.66040112561;9817.872491939721;1.0005173743335052;0.0702447798739535
a_ws[5];-1.9485272567811298;0.6044221557185557;0.006892637558982931;7608.028805506984;9495.566637218179;1.0005805562024097;0.05888544580747573
a_ws[6];0.37054888400118763;0.4527243707717539;0.004742278083664289;9101.386026904247;11401.120686758522;1.0004086547801239;0.07044389386016171
a_ws[7];-0.46107481074412854;0.5639286407013511;0.004969694033482663;12846.42427048543;12242.5934318688;1.000165690950281;0.09943014669607328
a_ws[8];0.8542686299508989;0.4371045587298568;0.005235701630485515;6935.683182918792;9295.954557794836;1.000972593181378;0.053681552297746536
a_ws[9];0.4680330207896502;0.47787141984906156;0.004828797387122061;9813.231782861836;11456.466425248213;1.0002353368258572;0.07595351478265096
a_ws[10];0.3576743913471744;0.6493386271075776;0.005375602648297682;14600.678764921966;12164.264902203297;0.9998827600024897;0.11300791573526131
a_ws[11];0.1951077899046539;0.63751573705944;0.005299049233792453;14499.210518160458;11258.098262897245;1.0000535512133142;0.11222256080317569
σ_bw;0.04601241532469033;0.014523612221733305;0.00016376706918419385;8057.747073753928;10054.219008769389;1.0002955402639544;0.06236622399463488
b_ws[1];-0.22138960549525996;0.5508307813390453;0.005052298115026579;11910.111593724112;11389.86191471283;1.0001743638011777;0.09218317237515955
b_ws[2];-0.8562331235821655;0.6004458358819525;0.005150563007801653;13778.681214560149;11700.62185657802;0.9999642140563263;0.10664573001763204
b_ws[3];0.14066994012792897;0.7530495712639702;0.005781283420010781;16977.144920818595;12799.25083120116;1.0000488213038756;0.13140154601897655
b_ws[4];-0.4063383156687146;0.5857645284713917;0.005023185288593269;13639.175941740034;12535.559189633203;1.0000408360198298;0.10556597198930284
b_ws[5];2.0563770122474487;0.630732604859219;0.006511748294981893;9254.106893301134;10405.261508437075;1.0005924797747725;0.07162593937178952
b_ws[6];-0.13654141802861022;0.5983881106003494;0.005072833639619447;13914.277627787033;11634.649108750675;1.0001886899042494;0.1076952338308905
b_ws[7];-0.43889268778683266;0.6335134228634617;0.005370173097889406;13976.428867395922;12727.05594937329;1.0001234906510095;0.1081762787303535
b_ws[8];0.2310449273836847;0.4248309817331763;0.004254382799968096;9971.419180466308;12557.647166028817;1.0002983727290897;0.07717787074491037
b_ws[9];0.1929422856930594;0.6191237058582533;0.004771468045250012;17030.4234948534;12475.886799583133;1.0001130383830636;0.13181391729992584
b_ws[10];-0.18175661467944743;0.7886948398452466;0.0058244042338600815;18327.887944341594;12402.291494856796;1.0000275213703815;0.1418561732482946
b_ws[11];-0.35860603988665946;0.7188971190297667;0.005556502788001981;16757.485713305527;12293.52084298187;1.0000921772698428;0.12970140388087617
σ_ap;0.16537815955078997;0.02760268423212556;0.0005041291816675659;3047.3058449082287;5289.452259394062;1.0019729624616234;0.023585868005554938
a_ps[1];0.13274708235898275;0.2575953549161891;0.004972712754574472;2682.7382760401124;5700.229857108467;1.001020862688912;0.020764148428966653
a_ps[2];-0.24812284234752308;0.25622412250600546;0.004936397618107619;2693.9860431354873;4721.134947038737;1.0003509650666613;0.02085120511561726
a_ps[3];-1.4821058462850365;0.34191788412575325;0.0064232612865873845;2813.8731351335255;4941.056727994235;1.0005689411532144;0.021779120222058013
a_ps[4];0.3068369784374957;0.25862318556450353;0.004911255513309663;2773.0464741004525;5294.144438497457;1.0007347202623704;0.02146312560673492
a_ps[5];0.4499966845385037;0.26410578908483556;0.004981193161302944;2801.704367234475;5007.32505571928;1.0009192274087788;0.021684935073581102
a_ps[6];-1.989595576694507;0.3995332495256837;0.0072432144869724645;3017.110311684843;5192.25027039097;1.0005749470632062;0.023352157345315788
a_ps[7];0.25737954417783454;0.2561810498828178;0.004728715490487972;2931.289316752828;5805.650834951279;1.0005501364466856;0.022687910708584495
a_ps[8];-0.02486973991092277;0.2548801854479604;0.004834928885506657;2777.1159622044524;5193.920108465681;1.0006063224842185;0.02149462307176013
a_ps[9];0.5395620014828522;0.26957509109165656;0.0050990530340958755;2785.074446756941;5652.790243287641;1.0012070521435668;0.021556221012935903
a_ps[10];1.2104181385905213;0.31113045127811445;0.005779664686841217;2879.181066393239;4300.009931239426;1.0020964414860223;0.022284597625640994
a_ps[11];2.1277315429900003;0.40956755265242906;0.007597960304698374;2863.938816619651;4348.263928869042;1.0023765777900642;0.02216662400908779
a_ps[12];1.0481436524777543;0.29825655131778617;0.0056348770955842896;2777.099055722543;4706.035443404371;1.001670348984431;0.021494492217139345
a_ps[13];-0.6936679809006543;0.27497842321930643;0.00503204127380479;2963.5811229434858;4949.6215825892905;1.0002075061433013;0.02293784632950237
a_ps[14];-0.5723145130377199;0.2691451717501822;0.005031496415694428;2858.525498486217;4941.370370230933;1.00059924237507;0.022124725422774053
a_ps[15];-1.6706566793689626;0.3613415957705586;0.006697364165015686;2883.8165599165363;4855.424750335872;1.0004668063816315;0.022320475920746746
a_ps[16];0.2811430438050216;0.25821246596782976;0.004925363034183024;2746.4190922702173;5300.786560848273;1.0010356841293118;0.021257032111318037
a_ps[17];0.07236377809102176;0.2552688231058431;0.004853216106873409;2763.2363805901737;5505.452434546829;1.0002901345097388;0.021387196381894492
a_ps[18];0.5409556724809433;0.26615867959507933;0.0050282423521245566;2795.448991220145;4766.816136487312;1.0013868649308908;0.021636519036429592
a_ps[19];0.8134090808020915;0.28263214543757614;0.0053662351113163585;2756.6655158331805;4532.715476129287;1.0011490122463846;0.021336338490783972
a_ps[20];0.5562293705753546;0.2665439633026484;0.0050052912407911945;2825.2819394712365;4748.570036704061;1.00133545184594;0.021867423322207962
a_ps[21];-0.3942948251335397;0.26353472671004435;0.004923150720410755;2857.3347448862764;5256.215584426214;1.0002284822612104;0.022115509099022938
a_ps[22];-0.5182084195414064;0.26378854762111553;0.004972914064535641;2803.675833518972;4907.651546492027;1.0003450334313058;0.021700194041971575
a_ps[23];-0.8476109798699418;0.28505059116517634;0.005241561202544265;2928.7647042413314;4753.632348316717;1.000273068831496;0.02266837043908354
σ_bp;0.05571249482288872;0.010973465153768127;0.00015906771739936763;4819.8440692802205;7843.6064570783465;1.00049957296763;0.03730515143904881
b_ps[1];-0.36172072833335567;0.44826832634717534;0.003911123758021106;13113.224428691195;11779.10811045373;0.9999863074162837;0.1014951554728644
b_ps[2];-0.6272011013141021;0.45477563793453046;0.003982915165115601;13046.190687036682;11071.431588854033;1.000212095405831;0.100976320454967
b_ps[3];-1.0006104440028245;0.4639132517157211;0.004335292231532988;11527.631888210313;10978.251019570782;1.0001477085111607;0.08922281450227802
b_ps[4];0.7530228981210202;0.45529932278166596;0.004416526795735991;10698.128597705334;10721.499546736997;1.000568757054496;0.0828025350437148
b_ps[5];0.23262232335966523;0.4479168532106445;0.004064094962922366;12127.824850523697;11572.286320941608;1.0006205722135644;0.09386825303305103
b_ps[6];-1.5163338965513977;0.48989792985172925;0.004757921604066911;10655.672832271826;12002.054335670935;1.0000622067143046;0.08247393130961221
b_ps[7];-0.17405480848949476;0.44597540018664406;0.004047270085604151;12142.906956397319;9615.196686324025;1.0001116058788997;0.09398498715049297
b_ps[8];-0.19942391252413524;0.4506102470286495;0.003945940790885369;13020.225828571769;11311.87268227744;1.000204554798305;0.10077535482968865
b_ps[9];0.5452126515414306;0.44791885429292244;0.00402807094389467;12386.368247235217;11460.319344813995;1.0002106300473181;0.09586935523246921
b_ps[10];0.8629164993957852;0.4682813070316211;0.004370243407771036;11593.330423131243;9860.223385202946;1.0001536995269629;0.08973131514240659
b_ps[11];2.0967361239765876;0.5217070440061119;0.005541581873954342;8928.106710959386;10351.905871953502;1.000074475709845;0.06910272783286672
b_ps[12];0.7890497408077956;0.45906497986394385;0.004321772013062604;11338.43471292339;10346.591697812775;1.0001557930474285;0.08775844570227803
b_ps[13];-0.3790322801155184;0.44712823529384566;0.004021155501780947;12407.611055705995;10606.490423738369;1.0000848385076793;0.09603377262348896
b_ps[14];0.23149917416680338;0.447488461256717;0.003936411950852922;12940.270842855569;10684.637680228727;1.0001848555306985;0.10015651056676725
b_ps[15];-1.1966670236821941;0.4674838004906785;0.004487699890051491;10869.425714616107;11601.897156454768;1.0010929915533597;0.08412835903212096
b_ps[16];-0.8531884800748728;0.4634861150224666;0.004136102622960795;12611.05740766268;11315.5240043983;1.0002622293705221;0.09760842874521689
b_ps[17];-0.021405034416742345;0.4464318727624508;0.0038754138706691664;13259.08193522718;10978.008057240782;1.000082731110612;0.10262407920807966
b_ps[18];0.5819760110034682;0.4530690423323169;0.004289465726846685;11216.62496638611;10061.365275721339;1.0004965716875784;0.08681564942588232
b_ps[19];0.5956083227839778;0.4517092283059554;0.004138338073054027;12002.3192197229;10217.238389229693;1.0002662765844228;0.09289685095112096
b_ps[20];0.8485984208388809;0.45945349967260873;0.004302340305191497;11531.897041040747;11225.933851946404;1.0000390432215511;0.08925582639435647
b_ps[21];0.8405611294718465;0.46809031304599125;0.004217556909771945;12428.640431090906;11127.940172276529;1.000128711665853;0.09619653806198163
b_ps[22];-0.8825906188845957;0.46261406697130797;0.004236647865114431;11936.096413787442;10862.117737562568;1.0002099136404574;0.0923842925013805
b_ps[23];-1.162414218334527;0.4716858415852463;0.0047332184737290004;9945.940493429931;10721.608420437688;1.000229099150542;0.0769806680419395
a_e;-0.009142810406597103;0.04118243885822979;0.0008483102030209662;2368.7231877007343;4233.366647073876;1.0004041922548692;0.018333700419391072
b_e;-0.0033141238403002504;0.020873963338649364;0.0002808923607260431;5525.874069157283;7923.4237877932865;1.000360908055846;0.04276975894239046
σ;0.987092991571709;0.0034975411743108555;1.8806024011220898e-5;34518.90900322918;11050.838792335075;1.001191919365937;0.2671731926108796
