parameters;mean;std;mcse;ess_bulk;ess_tail;rhat;ess_per_sec
σ_aw;0.055525330498673205;0.016831919390235095;0.00021549673863950064;6074.291385350994;9163.700876494378;1.0005204571924136;0.050343371782179715
a_ws[1];-1.1760982729668412;0.5754542313363139;0.005458112506583355;11237.491665560796;10849.753309949614;1.0001400657398603;0.09313567376481448
a_ws[2];-0.11846996741668238;0.47429277874287035;0.0046081133847988755;10579.282141883486;11826.767624281785;1.000287570633312;0.0876804717241334
a_ws[3];0.5421264369372181;0.592246349019449;0.005378391996212267;12068.221701007511;12544.952310478888;1.0001504679857702;0.10002071571818147
a_ws[4];-0.9835684658938519;0.54839901526438;0.005698383438701514;9351.79833457008;11358.405266125834;1.0003561768987737;0.07750715771137247
a_ws[5];1.8106996745165342;0.5905463717613304;0.0069766956237784115;7105.0808510264515;9358.450018971538;1.00014771415042;0.058886494593970114
a_ws[6];-0.4231121639678394;0.4721808795884775;0.004966891576160864;9053.619645648974;10918.069902490315;1.0002542996584647;0.07503587017484105
a_ws[7];0.6095342829438293;0.5736789872832575;0.005469420176597202;11100.779767637916;10755.314790009257;1.0001143265891859;0.09200261354963002
a_ws[8];-0.17500928254530124;0.3857342238440082;0.004378487819673561;7772.416750008125;10675.741093826813;1.0004956598991022;0.06441733549947076
a_ws[9];0.06770537997932925;0.4844106570111135;0.004604026211696054;11065.687608642414;11723.273624571379;1.00054688538733;0.09171177178803615
a_ws[10];-0.3347076175115565;0.6584895213192598;0.005525898693726592;14191.191027892872;11501.027712120633;1.0003525285571946;0.11761576134989145
a_ws[11];0.169437820373887;0.6503977881310955;0.005483040483030503;14083.693253397632;12322.449808040437;1.0004720328641865;0.11672482608125714
σ_bw;0.03842099157923855;0.014903173745788239;0.0001893014811517887;5830.809256673588;8421.866147222996;1.0002805085384472;0.04832540613833781
b_ws[1];-0.30541519018449037;0.6092965869247627;0.0054003455648009785;12750.776642719426;11519.541785430001;1.0000249627535913;0.10567769115983315
b_ws[2];-0.013363204227104946;0.6275421646570589;0.005292767577216457;14028.896726898538;11343.398793528435;0.9999929515067779;0.11627067567408886
b_ws[3];-0.7436676118742344;0.8055285050059836;0.00619680613553792;16983.889479743146;12232.240740614789;1.0003391906376324;0.14076148280409725
b_ws[4];0.973086559841927;0.6489294242033429;0.005850566877869476;12354.867871172915;11345.98674985435;1.0004276800197383;0.10239642241367795
b_ws[5];-0.8872160819819965;0.5450423587803286;0.005915966335579579;8631.391360312575;9586.734065890434;1.0003721399676155;0.07153646683753895
b_ws[6];-0.9166301926788011;0.6613831186041461;0.005771850522810298;13114.47785274321;12076.350597424476;0.9999389394714684;0.10869202551955995
b_ws[7];0.34609309941711275;0.6878023424108138;0.005904766486255334;13549.027465607933;12456.94373128437;1.0000029724108195;0.1122935472988756
b_ws[8];0.6226448916739796;0.5033442175340588;0.00549586509845178;8669.398507351563;9012.955971058802;1.0004164726956437;0.07185146784957111
b_ws[9];1.115430207659575;0.6887213403240727;0.0054696674505946554;15854.268652245408;11790.479741001329;0.9999748690401892;0.1313992514451013
b_ws[10];-0.03031724919797631;0.8251468384275104;0.006261455797101364;17386.8307440624;11756.745625138092;1.0006466227774802;0.14410103643909855
b_ws[11];-0.14073014690500965;0.7666471665249277;0.00610625730275586;15856.015322386069;13038.410784235382;1.0000634631392886;0.13141372774508325
σ_ap;0.20871758742114532;0.03377210958721839;0.0006151975060713762;2990.6416085114;5495.88240886137;1.0007695455768295;0.024786262761058764
a_ps[1];-0.28670269727409314;0.23825769406796315;0.0048341683432115996;2424.4309136623724;4122.149763311346;1.0012082307936407;0.02009354163368996
a_ps[2];-0.63175638203315;0.25227829109353994;0.005184200736116872;2366.076324022973;4234.1499960305555;1.001817526905313;0.01960990220728746
a_ps[3];-0.44812905015548005;0.2433001124166683;0.004984171771857795;2376.4733949130587;4081.7600481619893;1.0014467242806422;0.019696072522812257
a_ps[4];-0.17272784111253475;0.23257076295698056;0.004684434480893172;2460.68271822268;4423.548177688461;1.0013420712209755;0.020393994469909808
a_ps[5];-0.35440890380804385;0.23831802978767946;0.004844597650304589;2419.0119095730993;4395.477889384913;1.001450598059494;0.02004862924469701
a_ps[6];1.0431945928084543;0.28120593333581617;0.005275543178721543;2839.7888457694926;4973.487170603993;1.000669739369884;0.023536003885200447
a_ps[7];-1.3282629096333576;0.30744953051381096;0.0062244289149933855;2431.9733651928536;3879.8410928817334;1.0015756252312482;0.020156053030898173
a_ps[8];0.4989308009989856;0.24546680445792737;0.0047725452205129425;2648.992986022318;5005.538627854672;1.0009919095314985;0.02195469895720223
a_ps[9];0.9909729199547256;0.27549808660253416;0.00511912049599422;2896.0916735508126;5102.033949001014;1.0007088133843554;0.024002638429308547
a_ps[10];0.31436995405844576;0.23959471867713691;0.004744442476891234;2554.00102725882;4949.076422069118;1.0012459659348125;0.021167411158022686
a_ps[11];1.9049239023822084;0.3675248396849137;0.006676237105479022;3027.7039958978944;4973.494436903103;1.0007592180110694;0.025093433660339823
a_ps[12];2.16020044273779;0.3990282005367386;0.007238187390751576;3034.752845734509;5174.018582010326;1.0005588389267452;0.02515185411557469
a_ps[13];0.14838365633139147;0.2357240663544929;0.0047688911031107065;2447.2213878875637;4562.3063968644865;1.0011580239944657;0.02028242775129999
a_ps[14];1.356253081762019;0.31028656823369594;0.005676059888120913;2982.508154025717;5124.840227636739;1.0011320594606616;0.02471885316591921
a_ps[15];-0.5510308032884835;0.2494562710075829;0.005054171419685519;2432.1183558972884;3746.2809931665884;1.0012201008294939;0.02015725470537759
a_ps[16];-0.31263820194921266;0.2386867756247875;0.0048202690917763654;2448.625749493221;4028.58053966764;1.0012735157960748;0.020294067018161756
a_ps[17];-0.8970969480440338;0.2697530944386117;0.005480308211010846;2416.066480659921;4076.421887379229;1.0014256467900289;0.02002421770211087
a_ps[18];-0.004720736539965184;0.23359644267342491;0.004783172422827355;2387.722047592841;4829.894399821655;1.0010728804043623;0.019789300698410256
a_ps[19];0.22426506017976713;0.23669120986959216;0.004667095668797623;2572.2907917901575;5003.656444938694;1.0009224245989439;0.021318995656887888
a_ps[20];-0.3204719269071054;0.24021110060554804;0.004935873976503154;2363.744113932689;4203.324323378972;1.0016755541073332;0.01959057298644493
a_ps[21];-1.4003123918519969;0.31471259853118144;0.0063237928794773555;2469.506499782101;3904.9197087162493;1.0015924983000037;0.020467125455466736
a_ps[22];-1.2581999932956474;0.30006791007246775;0.005989588071709879;2503.1122025574095;4026.8184561389935;1.0013616234468437;0.020745647554834386
a_ps[23];-0.7464183176921857;0.2585981111076493;0.005250543153248836;2417.3223349959917;3661.969152641338;1.0012957432381715;0.020034626149406886
σ_bp;0.0594637119547132;0.011201947209015819;0.00016341939771998622;4738.364336512954;7852.909301021641;1.00107142117359;0.039271286525335
b_ps[1];-1.2380431965275653;0.448893913525957;0.00461732093179876;9511.473054818765;9802.323719240954;1.0001281634930976;0.07883053245514608
b_ps[2];-0.5791020433353626;0.42874582493589175;0.004046443104575537;11273.84694852636;11759.825256798122;1.0000723435551118;0.09343698422400576
b_ps[3];0.15457790725181128;0.4218357016782925;0.0038898248147893784;11737.750048499414;11174.945540299475;1.000247802569021;0.09728178598790725
b_ps[4];0.09099987037676271;0.4225427641861385;0.0040001482823411065;11160.707028094312;10934.983221095385;1.0000539123378465;0.09249928717979528
b_ps[5];-0.5670479564393179;0.4235634146971633;0.004148757986275227;10437.071059953525;10787.51509080008;1.0001410664879362;0.08650183459348605
b_ps[6];-1.1586252908646528;0.45851018309849184;0.004558260529849791;10196.216460883421;9469.304756551588;1.0007811673392297;0.08450564576137366
b_ps[7];-0.5448575663616413;0.4245581831733873;0.004344911580322046;9581.565457707382;11306.512796475346;1.0008765464217109;0.07941145419134034
b_ps[8];1.056056766894033;0.4492812882059255;0.004364414654457988;10647.06871187163;10897.27499078428;1.0000732641416856;0.08824228285209178
b_ps[9];-0.2630055573374303;0.4268545432167029;0.004047393177939358;11201.074314703139;10296.967983585044;1.0000370635244988;0.09283384889056322
b_ps[10];0.7701023341883724;0.4354213927468872;0.004281553752375573;10415.640762816945;10294.76630464968;1.0001234417418243;0.08632422154404439
b_ps[11];1.3897854482446648;0.45790089994436983;0.00495514000364733;8597.837668950584;10405.873475528511;1.0000333995953457;0.07125837580572329
b_ps[12];1.4873418622004528;0.4704667707010608;0.005008804601002674;8954.152930374501;10105.614727224616;1.0001832889254265;0.07421149585537865
b_ps[13];0.7513844514410757;0.4373063582014139;0.004270703734084115;10515.851735771954;10631.386099664456;1.0000278691829732;0.08715476422763947
b_ps[14];1.493004018983032;0.4639790600880193;0.004794603037594202;9402.839281245606;10887.308363798325;1.0001709179487126;0.07793018209258627
b_ps[15];0.3285652070712746;0.4225772944185746;0.003994033066947138;11215.861690013613;10530.89105342584;1.0010333091519834;0.09295640579238276
b_ps[16];-1.1679909992830857;0.45260851045150835;0.004716127357103067;9245.281893431787;11007.241496490475;1.0003403861842517;0.07662435567621297
b_ps[17];-0.9557528046057344;0.43996021750214886;0.004381679867612025;10108.041948209342;10911.642850457061;1.000334612472249;0.08377486055670454
b_ps[18];-0.25442450085878787;0.4282315781779029;0.004474393446709982;9153.338631237306;10514.544772437928;1.0002142439083788;0.07586233529591213
b_ps[19];1.095605315664617;0.4433327452671294;0.004426564604976009;10087.158013615497;10903.378349504052;1.0000472041703057;0.08360177572806622
b_ps[20];0.039739805951835745;0.41855066728336504;0.003841097034560979;11874.435178621994;11178.806712002277;1.000078311850736;0.09841462435312819
b_ps[21];-0.8865989472004185;0.4364517353716581;0.004288230275331232;10403.703755844484;10482.30093653271;1.0004269505141312;0.08622528832832306
b_ps[22];-0.8007034028540579;0.43836756447881065;0.004333815267379023;10233.566134437118;10984.716777869993;1.0003112439867574;0.08481519767160824
b_ps[23];-0.18930558015019902;0.42289088009534287;0.0038304267964050327;12188.30018113247;10267.628621451297;1.0002716208852622;0.10101591913936549
a_e;-0.0046667588005180945;0.047559838467675565;0.0010140214439718963;2200.170689904552;3657.185041328533;1.0008519560465172;0.018234886013740247
b_e;-0.030670233274236708;0.019460465088178544;0.00026155281238191274;5520.573533223036;8124.282739529718;1.0001003163459115;0.045754190604711885
σ;0.9731230625584194;0.0034671009184605232;1.8703948575344687e-5;34312.85280754416;11189.392449200495;1.0005216814463238;0.28438291748126077
