parameters;mean;std;mcse;ess_bulk;ess_tail;rhat;ess_per_sec
σ_aw;0.030003416139300024;0.01078064646646508;0.00013118993470367197;6511.565358146965;9081.134250285624;1.0000403401812143;0.052876284339362714
a_ws[1];0.20213404101634144;0.6927180947669362;0.00547175653981297;15975.326422508444;12833.958225646524;1.000260514511883;0.12972547396361792
a_ws[2];-0.9288939591729484;0.6576167658215757;0.00552941992047443;14190.676952716756;11494.360123570907;1.0001328699466308;0.11523346971878111
a_ws[3];0.12079180316890793;0.6916932875294928;0.005646121250259472;15099.423124295947;12351.61751657553;1.000104324908491;0.12261281989309968
a_ws[4];0.7172049354563521;0.6326960554830597;0.0052877620475253245;14336.804419449314;12031.864985987891;0.9999942216474342;0.11642007801582818
a_ws[5];1.5249883333794523;0.6031870342033055;0.005951885650250978;10425.48116450531;10767.521495725787;1.0002662500134436;0.08465870740886315
a_ws[6];-1.0730917155573112;0.6099745057496435;0.0055785184300943275;12083.913416280553;9749.140589267114;1.0001341811834283;0.09812578183401983
a_ws[7];0.021376819618728813;0.7017686634087774;0.005725931163924143;15016.371962548736;12234.262354320948;1.0006475111800777;0.12193841418545127
a_ws[8];-0.027395963691282277;0.5025097387562903;0.004942814252346953;10403.195065466987;10384.89152886442;1.0004031715355717;0.08447773616082196
a_ws[9];-0.3258033641519626;0.6532469718247039;0.005588085751916498;13737.69735128221;11011.4233459058;1.0003272022324032;0.11155511023254532
a_ws[10];-0.033681644547453295;0.7801179583546552;0.005861651240311642;17917.060585288167;11019.098794280835;0.9998714834264723;0.14549306317688399
a_ws[11];-0.19966381392474059;0.7937598185423348;0.006104112375930636;16909.83830235739;11549.502994493669;0.9999896496659564;0.137314051081343
σ_bw;0.013563250794929057;0.009884998665890685;0.0001266694561393837;5221.629339155124;6432.596477563543;1.0005885448516307;0.042401533650657616
b_ws[1];-0.039174718594340165;0.8717211495605198;0.0064873109852450475;18050.340686187017;10953.856101507885;1.0003532480476405;0.1465753461801697
b_ws[2];-0.15675567485366348;0.883668742927609;0.0066372632818868;17784.83583591581;10700.183147548716;1.0001503205916464;0.14441935001269585
b_ws[3];-0.2780933732870631;0.9404353515838824;0.006963143653863834;18281.930043540262;11751.08738786144;1.00031264615774;0.1484559361820898
b_ws[4];-0.15656271154939133;0.8770859354360364;0.007232213808828549;14764.71435953374;11368.969152415402;1.000209314913056;0.11989486271337174
b_ws[5];0.7669301113063093;0.8027434013103601;0.007568626424122051;11633.084325751966;9345.382822572297;1.0003112083612853;0.09446488528025637
b_ws[6];-0.22376094363300714;0.8898598791386435;0.007055728374684155;15969.237009720353;11836.693612531148;1.0003422243393876;0.12967602571203277
b_ws[7];-0.2617392694942032;0.9057734766455452;0.0071328801961949755;16164.953210672034;12018.176272359624;1.000250652985644;0.13126531260729415
b_ws[8];-0.18021934978093737;0.7671641695897393;0.00651924883636002;13890.709249542948;10886.490179139371;1.0004157948327033;0.11279762262315163
b_ws[9];0.3416386070297877;0.9092788988991612;0.006893260729410438;17487.058438091353;11561.849469304796;0.9999289690671277;0.14200128899492515
b_ws[10];0.4708585509810228;0.9729633061552245;0.007484958604394417;16999.517242081765;11770.160070173844;1.0004827058952495;0.13804227676215963
b_ws[11];-0.3018309764648484;0.9393406639257231;0.0068887160585006536;18616.93409384687;12554.349370501957;1.0004286196921732;0.15117629118807738
σ_ap;0.2448299848366516;0.04009359503230558;0.0008301952257238093;2214.377238908236;3979.6512125854115;1.0039706689249834;0.017981550376766124
a_ps[1];0.584962690025221;0.2459421753364911;0.005931046769861622;1717.057081461181;3006.745310275756;1.0030987772630544;0.013943129412448192
a_ps[2];0.5445103929734166;0.24428514747799407;0.005953306266163125;1682.4354701457803;3142.1610397215895;1.0030484470050798;0.013661989308109135
a_ps[3];1.0209415960345967;0.27887905949973224;0.006717621867409426;1720.2614835305626;3197.2236569224447;1.003499159948911;0.013969150325337635
a_ps[4];0.5272938603136986;0.24403298403336154;0.0058930621764960054;1711.7713439039505;2807.6835856989455;1.0027869781121446;0.013900207296697685
a_ps[5];0.5839039331641361;0.24556001736175723;0.005932245638066804;1711.5193442065515;3121.6913229415004;1.0026970947715805;0.013898160967294506
a_ps[6];0.323856369071387;0.23501783261084677;0.005648211993076671;1730.4561251764685;3187.938147461594;1.002582384367754;0.014051934531708594
a_ps[7];0.8938445799796116;0.267114495723818;0.006505468019645853;1682.1721624469446;3157.9815361425426;1.003547377621849;0.013659851153612235
a_ps[8];-1.8578328155320933;0.363913230133113;0.00734176961337215;2463.9273685620888;4293.95290070495;1.0019290901053817;0.020007988396925535
a_ps[9];0.03132332947060558;0.22873068303576918;0.005390316286862332;1801.9035905418123;3372.8725861414664;1.0017554520076697;0.014632113994893739
a_ps[10];0.1492531173792226;0.2293581220040995;0.005437029534072348;1780.5627989301254;3268.019850847803;1.0020483685772408;0.014458818987745448
a_ps[11];-0.4929247130805042;0.24057814582500642;0.005350867523684638;2024.2620345863843;3594.2803250141374;1.0011955268172008;0.016437745615844705
a_ps[12];-1.871700967151389;0.3657069959734181;0.007351731413000226;2480.9709356702865;4251.754506239944;1.0017476740162288;0.020146388374657855
a_ps[13];-0.6722076537809888;0.25053077429167714;0.005455577168284184;2109.878526333213;3548.989881057539;1.0009515807145475;0.017132982738218044
a_ps[14];-2.1449244435111843;0.3989285157961497;0.00804976440066219;2465.6311759973787;3964.8593264935503;1.0021080360485182;0.02002182393438124
a_ps[15];0.3555175366685964;0.2359926781870088;0.005699775891746306;1712.6272894322774;3318.299188064346;1.0026664777004446;0.013907157886401617
a_ps[16];0.7190608640734241;0.2543860664738772;0.006211323388766312;1675.3399334150681;3181.767004068728;1.0036921512243946;0.013604370963352121
a_ps[17];0.5846382423955224;0.24693356620303505;0.005955206072468649;1716.9833295624533;2938.6306041692173;1.0029839039723725;0.013942530520146079
a_ps[18];0.1348666802456925;0.22999062060670727;0.005465852715164295;1769.8733399167857;3375.724055452432;1.0020869371221528;0.014372016683977409
a_ps[19];-1.491860745481713;0.3210904038426657;0.006571148873625948;2397.868115910193;4162.301369312617;1.001746635578024;0.019471563185114185
a_ps[20];0.2061005969060221;0.2311382080746006;0.005481533732093692;1779.4703734599668;3355.3994559527755;1.002045847092411;0.014449948094710887
a_ps[21];1.1362990725015516;0.28976964838616476;0.006947859900339643;1734.6674821348477;3129.979173980261;1.0039709289496246;0.014086132285357371
a_ps[22];0.7176018394196246;0.2538793835812414;0.00612371651218209;1719.6156184353495;3079.1029171166197;1.0030337986250948;0.013963905665330248
a_ps[23];0.14580150109012444;0.22973508753245453;0.005445431631186786;1779.7123382309867;3337.995573413672;1.0017112564745552;0.014451912936853883
σ_bp;0.04842527315359674;0.009720690730146305;0.0001353386409021707;5100.253604465799;8278.48345568506;1.000293537352013;0.04141591844043754
b_ps[1];0.9104666868415688;0.49358531915390824;0.004768126370629692;10718.527080279173;10692.674347447657;1.000038496912733;0.0870383470676375
b_ps[2];1.1016604923983109;0.500281441349244;0.00468496210351617;11464.611958782216;11469.855893012946;1.0003709074515663;0.09309682824799875
b_ps[3];-2.2087241336495245;0.5443377602757881;0.005704090936604248;9105.223686438543;10918.769138540621;1.000194810872309;0.07393773541952652
b_ps[4];0.829896966033219;0.4936577878284098;0.004521592647707699;11978.191643170843;11601.032433410885;1.0000363304257434;0.09726728249809342
b_ps[5];0.34192082579952116;0.4778088489103273;0.00436131878366977;11980.188356664885;11191.433499128916;1.0000140315430786;0.0972834965395179
b_ps[6];-1.6666225917027973;0.5257887583390253;0.0052617514184139045;10037.784401738052;10976.152698234848;1.0003805827075605;0.08151046836986103
b_ps[7];0.2241344524787616;0.4903739497930969;0.004352056575341737;12682.42817636477;11066.110014785896;1.0002754523089123;0.1029859398597583
b_ps[8];-0.22419398724941547;0.48276631611271176;0.00424593253808215;12909.637024451384;11216.3508580667;1.0003780772875441;0.1048309585296263
b_ps[9];0.43775865505357886;0.4945485762586073;0.0046180275183341085;11489.883349297463;10195.218943751148;1.000148165446228;0.09330204115104725
b_ps[10];0.08332309737009763;0.4881604088381032;0.004316826672145227;12758.403216952667;11021.988447569627;1.0001313763021424;0.10360288488416691
b_ps[11];-0.3283207881556548;0.4859474738399369;0.004451085539515022;11893.456886977376;11023.029851936284;1.0001054924681523;0.09657920538982842
b_ps[12];0.9876759732377065;0.5007739315285648;0.00488827535715625;10577.686905663064;11496.47031225751;1.0000404122028566;0.08589467350992845
b_ps[13];-0.011025389231838226;0.4913717231502081;0.0043833592419759105;12563.600644467084;10908.924747800365;1.0006888352297205;0.10202101698509107
b_ps[14];-0.09310641034166836;0.49287837841189075;0.004666056435700287;11164.360173028717;9683.078928675504;1.0004771705835034;0.09065867429826686
b_ps[15];-0.9165597712282872;0.49854852017331747;0.004826491100727038;10733.122453843238;9916.081800336086;1.0001598397364866;0.08715686682136263
b_ps[16];0.3639274723669838;0.48704295615239784;0.004342148866483506;12626.032132953003;11094.940715608802;1.0005504715401659;0.10252798342946237
b_ps[17];-0.8866096413905994;0.5028720142889871;0.004914501714150261;10425.332119281045;11169.915698539924;1.0001933453039884;0.08465749710731134
b_ps[18];-0.15720890565322343;0.4909740006755417;0.004376920282427735;12628.494595791915;11314.687451529315;1.000235345935655;0.10254797952534468
b_ps[19];0.028124370829540665;0.48938263937388354;0.0043502009615763275;12668.70108460019;11345.883635252341;1.0003607575438387;0.10287447087075578
b_ps[20];-0.35500523272722606;0.49297442904806804;0.004374205965859273;12693.44431186964;10787.605444690098;1.0001789758818322;0.10307539489571946
b_ps[21];0.8837483045110424;0.4983372559801112;0.00477967113145388;10933.941246219247;10291.219662474916;1.0005100856054638;0.08878758861901392
b_ps[22];1.2593955870554505;0.5052581552377554;0.004950840210282158;10430.644087689601;11125.413107048844;1.0001961187257111;0.08470063222713642
b_ps[23];-0.5553683883381985;0.4779890401271359;0.004230563244965764;12764.801235579576;11597.139896070672;1.0000833741684223;0.10365483912765795
a_e;-0.00878065766991362;0.05332825949623452;0.0013454178913258107;1580.5877678731558;2512.48545382944;1.0022170033467714;0.01283494883957722
b_e;0.034152495426107966;0.013292315763008515;0.00019705333612358105;4555.644993129061;8029.322054436003;1.0008411927331624;0.03699349799269105
σ;0.9696456244587394;0.0033936759451733377;1.805745208059223e-5;35359.346367046506;10972.05323534413;1.0001400248473458;0.2871307818816129
