parameters;mean;std;mcse;ess_bulk;ess_tail;rhat;ess_per_sec
σ_aw;0.02942132538177942;0.011130200547482002;0.0001367997109558377;6713.525450363041;9780.114560899972;1.0000102295606637;0.05814597764837634
a_ws[1];0.010137653686739686;0.710306046246475;0.00533716867810001;17850.896114307423;11801.183438524811;1.0002838902027593;0.1546069668075629
a_ws[2];-0.4657244311923363;0.6484276074647068;0.005140073281670013;15933.444845660868;12057.106132000754;1.0003081896940262;0.1379998831772261
a_ws[3];-0.3832664790764178;0.7147612454589717;0.005807038503186316;15241.78855017864;11569.082564663338;1.0002072961523083;0.13200943422535782
a_ws[4];-0.3256365674931278;0.6451523668415939;0.005153680045747359;15707.404129142598;12012.669219766642;0.9999939588402751;0.1360421400290887
a_ws[5];1.6078584970906216;0.6314679397021582;0.006502154923525811;9400.520650139515;11195.84681831487;1.0003886873993137;0.08141809659432428
a_ws[6];-0.15510910187181606;0.5958549440369646;0.005101448149137599;13677.324477600809;11950.875722234092;1.0002832826446397;0.11845957973111751
a_ws[7];0.6944011367523942;0.7073645307698285;0.005210296600399238;18443.230814353887;11242.236397442988;1.0005041779410526;0.15973718944303333
a_ws[8];0.1553486498393399;0.5135410689151483;0.004695890660376614;11932.330546066785;11452.390817828358;1.000124208085493;0.10334615253258907
a_ws[9];-1.1627584319550792;0.6742774320987099;0.00546055701799119;15317.761048147819;10951.431521242146;0.9999844244024575;0.1326674335435206
a_ws[10];0.10078860055664954;0.8060821485154904;0.0064317110785941;15756.246201917678;12116.400112091198;1.0000689228009503;0.13646516219425034
a_ws[11];-0.0936119736090854;0.7918087050406444;0.005398000393206872;21526.36291750335;11818.67238289008;1.000051235681701;0.18644025799951375
σ_bw;0.012703672776444993;0.0108554518037112;0.00015641322765795596;4646.798039839905;7514.397549385663;1.0010016065214968;0.040246010379902435
b_ws[1];-0.1638731184961933;0.8915422320668378;0.0065111821253386;18831.304462228672;11128.15438847985;1.0003794493776517;0.1630983030370886
b_ws[2];0.17971347906481708;0.8988222508267465;0.005941760193351656;22875.449248096764;11893.666708280616;1.0002635439141774;0.1981247215804439
b_ws[3];0.38966957820682;0.9844066751239012;0.007619185710142934;16749.57558882051;11623.392223599527;1.0001692123986121;0.14506840779976213
b_ws[4];0.05273871128461038;0.8973753890672517;0.0067367015990939345;17722.5383140868;12376.047170089825;1.0007700814482485;0.15349525734316824
b_ws[5];-0.32297319752731757;0.8006522871636644;0.006564215891753618;15052.192527228322;11783.655780725308;1.0004433410533116;0.13036733929413297
b_ws[6];-0.27554111807427273;0.9172627823830561;0.0074271325571625855;15399.727499122231;11706.746203553083;0.9999582283421764;0.1333773466080517
b_ws[7];0.26276992223356715;0.9228010476991236;0.006787810438431719;18491.437920129836;12387.425937263448;1.0001290701929078;0.16015471214636795
b_ws[8];-0.492974845531363;0.8179482808685925;0.006917746918472378;14257.553838452019;11256.020634303719;1.0001884704873445;0.12348495778269869
b_ws[9];-0.1381821058045692;0.9219045912568045;0.006146052299062902;22556.017337375273;12116.783911134951;1.0005825915419435;0.19535811543910792
b_ws[10];0.5155450451685067;1.0110690348664495;0.008596919458204417;13893.088106454397;11232.950621307496;1.000500744787351;0.1203283128182878
b_ws[11];-0.01719944333504376;0.9259899347904552;0.006647752249365451;19372.99787339453;12408.911377945067;0.999929183288145;0.16778992046086996
σ_ap;0.22084477159007349;0.03689836601466436;0.0006901752623330045;2851.0175756440667;4894.54096209904;1.0027657729561283;0.024692720010402812
a_ps[1];-0.992381617383932;0.2754404927853012;0.006261558859270645;1937.5856283256792;4253.732049523841;1.0026535743444254;0.016781467720562198
a_ps[2];1.1034968773439164;0.29071579364908506;0.006353917692764823;2085.1850427303016;3580.2810762027902;1.0007991782805215;0.018059829188666936
a_ps[3];-0.8033850409865276;0.2593157331341017;0.005970667932935641;1886.5430548508157;3805.1611360074867;1.001953146297082;0.016339386975009276
a_ps[4];1.225428943447981;0.30290944364267786;0.006541508400872242;2136.470161926048;3343.323020917847;1.0009423735598582;0.018504010627539553
a_ps[5];0.723900561819135;0.257751338050986;0.005943840182468948;1878.8535273157331;3291.718362910065;1.0005205519868723;0.01627278782386473
a_ps[6];-2.757030729607706;0.48389127249099506;0.00961436003328884;2548.082981743159;4923.7027573776595;1.0031584896098151;0.02206899745865027
a_ps[7];0.08136354086125819;0.2314000313393338;0.005670935471823168;1666.0275992791187;3811.677219858792;1.0007617002504565;0.01442949822198458
a_ps[8];0.42644994300815847;0.2419933585155309;0.005915141059743776;1672.957353703447;3446.9075661600646;1.0007043268668712;0.014489516963083409
a_ps[9];-0.23953731605137563;0.2329990211582853;0.0055431736835542525;1769.9674420099684;4000.0751081662766;1.0014675348696933;0.015329723270193331
a_ps[10];-0.2409549431837956;0.2329993267679176;0.005650830615174956;1702.8939265296779;4235.480170636902;1.0015075339631387;0.014748798216620456
a_ps[11];0.5821400860291074;0.24979696771751275;0.0059638596436737655;1750.675843477063;3444.6997056223777;1.0007736714015043;0.015162638351041782
a_ps[12];-0.15873541842105146;0.2321245135501359;0.0056179464389793125;1712.829109066299;4035.7933997833275;1.0016391192096192;0.014834847030463215
a_ps[13];0.39886239402418205;0.24055404818556023;0.005808009478528434;1718.7551965879607;3502.553846508856;1.0006512967703247;0.014886172992526593
a_ps[14];-0.10334242327839661;0.2333727994824255;0.00569073438362198;1684.5367986110489;3800.24082118635;1.0013123997624234;0.014589806766072331
a_ps[15];-1.0007221464501637;0.27581077740330456;0.006256231436500883;1948.040479118673;3889.6499255525473;1.0026416452986773;0.016872017391524368
a_ps[16];-0.44835171540595364;0.23871332281573968;0.005652676094384216;1785.3586483607253;4262.456235445625;1.0014593737403303;0.015463026814965662
a_ps[17];0.09879350384626306;0.23098450471603776;0.005629518507228214;1684.4715835554027;3743.5869194588904;1.0008284574040835;0.014589241937176398
a_ps[18];-0.020958339924912077;0.23047103746657663;0.0055918704788864345;1705.5868597142805;3580.1887853952503;1.0006736241964775;0.01477212176457126
a_ps[19];-0.543835080023351;0.24403680662200877;0.005730569556237227;1817.7523286485584;4215.76610180893;1.0017484953048066;0.015743589125169332
a_ps[20];0.7899842485439688;0.2648006126102172;0.006138081219584751;1853.5232503293573;2989.1610934744394;1.0006083250098412;0.016053401790346773
a_ps[21];2.1314853451212885;0.4081501235160244;0.008166196674644612;2490.3224646165554;3605.458327569437;1.001432106343393;0.02156873246931884
a_ps[22];0.31724264074057745;0.2353137888441665;0.0056533170477727135;1739.0359984514114;3687.206034885133;1.00069629417298;0.015061825421427357
a_ps[23];-0.5762289624822743;0.2444329236653259;0.005824413541397796;1763.7523615940142;4097.052889593968;1.0020953798269439;0.015275894334916204
σ_bp;0.05135963755061979;0.01007419441240568;0.00014154127000127887;5051.925216856261;8242.575892473684;1.0000127234906757;0.04375482492953209
b_ps[1];-0.23493317027527008;0.47303198406385377;0.004118486345306938;13185.923114740706;10177.765551871102;0.9999535613275957;0.11420354273945017
b_ps[2];1.5047139908828757;0.5043898391652865;0.004983713894257218;10277.363288782824;10606.144360944772;0.9999884286938596;0.08901244815292902
b_ps[3];-0.6789933320338198;0.48429436765371103;0.004418124840846573;12049.873527099973;10683.314110426423;1.0007914263009483;0.10436419463258731
b_ps[4];-0.14903320035626344;0.4706695381117485;0.004249371625256008;12287.099856692003;11377.02456543932;1.000193765821275;0.10641881659835623
b_ps[5];0.6979756393528141;0.47481192449401427;0.004319584626298576;12082.741319869403;11026.591920849056;0.9998795283293073;0.10464886324043766
b_ps[6];0.5534456615467357;0.48440415631379347;0.004449777238283648;11899.5479964874;9971.27129617152;1.0002802040805918;0.1030622222177056
b_ps[7];-0.46438564438584307;0.47851168357000695;0.004256965907763932;12676.886526858449;10942.243296912766;0.9999327960135235;0.10979476671260023
b_ps[8];0.6712273350358665;0.4727341166551763;0.00434112912037062;11941.236466380313;11188.454367897388;1.0001170169221563;0.10342328688581634
b_ps[9];-0.9566502443035697;0.48315809863537185;0.004572133790181248;11450.828528836475;10058.71819440879;0.9999694795909558;0.09917585397060064
b_ps[10];-1.3868684422527648;0.5028230875543279;0.004841710851474107;10868.188932562298;10789.310282526501;1.0003320200639558;0.09412960082201306
b_ps[11];-1.751564401112831;0.5132769072913621;0.005095361310189713;10148.71978437775;11022.878602584793;1.000342098434846;0.08789826419890205
b_ps[12];-0.020006083145577832;0.47388414392432654;0.00404753016281077;13634.273035532504;10600.874465550132;0.9999733072637514;0.11808671033384745
b_ps[13];0.17173608812661598;0.46976310142472144;0.00433055719521118;11750.00739786426;10536.87488530025;1.0000613102287566;0.10176704811441897
b_ps[14];1.175239230057632;0.4912371548421012;0.004607712047169134;11402.95378906194;11516.494338263812;0.9998656680940005;0.09876120989582447
b_ps[15];0.48286194532959914;0.47986069530142644;0.004397021451960002;11951.176987627914;10512.155711609394;1.0000361629695993;0.10350938193834124
b_ps[16];-0.609084149461637;0.4789896962607841;0.004416245450472898;11799.516500952792;11213.318106125833;1.00046235794467;0.10219584744241159
b_ps[17];0.6050987926968563;0.47109964068153687;0.00432870657239233;11888.031257973189;10651.378282185116;1.0000706949516958;0.10296247551603885
b_ps[18];-0.5902005690317065;0.4749886993326141;0.0042180589975980304;12711.093025161268;11641.948730593695;0.9999667656709434;0.11009102987574017
b_ps[19];-1.0491514173608014;0.4843113428063914;0.0044926256001535676;11693.780532319523;10711.629476276448;1.0006180743223854;0.10128006611198599
b_ps[20];-0.33076799689560615;0.4786467451486452;0.004423918255445073;11731.614971886233;10374.1745301955;1.0003422821940724;0.10160775094667532
b_ps[21];1.5079973570515195;0.5046789841177449;0.004908684039291489;10603.844048993604;10673.67233198661;0.9999814671393188;0.09184010452009365
b_ps[22];0.2797812867363584;0.47197965264658437;0.004301125425111989;11974.768875755788;10463.30946550739;0.9999896335158236;0.10371371175132976
b_ps[23];0.5594588685725511;0.47448488494046714;0.004385616651736836;11758.21763336484;10152.657367786038;1.0007536367323824;0.10183815712762437
a_e;-0.007649529720717526;0.04738189254923349;0.0012807527297541334;1371.9760158655324;2798.3894257208367;1.001068356701088;0.011882711600998215
b_e;0.027251887250275844;0.014369933019440942;0.00021326056147167086;4523.803114752447;7292.179086706285;1.0004200321833658;0.03918074888385607
σ;0.9801020574850231;0.003491734343719826;1.8322835485676236e-5;36301.73094070811;11500.3375469699;0.999977519604824;0.3144100147503935
