parameters;mean;std;mcse;ess_bulk;ess_tail;rhat;ess_per_sec
σ_aw;0.04326630581557028;0.014030696787965685;0.0001813247991703551;5966.869443643064;8860.070736232465;1.0001458570473594;0.04934606428154862
a_ws[1];0.5612081181404115;0.6055910746738074;0.0055460448705742914;11956.007054624306;11367.27824182236;0.9999289535662782;0.0988762865084454
a_ws[2];0.6928840514830815;0.5507401768777221;0.005385529945514733;10571.149205752043;10823.166435257614;1.0000877584187733;0.08742349956938099
a_ws[3];0.45290625529396394;0.6197762011789371;0.0055768832777499016;12400.64301552578;11322.814908902528;1.0007806787054694;0.10255342992774841
a_ws[4];-0.1130836485227162;0.5499841989439166;0.005247011610284471;10923.01760731209;11930.241679322487;1.0003316151628319;0.09033345443365678
a_ws[5];-1.8075587118507541;0.6210076289885669;0.0072734609743349;7239.393823052871;9585.565954917312;1.0001085755107357;0.05986985241187099
a_ws[6];-0.15437746627539373;0.49638176474177853;0.00483607070163401;10537.500893570616;11411.803403027334;1.0000924469978525;0.08714522772322231
a_ws[7];-0.4467011181238788;0.6179872923253125;0.005466957498139728;12752.540794318762;11882.220542747858;0.999961998770479;0.10546362774200636
a_ws[8];0.4139251552213367;0.4356045131541932;0.004907025392634992;7901.199440130174;10124.682276405325;1.000102174656822;0.06534299085249481
a_ws[9];1.0864698121747933;0.5773405716047983;0.005635680136211463;10530.124795772152;11209.689506796227;1.0001701913502383;0.08708422732769702
a_ws[10];-0.5785451701155102;0.7095553269158311;0.005479871255975399;16709.662797642668;12822.812637069585;1.000424428610744;0.1381890625098117
a_ws[11];-0.17926937021585007;0.6963555067069016;0.0056237087875168935;15302.521008653564;11910.854119400521;1.0001004509089146;0.12655198718437688
σ_bw;0.024943672258149106;0.011671710169410047;0.00014274511570897948;6111.412409671597;6269.384242316849;1.000708886599605;0.05054143591829335
b_ws[1];-0.0005084820452238983;0.7265669669330272;0.005528791549856738;17322.97777582127;12478.17201567704;1.000106368068168;0.14326118292804557
b_ws[2];0.4763045643133337;0.7627872823127725;0.005703378319361588;17978.261074086047;11719.674239600547;1.0001721420091654;0.148680381733082
b_ws[3];0.13330302022220106;0.8699333855801021;0.006613722526847536;17314.02603978436;12193.453809336113;0.9999065816533949;0.14318715199003346
b_ws[4];-0.16021786104208757;0.7561790136315092;0.006166602757738439;15049.065968762212;12282.046121285675;1.0001558852059274;0.12445591171145266
b_ws[5];-1.3769860955594253;0.6422202496462108;0.005986831509263679;11643.02493907586;10887.392064802;1.000361099514557;0.09628792158129205
b_ws[6];0.21643640808773257;0.7694891854166669;0.005753921787788861;17939.069831452376;12951.770859239976;1.0001027558427857;0.14835626980193606
b_ws[7];-0.4943803765316417;0.7979918897875716;0.006393832994891079;15643.462057892903;11455.970212584903;1.0004141725512459;0.12937157274610003
b_ws[8];-0.09084546625014459;0.5884519745598665;0.005434801491818778;11832.966572760095;10256.419645232432;1.0002166801104868;0.09785874061027386
b_ws[9];0.8683523318792388;0.809475126043166;0.006012041609911806;18244.10564992292;11145.23964968832;1.000666804105967;0.15087891878036452
b_ws[10];0.3471211226348017;0.8983456245107295;0.006517180122688018;19034.065056883475;12591.15497615431;1.0000644571836181;0.15741189022273777
b_ws[11];0.1344839853314839;0.8388011542140166;0.006252224484546996;18017.7233783861;12270.005746111568;1.0001078483117758;0.14900673534666126
σ_ap;0.24506182038626212;0.040199258408469815;0.0007843698672864965;2538.984207284781;5027.076987560219;1.0018924296463874;0.020997422364585308
a_ps[1];-0.42936727721076096;0.23756554020181414;0.0056875657521320375;1744.972715045762;3079.9888362404336;1.0004792121904733;0.014430940140299728
a_ps[2];-0.9240474210928967;0.26786396904393034;0.006240743750692369;1839.6721663183869;3216.601160832037;1.0006557177268813;0.015214105459075868
a_ps[3];-0.5714946339018406;0.24315857531727153;0.005847156064524474;1731.192700808208;2950.636883900213;1.0006696823769456;0.014316979297886553
a_ps[4];-0.5703286518399195;0.24436010389885232;0.0057863258626534575;1782.6391309220548;2890.159931089951;1.0006753588862538;0.01474244174036696
a_ps[5];-0.5530558171436278;0.24416813345595859;0.005833340967822134;1750.5391400795274;2991.0334790130005;1.0007860739817858;0.014476974525688744
a_ps[6];-0.6543114364371261;0.2508543704513049;0.00588607259998554;1817.4775469339922;3216.238094988789;1.0006661549913267;0.015030555755970891
a_ps[7];-0.31338356323733546;0.2336966947939079;0.005617929221939662;1733.6025689199441;2867.287592321455;1.0004923729694541;0.01433690892897283
a_ps[8];1.2861137029116216;0.29971756678374006;0.00640855304831615;2182.096556620872;4253.583884188298;1.0016713473001402;0.018045958264811115
a_ps[9];0.15122658562417685;0.22933309097511698;0.005402402122316185;1804.5058842637466;3352.791737579065;1.0008690809338343;0.014923279988332561
a_ps[10];-0.13146799168361975;0.22915749127470655;0.0054797734793304775;1751.8085811290027;3100.2739703284697;1.00087462810889;0.014487472814652612
a_ps[11];0.9378222138797683;0.2690311638783419;0.005971296363293459;2025.5620671701586;3439.9401084953042;1.0015877816251506;0.01675141662087694
a_ps[12];1.6560910434741012;0.339728279274541;0.007160100231971329;2244.3127268306853;4061.9975168198152;1.0018778810776443;0.01856048655531964
a_ps[13];-0.3589051503871344;0.23449265071780534;0.00562819571067165;1738.7838045750264;2824.429167819808;1.0009642573406161;0.014379757794715306
a_ps[14];0.970024661233624;0.27250004724563925;0.005974290332902604;2075.3336363513727;3851.3249623059974;1.0020267719994589;0.017163027948291908
a_ps[15];-0.46945865277450605;0.23792913676366087;0.005677498356005782;1759.8839809237797;3151.3386825166103;1.00068242939376;0.014554256444014039
a_ps[16];-0.07747550794058676;0.229389995456755;0.005489921794927711;1747.6438022447571;3114.6993159866083;1.0006689757518223;0.014453030055600901
a_ps[17];-1.4889900908726172;0.31991024887458785;0.007300119144793638;1920.6596434844168;3343.5166456084835;1.0007037888208121;0.015883872627937428
a_ps[18];-0.2843430139431963;0.23334847359376923;0.005573898874285743;1755.9403980257316;2915.9431199010774;1.000792944006704;0.014521642977769353
a_ps[19];2.739989727945249;0.4754844337588874;0.009539980250743993;2477.4424998432455;4899.276040867593;1.0022358925385844;0.020488471887272347
a_ps[20];0.3527654896827149;0.23450501649178987;0.0055216950224396145;1803.3010288528308;3290.584504444187;1.0010404110499795;0.014913315823183889
a_ps[21];-0.4562200850244543;0.23909158349032045;0.005718039057984048;1747.8254044188557;2827.0998990062712;1.00074468400125;0.014454531907223662
a_ps[22];-1.0559992259873456;0.2800252379336925;0.006573263036391619;1812.3534806748776;3252.811169806129;1.0008322856096539;0.014988179681650282
a_ps[23];0.1983933182431518;0.2304329210803808;0.0055145621424589975;1748.5455008619338;3263.0375292604836;1.001212054564293;0.014460487111322673
σ_bp;0.04367429856421391;0.009092764935246017;0.00012755331469719615;5079.059828145072;8457.238480792974;1.0001267879865174;0.04200387072931417
b_ps[1];0.35202636747241645;0.5224147407397968;0.0043852307828641445;14254.64992154188;10870.768149281179;1.0000586060971546;0.1178860838138116
b_ps[2];1.0219849348182766;0.5262767073227144;0.004597164581583622;13230.059158224363;11147.80189954735;1.0002778024775214;0.10941270893164255
b_ps[3];1.063890102265323;0.5305498955312251;0.0046421040915341095;13073.273836636485;11595.048041839413;1.000027702120208;0.10811609290366472
b_ps[4];-0.6080322610158349;0.5246087608801556;0.004347330704745786;14540.403794526186;11638.624800760623;0.9999820361520739;0.12024927092862399
b_ps[5];-0.5107347908189208;0.5187976503777896;0.004293158749758639;14634.12053890997;11452.083956348206;1.0000359953574969;0.1210243092525388
b_ps[6];-1.0512177989901499;0.5377059631928451;0.004593324349794185;13745.907690505815;11381.313960423951;0.9999639296749757;0.11367878096052232
b_ps[7];0.6292312169626761;0.5283257466831822;0.004490145878182288;13902.048017001714;11183.892749756049;1.000156884399196;0.11497006287325416
b_ps[8];-0.9294809414447796;0.5312379249412128;0.004646105656000082;13144.504704277952;10704.679212813433;1.0002497506727663;0.10870517282348952
b_ps[9];-1.4191422064245487;0.548683409882911;0.00476717324692885;13472.243860182572;11679.75089015044;1.000109877337697;0.11141557860789625
b_ps[10];-0.21828832741119242;0.5194562035700261;0.004231513515835832;15071.6949780957;11340.839960963398;1.0004714687392402;0.1246430538233666
b_ps[11];-0.12273778265779157;0.5117045931646941;0.004431044011523885;13346.702262176093;11536.429013121138;1.0003426454544058;0.11037734845660041
b_ps[12];-1.6971500456546;0.5484168645938557;0.004878459306767476;12751.145112440281;10851.69807068063;1.000171212754018;0.10545208544024451
b_ps[13];0.24039622118602944;0.5194417232118625;0.004275511882683532;14743.235307590892;11919.575927080872;1.000459634735182;0.12192668937669779
b_ps[14];-0.9176404928455858;0.5278391859407195;0.004353269184994718;14712.698011920536;11357.995725431276;1.0006620502951376;0.12167414566523123
b_ps[15];0.8100646832832613;0.5247784526607167;0.004642018774262482;12864.84412304252;10448.702610568609;1.0003700611915387;0.1063923772865667
b_ps[16];0.28012914074448214;0.5194825128312327;0.00449356977803785;13375.045228372404;10233.475585272323;1.0000563639276345;0.1106117450434644
b_ps[17];1.5041861227230933;0.541464079742505;0.005230216457527333;10858.046697512167;11127.267982924466;1.0000333670684685;0.08979614442181577
b_ps[18];0.40821978932635755;0.5198915281787888;0.004646935662127314;12529.092381992206;10938.84627875202;1.0011575549747462;0.10361570735051476
b_ps[19];-0.3900031334491962;0.5163937255106359;0.00430357678486426;14414.6670950085;11264.922678817382;1.000159591488354;0.11920942728606537
b_ps[20];0.552449945099112;0.5221127442400614;0.004643109993489477;12734.561283085479;11167.716547305155;0.9999806187978457;0.10531493702144541
b_ps[21];0.760025626955103;0.5278294089404271;0.0045668235996107805;13401.931124238114;11157.006673432566;1.0003437697296054;0.1108340916455121
b_ps[22];0.4353804554865877;0.5203310732753134;0.004376770847813412;14157.180803286621;11063.166868827424;1.0000362160100256;0.11708001332403173
b_ps[23];-0.11682070132014678;0.5153867917251035;0.004305617363461097;14388.150994101376;11431.757154731835;1.0007795118857399;0.11899013889167072
a_e;0.0069534544701443475;0.053761082738870675;0.0013550486641456373;1582.2053591981262;2667.035681697593;1.000731061192101;0.013084852634873892
b_e;0.009666969115024593;0.014995121583713533;0.00019437879542659074;5947.762142363632;9153.229980656684;0.9999666168681288;0.049188046727102835
σ;0.9734273517470876;0.0034801900395684884;1.7562836406864364e-5;39264.81611981781;10855.753018324498;1.0004618185605296;0.3247203845420052
