parameters;mean;std;mcse;ess_bulk;ess_tail;rhat;ess_per_sec
σ_aw;0.05894929637379781;0.01802900726334383;0.00023921216823249666;5580.869545900616;8759.855359997257;1.0004909484390478;0.04011485858977397
a_ws[1];0.9330240528374902;0.5169289380703389;0.005428604737449885;9101.76989569003;11546.232925357788;1.0002327515038902;0.06542281794607806
a_ws[2];0.5389909963065173;0.4657143747528801;0.005127142541910307;8254.126306279819;10463.091786413472;1.0003896613883017;0.05933002139456294
a_ws[3];-0.9204819233337669;0.5246566423566148;0.005651009749456607;8629.673051916821;11298.569509298024;1.000595509117124;0.062029422351918065
a_ws[4];-0.6782702314011708;0.479369787228697;0.005574354709046364;7390.642731059827;10315.838141549935;1.0007208173237634;0.05312336825034353
a_ws[5];1.783277863827038;0.5620906134430872;0.007222611956839339;6045.350738259279;9376.416503891674;1.0004128678676616;0.0434535134706722
a_ws[6];-0.3797551325251951;0.4305550854033737;0.004982786840851919;7442.033193192143;10146.860674301262;1.000513587112395;0.05349275891685987
a_ws[7];-0.7045453889062842;0.521044761331222;0.005467801526788836;9078.731638574041;10426.498692111762;1.0000434894365113;0.06525722073604445
a_ws[8];0.10620344876025609;0.3753702564983681;0.0047633188065243776;6174.77294615783;8997.837731892067;1.001017807152843;0.04438379028963857
a_ws[9];0.4358250227428209;0.4693482203477434;0.0051601498654460735;8273.757722643142;10165.094998330884;1.000579230084353;0.05947113049680135
a_ws[10];-0.4494020809082851;0.5905050556713636;0.005395835155252233;11971.301311106694;11524.99485022038;1.0005070022416085;0.08604878778852085
a_ws[11];-0.7264425131960147;0.592577949454855;0.005853829603954685;10309.932040352815;11721.590985560348;1.0000133431320752;0.0741069939849653
σ_bw;0.015535320165231705;0.011249397977457809;0.00014598650097114106;5109.385431920726;5796.371680185918;1.0000751557440637;0.03672586724997085
b_ws[1];-0.3789843770112679;0.8542663888686554;0.006925976738224911;15277.823444176443;11535.98783026312;1.0001762222929873;0.10981581310619395
b_ws[2];-0.7118859817566666;0.9230844156415712;0.007429680710753025;15709.77139835414;11891.277929721924;1.0003153992873877;0.11292062158764436
b_ws[3];-0.08333182004146795;0.939829433197365;0.0069600809100082515;18230.890859052786;12572.907685117374;1.0001017436005046;0.13104223325085568
b_ws[4];0.3793323926786275;0.8797431466180212;0.0072856188708208;14626.35127277132;11835.746741771054;1.0002208280424927;0.10513308153252982
b_ws[5];-0.22490564251057488;0.740420542663131;0.006576373471746412;12736.738736393814;10951.427652128601;0.9999544710712202;0.09155069279134749
b_ws[6];0.08071814714719217;0.8741196119269349;0.006356506741713349;18930.769911033454;12180.953344568563;1.0004368072883256;0.13607290973759997
b_ws[7];-0.13665216584369932;0.903544277453985;0.006815224940307376;17581.488224865112;13019.28376057927;1.0000666567230678;0.12637437735062224
b_ws[8];0.621534949469926;0.7670202564643315;0.007260156032574866;11423.036831898364;9529.544483322354;1.0000670906238907;0.08210790512277327
b_ws[9];0.2954282865376695;0.8991700334444128;0.007136866698646785;16026.68421186786;11128.968944141281;1.0007589001752644;0.11519856637650408
b_ws[10];0.32481450515774124;0.9691279705546966;0.007216162436847523;18078.19635861505;12975.456184905084;1.0004279435504007;0.12994467699333745
b_ws[11];-0.16603288568015084;0.9308815127273351;0.007375625402056901;15964.24846610797;10724.109427790178;1.0003770017616107;0.1147497830656767
σ_ap;0.2189017455930017;0.03585738670569671;0.0006789363040407112;2673.8126453085106;4247.847597639592;1.001020761071532;0.019219158462660552
a_ps[1];0.25022947426579323;0.23796116060527547;0.005146630069569706;2128.9293265335527;4658.821838385038;1.0026356135112233;0.015302579316559614
a_ps[2];-0.7705064516158445;0.26436089886770153;0.005639453929436755;2193.5167147367874;3931.81704178297;1.0011796250129887;0.015766828466830245
a_ps[3];-1.9127190483533039;0.38050827439719637;0.007927537041370745;2302.0837073432695;4431.438693460536;1.0008004036482039;0.01654719961152491
a_ps[4];0.4519588464464854;0.2436590853757449;0.005075379318619387;2299.1345393754896;4866.843948573468;1.00204579257783;0.016526001220304336
a_ps[5];-0.5000563423929053;0.24981825569559368;0.005293122220699515;2224.4383041268766;4400.776990004895;1.0014997218121047;0.01598909045943776
a_ps[6];-0.35392995639076646;0.24300198513483823;0.005201667346684637;2179.731332046763;4264.207360562441;1.001983012840742;0.015667740202417676
a_ps[7];0.5398040169821925;0.24731298635791613;0.005289917576694215;2178.18688616579;4960.870960216435;1.0023646895623897;0.015656638844895297
a_ps[8];0.4535058228364053;0.24184290144427245;0.005082402589366422;2256.6748374018052;4543.820857664434;1.0023615944798336;0.016220804166972493
a_ps[9];-0.18112991822336005;0.2360691278701083;0.005175960340237926;2078.173322237387;4384.129011360348;1.0022343020971796;0.014937749083891259
a_ps[10];1.374656059853486;0.312078313631489;0.006339191573734188;2418.7974482098098;4676.72181045542;1.0021811456056355;0.017386128952524088
a_ps[11];2.287244602277027;0.41579000198589644;0.008073134280723683;2648.5506459927456;4744.894904030945;1.0021261040494935;0.01903757716571172
a_ps[12];0.8508615931878553;0.26513774202544504;0.005493119712777613;2320.934535367511;4727.125386334942;1.0025401314192943;0.016682697905164127
a_ps[13];-0.3766770434058321;0.24258952745320828;0.005230197138514359;2147.127962377322;4145.831413044294;1.001739729875321;0.015433389703255687
a_ps[14];-0.2908770100387756;0.24081093757134364;0.0051654783258087;2166.9706702566446;4375.383068369405;1.0018897995842466;0.015576017552566714
a_ps[15];-1.0559833776652054;0.2868036762553391;0.006088576455679381;2211.570207130358;4285.820757429023;1.0011100321415314;0.015896595573633807
a_ps[16];1.0204163770860548;0.27886788133403523;0.00572282639342942;2362.86883510057;4519.98829443672;1.0023627430600204;0.016984118407832653
a_ps[17];0.5922478293045859;0.24964635757093734;0.00529032812804842;2221.37096102542;4496.417804716128;1.0020532880180792;0.015967042634497716
a_ps[18];0.09049069374642317;0.23509136950750018;0.005032065698748561;2179.874106605539;4456.960649472206;1.0021162881526933;0.015668766454901884
a_ps[19];1.1036809807687031;0.2862849572413225;0.005907357099773992;2324.289204413897;4785.938345164606;1.0025414649619795;0.01670681100677033
a_ps[20];-0.4237911482897088;0.24570582241867558;0.005316891305755378;2133.3232125709173;3772.5450091531943;1.0015888290295019;0.015334162229508714
a_ps[21];-0.9267982529252774;0.27667965021199553;0.005887906643602648;2202.7347072797847;3848.2293345546314;1.0014932341920242;0.015833086684174803
a_ps[22];-0.909140787349834;0.2766348696606251;0.005921622239641401;2174.5877607743882;3820.222411087023;1.0013882124119189;0.015630768609990953
a_ps[23];-1.173278024037363;0.2993423208834988;0.00634041005723577;2221.7318034328623;4511.449503035767;1.001361397948019;0.015969636341809576
σ_bp;0.0381055554865964;0.008587491802910376;0.00010992920103976391;6051.456967047881;8975.496571818847;1.0004156984631487;0.04349740457085954
b_ps[1];0.10481469886083;0.5718280377351835;0.004430240645854615;16681.537847302818;11267.70431661109;1.0002970625350955;0.11990560365204275
b_ps[2];1.2048305166855129;0.5694628525540223;0.0045898439183670895;15464.07682234135;11661.797893475807;1.000578497200102;0.11115458798088013
b_ps[3];-0.8465895094125325;0.5750516702317766;0.004704299619156127;15002.780676313903;10859.627594177862;1.0001898536200051;0.10783882696663256
b_ps[4];0.24467394224827377;0.5740734974054654;0.004717807829105886;14839.945946211035;11525.985176716118;1.000071034110823;0.10666838352267521
b_ps[5];-0.5690241260716248;0.5653308326885902;0.004693325501186626;14569.202487366212;10399.659705362958;1.0005937106275389;0.10472230048376167
b_ps[6];1.4743612318953305;0.588529154817388;0.0047841546444182086;15212.253478169576;12009.99983792967;0.999979420636988;0.10934450126267777
b_ps[7];-0.3353550860002983;0.5616391928774207;0.004630709944591678;14705.971383144513;11467.888174756543;1.0001032230551654;0.10570538472690727
b_ps[8];0.5910174770322805;0.5682625457662862;0.00463030466637929;15067.9369559127;11359.444392011985;1.0002556497005073;0.1083071652642481
b_ps[9];1.1502605822778142;0.5757062432764086;0.0048449274245620936;14197.738542078368;11533.957901740876;0.9999414098684111;0.10205224637949274
b_ps[10];-0.9355531486728494;0.5701949131397401;0.004678043426539415;14979.099727019333;12092.761199487453;1.000426521878975;0.10766861013493452
b_ps[11];-1.2685209377765483;0.5755581276534136;0.00488761601804854;13958.159964402204;12272.44286222491;1.0001506709243402;0.10033017409567133
b_ps[12];-1.0734423255891588;0.5703429558549878;0.004724019244298521;14639.39810199191;11508.665708027616;1.0001463352233835;0.10522686113173463
b_ps[13];-0.7596975207846287;0.5620813061053506;0.0045858955022397676;15030.477561302898;11726.666303502952;1.0001617316635216;0.10803791003345087
b_ps[14];0.9563932352502773;0.5813529851743698;0.004714292717937195;15281.853119490166;11661.870235307179;1.0003771769179328;0.10984477810063491
b_ps[15];0.7413843557208715;0.5638142533276386;0.004611348231524838;14928.136469515068;11523.414933288777;1.0004528461833098;0.10730229018223834
b_ps[16];0.4089987747010142;0.5663397114896587;0.004627129002621513;14976.47971885061;10702.262428420363;1.0001642515850433;0.10764977771888753
b_ps[17];0.4176680519572352;0.5724660363605635;0.004526753374737489;15993.435721158898;12003.43663231475;1.0003119028334033;0.11495957879721312
b_ps[18];-0.8370054638492835;0.5761626744350952;0.004646768337989227;15516.669040604464;11490.052123011348;1.00001698235287;0.11153261677750323
b_ps[19];0.4723581778857265;0.5740666861980792;0.004566508061502175;15789.838605246237;11266.753740483604;1.000674169110671;0.11349613847721472
b_ps[20];-1.0305943867601928;0.5726593131011576;0.004551226529501667;15873.947273009735;11082.062696583087;1.0000213484973846;0.11410070507490294
b_ps[21];0.10056217158670913;0.5647894457972874;0.004638258965618686;14809.888113258468;11674.708754070383;1.0002521311669808;0.10645233014452504
b_ps[22];-0.00026788883071437384;0.565098934441996;0.0045290754669275015;15555.177895077135;11936.934042930208;0.9999655629002736;0.11180941544461417
b_ps[23];-0.1162233491086303;0.5601119608313522;0.004229202254922928;17501.66918149213;12334.247340253498;1.0008657586305167;0.12580064424123066
a_e;-0.011580755422238393;0.05058221003397093;0.0011754239221240794;1850.2799306573058;3841.0846194585474;1.0025183704124323;0.013299669013825106
b_e;0.02876307693497261;0.012466058380698572;0.00015321596222683866;6774.065956100237;9370.43759822721;1.0008365922325198;0.04869146208700901
σ;0.9751498605288128;0.003497829087438872;1.92689309320313e-5;32960.687979131246;10557.32588068849;1.0006726354299333;0.23691887553181282
