parameters;mean;std;mcse;ess_bulk;ess_tail;rhat;ess_per_sec
σ_aw;0.06043544755233517;0.01794262853969056;0.00042529180919905835;1795.8219151174505;2296.691997900191;1.0006050461384515;0.028173312660565573
a_ws[1];-0.2961485070134652;0.510038865026163;0.009164323984133062;3092.066857403791;2816.1751583484047;1.0010393923570275;0.04850913423412143
a_ws[2];-0.4939135710296912;0.4602081267433711;0.008673211831531335;2807.635266777228;2913.833066219478;1.0011732043981685;0.04404689882770027
a_ws[3];-0.16161049820981147;0.56576251538621;0.010077245092727668;3145.3256814354872;3052.324887438901;1.0018800460730861;0.04934467226200038
a_ws[4];1.0998177602205306;0.5427943786897977;0.010862764834486966;2503.7294250314458;2493.607120822943;1.0013944345657548;0.039279146398130266
a_ws[5];-1.9517754171348598;0.5952155744305633;0.013236254023979483;2011.2157136540313;2460.4951042965336;1.0016231603831098;0.03155246555998939
a_ws[6];0.36595016709041706;0.44932982014486156;0.009303457738130076;2328.9260991322417;2912.0171519139985;1.0030288624960566;0.03653678719580205
a_ws[7];-0.4668482670187598;0.5659181302909015;0.009812438485016124;3276.0426306917025;2736.1505333558575;1.0039936921748995;0.051395393132722005
a_ws[8];0.8656120071497498;0.4427639303560402;0.00968304977978019;2081.1513765553664;2392.9473637004435;1.00208842208039;0.0326496340934931
a_ws[9];0.46395628726783156;0.48622311605275637;0.008954088226965883;2939.291532424062;3134.912354302513;1.0011260880526782;0.046112355933756434
a_ws[10];0.3624962784890321;0.64369201172761;0.010696944428545468;3632.0712800343717;2647.167223095487;1.0004901950293186;0.05698086147432751
a_ws[11];0.18824902218621156;0.6368216230095829;0.010365322051081469;3784.751957089756;2876.6495155061257;1.00061082733018;0.05937615491389268
σ_bw;0.04594403921041502;0.014460722881541186;0.0003542231922899992;1623.192686656388;2192.080699382133;1.0032749500373612;0.025465061253873263
b_ws[1];-0.2269012046515673;0.5666104704044217;0.01047231666317909;2933.8529576638557;2788.1025347356845;1.0015133359071549;0.04602703418450207
b_ws[2];-0.8744919075632953;0.5900666075111407;0.010156198977811568;3389.168087330147;3137.7254783365934;1.0007464508646569;0.053170134176315796
b_ws[3];0.14048240409548324;0.7487334844100296;0.011072569119291883;4565.253704214059;2883.737159868717;1.0000879474969806;0.07162086557742889
b_ws[4];-0.4188234906366748;0.5958708874493848;0.00990113766542761;3656.139708916092;2663.846066269525;1.0003591062900308;0.05735845313106422
b_ws[5];2.0460297194544794;0.6405684145039835;0.014864913484043849;1879.2945117178037;2575.1341893515423;1.0018622175321497;0.02948285206578951
b_ws[6];-0.14466406141092375;0.6092909658443457;0.00943106956860268;4196.808898883624;2898.4880687518207;1.0021533754549776;0.06584060941096115
b_ws[7];-0.43997298237867083;0.6315823677921804;0.0106655789874868;3519.275925591993;2958.1902664299037;1.0006536219725637;0.05521129915825754
b_ws[8];0.2222548222315632;0.43340977754175686;0.008435812008699754;2630.323534378174;3060.4604627475637;1.0022552594518688;0.04126518710383016
b_ws[9];0.1770700037441105;0.6168413643488678;0.010260558583802822;3683.9147977816647;2916.245992558235;1.0033649668677866;0.05779419581590254
b_ws[10];-0.16291387096444232;0.7911434513621061;0.011214285736267952;5000.658178036454;2962.054387108205;1.0005699411327753;0.07845160211736309
b_ws[11];-0.3686453004447164;0.7002678077073434;0.01069921239991018;4301.691029694266;3239.4626894801218;1.000630096146567;0.06748602705452593
σ_ap;0.16609599808814293;0.02835702047755245;0.0009086995678353686;925.7872062594477;1146.1032043346695;1.0031757556585712;0.014523986036440078
a_ps[1];0.15322166795269446;0.2570491800697215;0.009103340486039335;799.848114008048;1733.6314243629922;1.0010457618553028;0.012548221406151312
a_ps[2];-0.2279750815900602;0.25466458222488686;0.008826165437000691;833.3281703031674;1509.2904737118806;1.0020465550859474;0.013073465076448122
a_ps[3];-1.4603006987645417;0.3382140371437263;0.010742856108740827;982.2350098214242;1537.662054358524;1.0035537237258843;0.01540955358930611
a_ps[4];0.3266304101175445;0.2606005545807725;0.009408462682972794;768.3927872065811;1562.175137839087;1.0019849277913584;0.012054742209045047
a_ps[5];0.46847793860759257;0.2723892336991309;0.009847604440732668;763.4711596916072;1503.477444910889;1.0017530346932837;0.011977530460145583
a_ps[6];-1.9624692468609144;0.3958557939264586;0.011863243758992502;1105.9664925437166;1568.7627486246035;1.0023772489991287;0.01735068467772059
a_ps[7];0.2775214735379648;0.25935748190648494;0.009388736051415584;764.2143111660334;1634.9561714261229;1.0024987858479306;0.011989189210195863
a_ps[8];-0.005979327350196201;0.25629321558064694;0.009215850697938652;774.9879255177703;1589.5201258777818;1.0018857429887646;0.012158208422546878
a_ps[9];0.5600579870121593;0.26924794812972175;0.009849004149887113;750.5105958462649;1538.8390907483583;1.0030075154950933;0.011774201825831545
a_ps[10];1.2282241461070111;0.3232213661746119;0.011900747558027686;738.6182908595349;1427.3828246745336;1.0031972006819916;0.011587632309207714
a_ps[11];2.1443711871185833;0.43046317765918396;0.015853568645874963;741.244335884424;1303.470385560661;1.0029864761024645;0.011628830373962416
a_ps[12];1.0638676901007111;0.30884040018122594;0.011428452641198069;726.683797719432;1497.8133257227141;1.003666418524189;0.011400400934063535
a_ps[13];-0.674360400656511;0.2758063944971252;0.008616666985675214;1022.549782564546;1694.4458235139518;1.001151860647115;0.01604202203607709
a_ps[14];-0.5470153923333259;0.26648293612549095;0.008664927048834717;942.0074597108301;1677.314730234628;1.002295431708937;0.014778453513461331
a_ps[15];-1.6428350525441575;0.3568984002409226;0.010804942751367248;1088.4628784123133;1593.6929738399654;1.0031682221379312;0.01707608351072143
a_ps[16];0.2998167377795128;0.26110535104612315;0.009404736046782058;772.1557287237658;1487.8757240403131;1.001582912011407;0.012113776196209711
a_ps[17];0.09325425515428838;0.2566785076713558;0.008991874040718552;814.0613151260548;1367.1888698271941;1.0021458178220113;0.012771201733785254
a_ps[18];0.5615352973495799;0.2782959134373613;0.010433016889513078;712.2372595997912;1366.742096796789;1.002277394272663;0.011173759955979244
a_ps[19];0.8320290507956277;0.2896649490271145;0.010687449911915534;735.924053112609;1559.0590592893614;1.0027697252514491;0.011545364419620747
a_ps[20];0.573342096123385;0.2753830788817614;0.010122821044862444;739.1448738944972;1489.089304154091;1.0030985464279836;0.011595893478291827
a_ps[21];-0.37154267438343297;0.260546677750135;0.00864368545446008;906.0711010820972;1925.1969210430518;1.0013683850281345;0.014214674745084243
a_ps[22];-0.4936652666084931;0.2654527340743309;0.008818301460060407;904.0638780336006;1556.71697973282;1.002840133123322;0.014183184917474532
a_ps[23];-0.8228229965516378;0.2848711099112329;0.009125152132941816;965.4507553042545;1777.612541364038;1.0020082157585606;0.015146237919580693
σ_bp;0.05583693718455531;0.01095963949393203;0.0002995165839837039;1385.158967987291;1873.041274747019;1.003326748818231;0.021730727507654903
b_ps[1];-0.3608625453431959;0.4534708445562623;0.007411812687489568;3742.452128545777;2666.949376196613;0.99954041773166;0.05871254440495204
b_ps[2];-0.6279799467687595;0.4468711663232611;0.007177473941432435;3865.4237026131545;3042.2404199326425;1.0009650441260312;0.06064175385239078
b_ps[3];-1.009470812390898;0.47020754646312923;0.007916466946478221;3539.5573849437637;2914.952317155651;1.0008733982229296;0.055529479870231206
b_ps[4];0.7418092875776856;0.4536238853719818;0.007283244228325358;3877.262637754576;3163.467838367072;0.9998040644368258;0.0608274860892566
b_ps[5];0.22863677756635997;0.45370247716755346;0.007213338891322501;3979.553714935155;2857.8392003610265;1.0008134507858466;0.062432254622001686
b_ps[6];-1.514451319718983;0.49350138516611275;0.00859636902633213;3280.168559165913;3013.104490321447;1.0013804395708283;0.051460121751935595
b_ps[7];-0.17364780078531936;0.4488105335625148;0.007041887205086085;4083.2686159281375;2843.99663359931;1.000676879762906;0.06405936046620439
b_ps[8];-0.20586335983930604;0.4398058527799005;0.007149278352800212;3804.3686064698727;2800.010738969217;1.0009847868485182;0.05968390591731139
b_ps[9];0.547029121812652;0.46036085118462505;0.006996636526531591;4324.71982425916;2957.776483279005;1.0032947818405193;0.06784730866269155
b_ps[10];0.850169334989246;0.45618658579405563;0.007438018868260755;3788.140139952545;3026.571060150262;1.000132653857909;0.05942930959161487
b_ps[11];2.083617221818491;0.528047451578004;0.010234305118235063;2684.279448697335;3069.397545019779;1.0008582647349689;0.04211166126209935
b_ps[12];0.7826353975174651;0.4604639882252779;0.006946046827165111;4390.917711868514;2809.8158601169903;1.0010739517981306;0.06888583802319627
b_ps[13];-0.38337035993363033;0.4585617393419396;0.007318719791276935;3944.3449379236026;2866.770111202412;1.0010227435747774;0.061879890339779565
b_ps[14];0.22205826448604457;0.43447866738486535;0.00674095981795296;4141.275806541974;2873.1939761855065;1.0008015907970575;0.06496939208123664
b_ps[15];-1.1955265249337201;0.4701793499745895;0.008611976159747427;3002.1589301913746;2792.453359228127;1.0009947066226554;0.04709863571937694
b_ps[16];-0.8559656025139284;0.46752218953342844;0.007901462488873868;3540.0053109613054;2759.2132404628164;1.000932914536819;0.05553650704794564
b_ps[17];-0.02067501367570597;0.44694703471522884;0.006980596570272357;4095.118911056174;2807.3511028445755;1.0003310987471115;0.06424527092144032
b_ps[18];0.579912643700444;0.4586957421343957;0.007497369710001528;3743.775797572495;2797.3820216377385;1.0009361817753857;0.05873331046256326
b_ps[19];0.5856362314336165;0.44544185705691125;0.006887587399614953;4162.810829665953;2675.076976532324;1.0009295352274634;0.06530723902169158
b_ps[20];0.8412232290247348;0.45936652591137545;0.007765450177926079;3603.0877148090076;2779.410928304742;1.000779672670581;0.05652615990384429
b_ps[21];0.8410974452112941;0.4483654444279547;0.007147454961018615;3955.9904583405832;2938.4566754828206;1.0010116221835972;0.06206258823707143
b_ps[22];-0.894415826374674;0.46875552246687907;0.007945313920648291;3457.322916438888;2844.7137256836822;1.0002250142183033;0.05423936453465141
b_ps[23];-1.158990010352511;0.46470048334194775;0.008286662972144242;3140.4977754023607;2783.9606133824464;1.0014269821523778;0.04926893083963434
a_e;-0.012220390689683442;0.040670329521854065;0.0015839732294640229;657.535779481105;1053.731843740502;1.0017150412756122;0.010315589171111268
b_e;-0.002557247482689113;0.020609245117906076;0.0004806989076576538;1839.1539171838494;2143.322778960979;1.001187589631454;0.028853116171229987
σ;0.9870726997023496;0.003547159480381324;5.058823807070313e-5;4929.043124773225;2536.5257236963234;1.000938362558407;0.07732808687912965
