parameters;mean;std;mcse;ess_bulk;ess_tail;rhat;ess_per_sec
σ_aw;0.055650984690720814;0.01707469723381208;0.00041550509491332746;1646.555228284804;2375.057110378659;1.000779497324082;0.028796488102041815
a_ws[1];-1.1816264748073186;0.565908299380228;0.010634764955359864;2851.5628993956766;3073.250806413217;1.001426346062096;0.04987078216028601
a_ws[2];-0.12351182085141489;0.4626576681956287;0.00886822049484289;2725.1238035271053;2919.4653033649515;1.0007907725358058;0.04765949774220729
a_ws[3];0.5403915186893008;0.5903520498420374;0.012796420790986017;2178.684667298679;2366.128126050982;1.0005910128397004;0.03810286228013209
a_ws[4];-0.9711433158914247;0.5446289186181215;0.011444164209495183;2264.3083687928593;2834.2986542679732;1.0012930550619221;0.03960032914852155
a_ws[5];1.808190892021872;0.5893601050777217;0.013660282539342096;1845.5254490298237;2896.8064662753904;1.0009702510469887;0.032276264240685575
a_ws[6];-0.42478951615001875;0.4766113602553116;0.009747541411639582;2403.2672521520435;2344.6281134519386;1.000038146176682;0.042030571245832864
a_ws[7];0.6140491847562526;0.5675079266688281;0.010364182045997736;3000.8816081264254;3054.9753248383367;1.000780680199307;0.05248220651187388
a_ws[8];-0.18257256764667507;0.38237315165086244;0.008473415511435987;2042.6249734340295;2892.5149899970334;1.0003510718776518;0.0357233239031399
a_ws[9];0.06147733472706409;0.4752317657339109;0.00904273463117425;2757.9260757003103;2866.9019854335024;1.0008450764398047;0.04823317436363444
a_ws[10];-0.33378557131747505;0.6914884050527685;0.011965764542713883;3372.4104842404017;2489.7768208369553;0.9998909462963654;0.058979848787575624
a_ws[11];0.1707577653556746;0.6510907496365647;0.011810225347681627;3052.224003993392;2967.8661560520554;1.0002341752783834;0.0533801300472135
σ_bw;0.03894760808720331;0.016173450703145062;0.00046927001199568216;1157.4166094070542;1904.236555941654;1.0004972658192948;0.02024197734115167
b_ws[1];-0.2940445690435665;0.602918019694554;0.011401380575560956;2818.425451714445;2609.794720327601;1.000724335543416;0.04929124367807024
b_ws[2];-0.016365938228457826;0.6318329320662539;0.010763934328897967;3448.947007296903;2742.768452995587;0.9996718391269979;0.060318390634036524
b_ws[3];-0.7380012898195535;0.8056405682208809;0.01365440291462759;3492.146013275364;2848.3489751843035;1.0009628274204554;0.06107389499873046
b_ws[4];0.9883378190686044;0.6560429128505525;0.011736072586157047;3146.706575118519;2754.794392367645;1.0001441219252694;0.055032529060934546
b_ws[5];-0.8775611932400302;0.5362191714420022;0.01278459579808623;1753.746622521941;2568.3994067181343;1.0002369018807573;0.030671150825627713
b_ws[6];-0.9047764977789785;0.6631919456948558;0.011053712498679698;3590.4254559935584;2871.290947665588;0.9997114789685624;0.06279269723159445
b_ws[7];0.35685537219320806;0.6843700196285947;0.012714868045640475;2897.810112660163;2852.3495365510425;1.0011783232271205;0.050679596406930295
b_ws[8];0.6192309377970181;0.49766067277044707;0.01148680464281029;1954.6363784399252;1916.3512141521965;0.9998667166783055;0.03418449757934723
b_ws[9];1.1253936511963485;0.6993323428071875;0.011966850751336152;3456.721466784998;2491.3070807633026;1.0011591796545445;0.06045435760696457
b_ws[10];-0.05005914089967307;0.8187567765983996;0.01177964498212749;4825.759199461174;3065.913111609509;1.0003209878585346;0.08439736182755349
b_ws[11];-0.1540127763736057;0.757880354390217;0.012583045605335874;3638.058710619108;2550.8041223323994;1.0000623557678703;0.06362575185771531
σ_ap;0.21052687168715267;0.035041965528643686;0.0014463532327001901;550.5717205002164;1107.191446823166;1.0129360164917345;0.009628909936547128
a_ps[1];-0.2738280991451791;0.2458880955828192;0.010203872584709898;581.0530164328326;1111.8096096706577;1.0082208322985957;0.010161995168417997
a_ps[2];-0.6159083009253555;0.2607317149672461;0.01085576083397067;576.2219087498332;1074.7427350502985;1.0076980506283828;0.010077504267339573
a_ps[3];-0.4347654356637792;0.24952120868031166;0.010310929316794774;586.7980389549471;1183.1073962479525;1.007790486074708;0.010262469461573876
a_ps[4];-0.15965782761495245;0.2434154569269834;0.010086195402509565;582.9402915186719;998.9647566740766;1.0078632785372381;0.01019500158910834
a_ps[5];-0.34160139475543755;0.2483466170676847;0.01022384232998158;589.3104466615688;1183.1253218505224;1.0070634136761811;0.010306408782520052
a_ps[6];1.0437277907104876;0.2904107347016115;0.011185964599868125;674.5717391010652;1225.938274746194;1.0086374695565414;0.011797537504546731
a_ps[7];-1.309150010818169;0.31585113478154464;0.013201043266120895;571.0569921982615;1102.8568759421728;1.0091931750820968;0.009987175406533424
a_ps[8];0.5082369370698309;0.2547283816306632;0.010082632350446416;637.2022779795885;982.5614045206504;1.0078779365897201;0.011143985638153955
a_ps[9];0.9924826578922343;0.2822051973244357;0.011345822630232292;616.8686006104642;1053.124743297869;1.0076296924634718;0.010788371390680038
a_ps[10];0.3249875928465199;0.24606984383201083;0.009748339984268677;638.2846056113337;1075.2953452045347;1.0078390948538736;0.011162914389667822
a_ps[11];1.8996180942055998;0.3750690177062452;0.014656058112002157;662.6004716789483;1192.2781545671642;1.01028339617433;0.011588172854053683
a_ps[12];2.154291102010138;0.4047290329333345;0.01626934114378991;623.8818836456779;1129.21708555286;1.0102783688583596;0.01091102620238056
a_ps[13];0.1568583687335765;0.24237658318766814;0.009933477522394115;597.1216561335209;987.9694296982675;1.0065957388277493;0.010443018473320366
a_ps[14];1.357462961907172;0.3172706952486957;0.012379438556625186;657.9778212510474;1131.8661983443626;1.0094874289084481;0.011507327647187702
a_ps[15];-0.53734715354527;0.2552738074748926;0.010634995323504015;577.102434399958;1108.3519623288516;1.0098146538073045;0.010092903718248836
a_ps[16];-0.30137479430684294;0.24547607299993268;0.010069396145961933;594.6038429442466;1147.2986946634353;1.0076884163958573;0.010398984616269832
a_ps[17];-0.8783216639488325;0.27648984411621896;0.011471182856753576;581.2623902644264;1108.1400564756673;1.0084670682741006;0.010165656892572036
a_ps[18];0.00663887234476564;0.24202839578018714;0.009694732538518644;622.9486176972956;1175.1893691993857;1.0053519956291042;0.010894704380119774
a_ps[19];0.2334877846667303;0.2442675321175612;0.009830583683997151;617.2494806394229;1127.3381854959523;1.0057213879678355;0.01079503257460743
a_ps[20];-0.308595743473919;0.24664549252627602;0.010093509175348793;597.910038769738;1143.619059157806;1.0089184596633463;0.010456806441566853
a_ps[21];-1.3811333591272126;0.3201890398198656;0.0134886071727977;563.4762179165726;1099.5242072682386;1.0111317226163063;0.009854595780501496
a_ps[22];-1.241072580841976;0.3089003306950981;0.012754528314020984;586.5329067354319;1122.501559425499;1.0101995534203039;0.01025783258291133
a_ps[23];-0.7298852085507839;0.2638108794947906;0.011060400395567892;569.8557275495428;1113.3266018870452;1.0087668638348168;0.009966166573929453
σ_bp;0.058964075560068545;0.011044579931083712;0.0003228988859621322;1160.8383268637247;2074.223196093542;1.0031200803478266;0.020301819516097844
b_ps[1];-1.2382134423517686;0.45851912063505573;0.008830416380517177;2716.8516099693284;2873.1689303174;1.0012534228935417;0.04751482593328628
b_ps[2];-0.5687900444499822;0.43766839054825024;0.007680428164028151;3241.067547448774;2942.3359251560923;1.0003907939626393;0.0566828014419198
b_ps[3];0.15398538435360565;0.4331490531341626;0.008297893799530411;2716.084083785782;2701.1421860690416;1.002444483278084;0.04750140272206759
b_ps[4];0.09821434253607776;0.4341167017976651;0.007893482065523474;3035.8538317128036;2879.801987733619;1.001329651068261;0.05309383326031653
b_ps[5];-0.5664833706785587;0.4339561288701832;0.008052082956176492;2913.4687271151884;3119.4390403987254;1.0008937925183068;0.050953448809268664
b_ps[6];-1.1608693716484078;0.4534918058683488;0.008770623512921481;2672.254328425858;2548.7896431742943;1.0001318210525578;0.046734867225986965
b_ps[7];-0.5446495922169798;0.4293890605516969;0.0078107603171596075;3033.0280363120187;2455.3066677501392;1.0008717578016522;0.05304441312411966
b_ps[8];1.063924331082205;0.45038884825971087;0.007991148249122377;3179.6323022088172;3121.672766760244;1.0001758671602965;0.05560836477668792
b_ps[9];-0.26011735225471055;0.42620488375640553;0.00732678897841603;3393.614510253399;2580.2820364390727;1.002187175883262;0.05935068450101521
b_ps[10];0.783884723334982;0.4355635871156726;0.007748532902103918;3158.3413027806246;2523.0831985775085;1.0013529179156064;0.05523600799133235
b_ps[11];1.3969457434329424;0.4688766141376666;0.00926119457690937;2590.510392367472;2995.584027541727;1.0006136423345735;0.04530525330130163
b_ps[12];1.498685218688062;0.46437184361690276;0.009574875808302696;2420.149607624681;2313.263698690694;1.0015798470911825;0.04232582556840342
b_ps[13];0.7633302886481779;0.4419325427250706;0.007566774410262718;3428.713172966005;3004.156567789728;1.0017629263922696;0.059964522534406886
b_ps[14];1.504542366431064;0.4653370236499868;0.00896459178599361;2727.3611142361756;2704.498846384434;1.0007716888898577;0.04769862591119159
b_ps[15];0.3338666433121939;0.42981808335803345;0.007967494485945824;2947.378498692901;2571.4541589261553;1.0020730657444217;0.051546494409565796
b_ps[16];-1.1611255903584408;0.44284404778427894;0.009212149943861816;2400.524287377251;2434.3831115682565;1.0012391908839033;0.041982599728604186
b_ps[17];-0.9571685770305453;0.44638410040297294;0.00846013095557266;2840.7014754826587;2627.51948181092;1.001774496342796;0.049680827484542604
b_ps[18];-0.2579821478412231;0.42365159364734084;0.007583005662152098;3115.84651083803;2850.641486096143;1.0013401528794437;0.05449281957617766
b_ps[19];1.10525878923248;0.45449581275501433;0.008578462395596932;2858.4984778416037;2645.603960215671;1.0013240391790326;0.04999207800191227
b_ps[20];0.04035503546322227;0.42447088168980135;0.00790339335831947;2874.797424290111;2595.0867444320056;1.0021092959672595;0.05027712912526218
b_ps[21];-0.8761186376540452;0.4404252386078877;0.008204528569173346;2888.001630571729;2747.024134713596;1.0005286722680853;0.050508056556394634
b_ps[22];-0.8057589135600265;0.4408821897358435;0.008198081656209968;2913.6153311996754;2640.051869497797;1.002187925887299;0.05095601275774857
b_ps[23];-0.17487395341349288;0.42681383485576935;0.007861719344091831;2957.2156839772633;2626.263230728329;1.001936521436545;0.05171853624826793
a_e;-0.006697245206660012;0.05000223409904946;0.002154641735050177;539.5975220171313;966.1841452950406;1.008625050700465;0.009436982954312344
b_e;-0.031082890409755492;0.019257532965851223;0.000510412175515489;1417.1439917255734;1997.2242621486096;1.0022093017916172;0.02478433118767325
σ;0.9731142369363458;0.0035396709782562043;4.018600980722385e-5;7759.259534056677;2604.316446165675;1.0023371014410423;0.1357011420053439
