parameters;mean;std;mcse;ess_bulk;ess_tail;rhat;ess_per_sec
σ_aw;0.029138645052819902;0.010806075529693303;0.00028884344230533884;1381.1505789857044;2049.2919357553105;1.0023167347520527;0.032359690383289424
a_ws[1];0.0031352504749329302;0.7169304234963725;0.012387080154075;3365.782912268292;2869.022789706409;1.0008504486895313;0.07885866653175073
a_ws[2];-0.4779881955681042;0.6601110377300418;0.011441756315372316;3439.4612263628937;2297.3530413499357;1.0034182338692528;0.08058491381306815
a_ws[3];-0.39112330260335854;0.7234552076976933;0.015998444508739038;2269.558609923157;940.0869782065037;1.00036618656646;0.05317466106974151
a_ws[4];-0.3072306587119353;0.6407168893680861;0.010580309669419655;3592.146478794296;2954.0499773801735;1.0013667335001566;0.08416225546570899
a_ws[5];1.613022543536277;0.6419061562033209;0.014403013213421571;1997.3335546289575;2242.3626004059306;1.001169628827139;0.046796559624522255
a_ws[6];-0.1636686943525669;0.5866108752123509;0.010599847097754495;3112.855983624884;2228.0328262629027;1.0003367102421028;0.07293271086476785
a_ws[7];0.7100627418215509;0.7201270640110065;0.012177142349272231;3552.762231492411;2754.7048262342614;1.0030248918639353;0.08323950159074495
a_ws[8];0.1617675757356567;0.5124197503486901;0.00978116397391633;2807.5209651903165;2196.6089083431075;1.0008682298537015;0.06577885898934475
a_ws[9];-1.1689307685464734;0.6920546181212379;0.011075392767571322;3984.801625371166;2846.4325436265904;0.9996268378674686;0.09336197573079687
a_ws[10];0.08921369986104188;0.812528197428992;0.011884813724288287;4673.69494731056;3019.4291331382965;1.0018999736992051;0.10950241323576876
a_ws[11];-0.0872605908539555;0.7818221761478075;0.011214521846393214;4874.523179388341;2619.103817332;1.0002802222360112;0.11420772162801732
σ_bw;0.013028514731292242;0.012047830893622333;0.0005278695708224977;888.426663482591;723.8201648815693;1.0041361590170375;0.020815407237977254
b_ws[1];-0.18217667122247552;0.9135842484352343;0.01260359558172009;5214.588293706365;2598.362930050333;1.0043176736270454;0.12217528286060257
b_ws[2];0.16740543729110968;0.8882190123326953;0.01269685129161332;4915.485008216203;2638.3498226716574;1.002525713588476;0.11516743747549309
b_ws[3];0.37547771724867696;0.9875978199494108;0.014343148402005809;4737.818146093455;2888.0601553306005;1.001157528243677;0.11100478878451193
b_ws[4];0.03700277166643224;0.8867426166384629;0.012303754519748801;5151.479813455575;2684.935319873374;1.0005970721728394;0.12069668167652658
b_ws[5];-0.33488013168664854;0.805185371004151;0.013701924323981039;3456.177256206298;2827.767641887214;1.0013607786216954;0.0809765623113569
b_ws[6];-0.2805699321704202;0.9237449142244901;0.012814474408518142;5221.0213831609635;3022.5850596052865;1.000750730058624;0.12232600703660929
b_ws[7];0.2645872731986327;0.9000520716942363;0.01355941247902666;4418.402595772381;2927.985638867215;1.0014269895909427;0.10352103685386531
b_ws[8];-0.5028200074913366;0.8196381393920724;0.013859908669431771;3521.4529170810883;2899.0261994692087;1.0003116072644525;0.08250593948978452
b_ws[9];-0.13455995552009642;0.9203649081178763;0.012623753412481694;5257.155863388785;3036.760908620005;1.002154030438066;0.1231726204400458
b_ws[10];0.5116999185736044;1.0088567527514374;0.015942435155008924;3983.938487573188;2861.836631855236;1.001426118324825;0.0933417528294524
b_ws[11];-0.02568468194212726;0.9327109687768078;0.012333314062378966;5650.649167210469;3036.675420451655;1.0015385423010625;0.13239197832419372
σ_ap;0.22189267408912922;0.036656793454987735;0.001464289334682093;663.0959845132977;726.2322515528607;1.0096880585555568;0.015536018360149336
a_ps[1];-0.9876745646327066;0.28523940288663313;0.014330509538152628;401.10124382898533;944.7007336237419;1.0197060543839684;0.009397608240652656
a_ps[2];1.0952353672479607;0.2998800640937691;0.014952786698511246;397.96962448327133;533.4298667102533;1.0117774519616864;0.009324235913284813
a_ps[3];-0.7996291307124491;0.2732918650315051;0.013823799073539937;387.06199906923604;1030.375448389022;1.0169760053676498;0.009068675522849836
a_ps[4];1.217680574155173;0.308273790662192;0.014821455391287056;427.98641906588483;474.11227859839806;1.008004409217769;0.010027514899494633
a_ps[5];0.7218392036898178;0.26755379226813103;0.013398733109923844;396.56291666138355;606.7767780247461;1.0117377264948197;0.009291277429055332
a_ps[6];-2.7451056803408616;0.4829257155243481;0.01998510487110512;579.1711413821708;1295.794639218111;1.014741158340833;0.013569699856931659
a_ps[7];0.0783693319596478;0.24356433748178433;0.013112695391734973;344.9271078666944;879.8412736799316;1.0159899266293806;0.008081475391022686
a_ps[8];0.4238510378925651;0.2530896436178983;0.013447731333171432;353.39461781736895;533.1013930431651;1.0120733518450398;0.008279865055763279
a_ps[9];-0.23682128720347304;0.2447707178445077;0.01328003431719255;334.4827410903068;936.8586145588604;1.01674546339697;0.00783676892651711
a_ps[10];-0.24076821226462594;0.2454931328093773;0.013729419100551064;317.10133148197093;837.6964157408929;1.0178041560045057;0.007429530901997048
a_ps[11];0.580371496003042;0.2611073378010477;0.013297285940208384;383.64433566542095;664.7184083259875;1.0109843343487706;0.008988601321481457
a_ps[12];-0.15977325576355839;0.24646830906612424;0.0138895370584185;311.33162642128406;825.0601589102477;1.0192684490586768;0.0072943495016432654
a_ps[13];0.39545532504495257;0.24814115065158845;0.012726607950484654;379.2813910805932;567.8736304231745;1.0139138168347293;0.00888637963901425
a_ps[14];-0.10492641259459452;0.24281526765825945;0.013721561541271613;311.5730083773667;843.9372189560289;1.0181235115697973;0.007300004964184275
a_ps[15];-0.9992468180284371;0.2852607425984523;0.014269218375113081;397.7922926012106;979.9123089228317;1.0185610358419854;0.009320081113014746
a_ps[16];-0.4448377821518035;0.2506598235602787;0.01392274229741252;323.3346149151128;796.7874494143166;1.018369207923926;0.007575573719512202
a_ps[17];0.09423695022904142;0.2445038966278159;0.014011275031921266;303.45664206660143;825.034554060108;1.014830364645883;0.007109842425175236
a_ps[18];-0.02178046259640476;0.24243175171249018;0.013383946589663409;324.81098759618726;846.1962965827986;1.0161352067738456;0.007610164417714712
a_ps[19];-0.5418360235910039;0.25761354480147686;0.013576626766212296;359.3043227110355;838.7837303915289;1.0184692060827258;0.008418326584524394
a_ps[20];0.7889056242236213;0.27708475196002;0.01402189721417168;389.4159108146094;535.4017248009173;1.0112618218008038;0.009123826537104784
a_ps[21];2.1160252942863145;0.4113960660410328;0.01861577922819019;483.14499199204187;579.6984376258163;1.00754564049986;0.011319853598136273
a_ps[22];0.31580543501089453;0.2497883889277574;0.01388646814927951;322.72164859699046;939.6454774718264;1.011877169779506;0.007561212215001672
a_ps[23];-0.5749328372757732;0.258489551137178;0.013018728895598429;391.09504905262236;840.6618216675093;1.0185211603605795;0.009163167934284478
σ_bp;0.05209246335421599;0.009883159129631083;0.00026503521112085636;1392.9422106903055;2268.397282816511;1.001659919175627;0.03263596261376185
b_ps[1];-0.23068171403943422;0.4674532810756087;0.007723920957825895;3656.302897947354;3004.768265848597;1.0003334447148293;0.08566540935166553
b_ps[2];1.4888850439522636;0.4903317677334871;0.009567767852918609;2634.2754022793715;2827.7762506450113;1.0004103043156032;0.06171979920153078
b_ps[3];-0.667171422586558;0.4639957162200986;0.008113158746689607;3252.441846469796;3076.371183810988;1.0047537149901502;0.0762031401519661
b_ps[4];-0.15911872261027984;0.459980637759758;0.007441979845876804;3811.7136531617443;2684.18153340211;0.9999943427394933;0.08930660821693634
b_ps[5];0.6992378450471785;0.4504155692283157;0.008534408708246123;2824.83263766435;2746.435259232177;1.0025752553565623;0.06618446310652076
b_ps[6];0.5522387109346782;0.48458410270962643;0.007763449409649985;3904.921359240186;2811.159826641869;1.0003522659217239;0.09149041971144409
b_ps[7];-0.4561483694816554;0.4591082285879706;0.007431587946841196;3830.595214735553;2774.4352484073147;1.00082146421441;0.08974899407679686
b_ps[8];0.6696172259073014;0.480668797633947;0.008679760752167889;3020.7390313302717;2648.4227249787887;1.0013065996026795;0.07077445520411786
b_ps[9];-0.9562726000163247;0.4796124060685345;0.008552260838092695;3174.0589688180253;2491.494205660027;1.0010990472561438;0.07436666722080656
b_ps[10];-1.374885115714466;0.4906400663674539;0.008770052831837792;3135.7615521666135;2645.0721939139844;1.000663766002811;0.07346937726258229
b_ps[11];-1.7319284907699053;0.506950326619074;0.009486769246777748;2875.639496626216;2713.0652046717423;1.0013439438837797;0.06737484325070522
b_ps[12];-0.02697332896570721;0.45711173085209733;0.007144532035587593;4035.356976459556;2859.867507950216;1.0001114456547153;0.0945464631670909
b_ps[13];0.17767914576005597;0.4680349468729319;0.007293448153968804;4117.5947669540765;2947.2850203340536;1.001419179267549;0.09647325484259585
b_ps[14];1.1537989330305167;0.48163953548104843;0.008773450673275925;3029.8065256418063;2747.929447441682;1.00097972488177;0.07098690221238614
b_ps[15];0.48225676045559046;0.4600757360075932;0.007638137987238923;3632.2466593337613;2366.10147117163;1.0010634141496435;0.0851017833103297
b_ps[16];-0.595467157358424;0.46967063615514;0.007506466070234414;3907.168284159869;2716.505944309847;0.999791562679828;0.09154306407609318
b_ps[17];0.594407230526986;0.46098500434775996;0.008357733464603537;3045.166578991292;3117.0555734185336;1.0015021447842625;0.07134678083693495
b_ps[18];-0.5767776526552434;0.46528268511138593;0.007820427687690966;3550.3867591931016;2956.5670902155325;1.0012990546159344;0.08318384542313417
b_ps[19];-1.0396919216339915;0.4676049931798499;0.008300077508791304;3174.275508370833;2751.40598694976;1.0004428132994971;0.07437174063784827
b_ps[20];-0.3336199087078532;0.45934544608340894;0.007351258123650999;3934.645235620112;2695.7014667559724;1.0008043851980482;0.09218683576576885
b_ps[21];1.4820017445190554;0.4874641953185041;0.008984323663056279;2938.724933899283;2843.0312777681875;1.001484780040746;0.0688529045489527
b_ps[22];0.271390152051768;0.44743838704003597;0.008175816240421161;2986.945201613317;2474.058494108682;1.001442639321438;0.06998268211062263
b_ps[23];0.5561222594433751;0.4655808794158377;0.00760912763450058;3742.962087047481;2681.010398309509;1.0004943482677007;0.08769579225908643
a_e;-0.007541271907931124;0.05023960077595561;0.0030633681244572704;267.8291163465664;440.81927781991504;1.0198997065011879;0.006275106720781815
b_e;0.027690654331305124;0.015000160085598879;0.000523047241406305;1023.3046703798645;789.8746678026091;1.0020080300160126;0.023975533736216317
σ;0.9801446385255771;0.003569037762181713;4.503509373818084e-5;6296.716443535994;2168.7871863904693;1.0004481360603366;0.1475290222836022
