parameters;mean;std;mcse;ess_bulk;ess_tail;rhat;ess_per_sec
σ_aw;0.030198544413690367;0.01089212950472716;0.00024393703234089622;1929.7839674998136;2434.4532887581972;1.0021796459533883;0.030970030853933937
a_ws[1];0.2219627702854379;0.7044480037803234;0.010803618862043321;4254.6295664994295;3430.1732072487202;1.0008720020597646;0.06828018636576201
a_ws[2];-0.9238127854221685;0.6649074092369559;0.010660658714672288;3884.378081827121;3040.796209380923;1.0007302152973205;0.062338225971681094
a_ws[3];0.1314712561989806;0.6980741796630744;0.010740273261354166;4247.528003914089;2851.6345082563557;1.000268102057089;0.06816621733291525
a_ws[4];0.7322406967886976;0.6193227375505352;0.009442239636231751;4289.429115263025;3332.4165009438407;1.0009621996533278;0.06883866499189954
a_ws[5];1.5324913835914218;0.6088210036423758;0.011131010782376764;3009.1108553788577;3083.073856184683;1.00044047464692;0.04829154848598345
a_ws[6];-1.083911544059813;0.6226923093179096;0.011042250059080208;3207.9106735417163;2767.6810586176875;1.000371864862197;0.05148197632969533
a_ws[7];0.01394438544006938;0.6731021340408446;0.010354029839092333;4218.617074596701;3265.850775050597;1.0012922431411655;0.06770224188900303
a_ws[8];-0.022497208318741045;0.49711463671599215;0.009163446138804791;2937.075018724545;3282.4215923335064;1.0031038491085051;0.04713548536112322
a_ws[9];-0.3222200214108546;0.6480153995377164;0.009659697510815232;4506.9571122654415;3059.103513141196;1.0009915776360945;0.0723296509738628
a_ws[10];-0.0063663067321575225;0.7788869901839607;0.011070369853898825;4966.370105305106;3022.7186491388948;1.0013862644300968;0.07970251488441238
a_ws[11];-0.18322109301009903;0.7519806676584702;0.011091837987724982;4601.807442338338;2628.5974544981664;0.9999186352577916;0.07385185122960915
σ_bw;0.013778006997637138;0.01009267907868317;0.0002703933132280614;1270.523336042959;1313.11177871149;1.0029674834367914;0.02038992321449956
b_ws[1];-0.04300107668301305;0.8639764272062511;0.012624865858076989;4722.82834660133;3146.4010129168532;1.0001562721069912;0.07579404849216166
b_ws[2];-0.16326406461320372;0.8794065105093789;0.012789160516875708;4712.341192632298;3167.136615154934;1.0002830796695072;0.07562574598397383
b_ws[3];-0.2753047047391838;0.9550222115549651;0.013455009893395693;5045.206427400995;2973.895033290882;0.999961997517124;0.08096771522229455
b_ws[4];-0.1476122937481262;0.8884514538777796;0.012857291880432206;4725.824499513862;3160.6080950300075;1.0002879624412757;0.07584213208582134
b_ws[5];0.7620220834114049;0.78702167960775;0.014900534164568907;2966.8482078431152;2148.7762405725534;1.0002957402086305;0.047613298733578974
b_ws[6];-0.2531428477468784;0.9146507397207525;0.012590146666590142;5325.9056326390355;2819.4428029023184;1.0017896217707127;0.08547250083213649
b_ws[7];-0.3000767825196864;0.8803969719755784;0.012011995193604299;5381.11506768747;3138.209827608633;1.0005358310595307;0.0863585263850866
b_ws[8];-0.19451536822484491;0.7667306579555843;0.012856461782546005;3565.9540792227053;2701.3722506265008;1.0012028346178425;0.05722801604592014
b_ws[9];0.3254795844619118;0.9262676974442148;0.012937518358856167;5244.311518396746;2753.0664995600396;1.0010775164536199;0.08416304222011527
b_ws[10];0.49087408001549127;0.9808269257564233;0.015086907540437207;4237.073071336455;3305.8979506745072;1.0011356102717281;0.06799843192793822
b_ws[11];-0.2957909994551136;0.9217789444903208;0.015101366284494525;3729.317697126191;2939.2809788704362;1.0004201005640472;0.059849747997313664
σ_ap;0.24926940834932815;0.0420736267662823;0.0016550688911939246;667.1966633937425;1170.8322016526854;1.0022001010122588;0.01070746860733673
a_ps[1];0.5706040038505518;0.2463150620801701;0.011747366499775038;442.59365981889545;1036.43171489021;1.008465486041961;0.007102939775225413
a_ps[2];0.5329192913741795;0.24560283703245384;0.011694200415436543;440.5101797452549;933.1824513144385;1.0072494918391974;0.007069503160945836
a_ps[3];1.0017772985160023;0.2808094360976896;0.01268613141061108;492.5581151777036;763.9377841445664;1.00581941100473;0.00790479156284653
a_ps[4];0.5154501212274842;0.24204869932305928;0.011133625384129535;473.1207537688381;974.651858789027;1.006331384007421;0.007592852147507963
a_ps[5];0.5691860711488896;0.24870599261582316;0.011934746820540024;434.37747521740056;843.6013159463035;1.0068826154742272;0.0069710827928401884
a_ps[6];0.31267855183349186;0.23631561416834276;0.011261315176351646;439.47560872056016;1186.1028363357505;1.0078395317772795;0.007052899905299095
a_ps[7];0.8743861207969182;0.2701314787516633;0.012148026695793514;492.0516620463933;877.2366285476533;1.0048809674030192;0.00789666377788878
a_ps[8];-1.8324305270522936;0.3623994400419395;0.01424230373697433;644.6803086444277;1442.6296142501585;1.0072138013154515;0.010346116138330653
a_ps[9];0.026402799297849427;0.23057726763946967;0.011022385225895296;438.6726699750263;971.6565213192789;1.0100169410492053;0.007040013987423417
a_ps[10];0.14470770090199161;0.22906989147713155;0.011170076433665882;423.241049629423;992.617215454919;1.0086605577925263;0.006792360485125588
a_ps[11];-0.4897444089593002;0.23838556374877892;0.01076149089661898;491.03747741739636;1232.0506847717015;1.0103371410053743;0.00788038769218147
a_ps[12];-1.8462290127380994;0.3583991825145027;0.013878314847169679;663.7335237625216;1384.2650042374198;1.0072737032152472;0.010651890603250943
a_ps[13];-0.6633813371879068;0.24822053811239878;0.010987898063515772;508.43990952307536;1370.2310132226328;1.0096395518659755;0.008159669657584377
a_ps[14];-2.111993060414042;0.3922872989502635;0.015042921576700388;671.8632216472638;1439.386799763894;1.0069021572793122;0.010782359608364414
a_ps[15];0.3456107477973816;0.23497451513099912;0.010908038215607681;465.8143823773475;941.6296614556771;1.0088110556105647;0.007475596251907418
a_ps[16];0.7036107650583208;0.25705499167969864;0.01168896057742616;482.67566895466484;933.4653757494701;1.0065492074236413;0.007746193673344743
a_ps[17];0.5712118250776086;0.25050290248981383;0.011825503907011198;451.6991513601721;984.8886187428127;1.0082594616110871;0.007249068750656234
a_ps[18];0.1279895254616277;0.2301317006739189;0.01057001637467781;474.5616007200023;921.8631062113895;1.008613324115778;0.007615975499802761
a_ps[19];-1.4722411820558607;0.3190415480811889;0.012705198002371737;628.4586475079486;1412.9682190947055;1.0078728390563756;0.010085783710266336
a_ps[20];0.20037516056058413;0.22957536907121018;0.010730499840072278;457.49709423614104;1006.9807682663574;1.0093523936858524;0.00734211671497876
a_ps[21];1.1123763011560392;0.29072254976388645;0.01305436648435425;498.36729274632063;828.4708541881009;1.0047131876828537;0.007998019826510227
a_ps[22];0.7022638956656797;0.2541304856985805;0.012035751835542684;446.61431164755805;1013.3327439752744;1.0065390841104371;0.00716746498285678
a_ps[23];0.14048817497692945;0.22853823682488758;0.011014796317297211;432.14482715460343;838.9198359043583;1.0091002098613482;0.00693525226436897
σ_bp;0.048559583152495776;0.009840019297419181;0.00027125778586263886;1362.6300291450893;1790.6395693645343;1.0032934538907614;0.021868092364657078
b_ps[1];0.9135471733886773;0.49209733564649344;0.008356401151801106;3445.183017712825;3063.503897341105;1.0010582937642558;0.05528982837091879
b_ps[2];1.0959531549495705;0.4927655431389245;0.00868751548896137;3207.851878375912;2608.542918246328;1.0007800152832995;0.05148103275874144
b_ps[3];-2.2049320307805895;0.5510757032289031;0.01128611117412817;2375.519841657242;3013.7847885171036;1.0023285205880337;0.03812339828150436
b_ps[4];0.8283051753914124;0.49724749890751063;0.00886359779333522;3126.2036367207947;2565.429003958358;0.9999267123989898;0.0501707054859408
b_ps[5];0.3414025884061188;0.4910014606519405;0.008666151550228998;3224.483843425858;2543.2531102772455;1.000447780395796;0.051747949926379495
b_ps[6];-1.6589991909986075;0.5186828792530896;0.009806687090994474;2774.8017538842005;2874.172212501141;1.001633627966857;0.044531251880323225
b_ps[7];0.21648334679778947;0.48487692056839077;0.008035367407659953;3626.7930611024235;3068.6426885980454;1.0006092421361181;0.05820438706861959
b_ps[8];-0.22945083835658944;0.4674685687618928;0.008213786274659185;3243.492161603045;2682.672656275418;1.001429367464209;0.05205300386523648
b_ps[9];0.43254785848812466;0.4710158217440393;0.008294370580127507;3209.5700822432636;2856.9278483639355;1.0013355254896608;0.051508607258105826
b_ps[10];0.09032093067273576;0.4917662323509923;0.008113150223740588;3653.3570792519467;2618.9186748094994;1.0015304552536866;0.05863069823896321
b_ps[11];-0.32248643124611376;0.48562859011629844;0.008645888247556573;3136.9717958511965;2969.8676118929898;1.0007938056467973;0.05034351768985846
b_ps[12];0.9872527552517706;0.4849978442711086;0.009216494902255143;2778.555853569151;2771.689260952758;1.0008649691526679;0.04459149934067616
b_ps[13];-0.014069159207046378;0.47610777161386414;0.008477445985010903;3144.9973111521977;2895.26833773668;1.0008824117085537;0.05047231472656135
b_ps[14];-0.09980826237180353;0.49779380615531954;0.008413072987203413;3509.1832407729125;2756.585614721627;1.0005396009643908;0.05631693239717802
b_ps[15];-0.9227612736506896;0.4986603689262262;0.008084278739279081;3820.1349829795963;2559.3930492652266;1.000346622401599;0.06130722416683251
b_ps[16];0.3590725181062869;0.4916119993002323;0.009126205421414233;2877.0666411642997;2471.248044069583;1.0012874080591532;0.04617244424572672
b_ps[17];-0.8807580327146662;0.5020091562536594;0.008825290718857778;3271.2635903498385;2929.770643879919;1.003013642294509;0.052498692097510645
b_ps[18];-0.16528869218546158;0.4861778704846808;0.007995076457642813;3706.8812444919045;2959.3013033057096;1.0011220548378057;0.05948967783296417
b_ps[19];0.02503018872363183;0.4751719719041521;0.00817000585449842;3351.5602742044557;2920.7750255582214;1.0014928306899504;0.053787328969993276
b_ps[20];-0.34707286327750264;0.48961737957953777;0.008150227019272992;3626.8414895759997;3007.1578102008075;1.0015864740684277;0.058205164270288864
b_ps[21];0.8810264866132347;0.49169623797000656;0.008740472637624033;3184.747478997167;2757.67812503812;1.000298603177748;0.051110243088150285
b_ps[22];1.2726077717832636;0.502542493398587;0.009147816911222482;3031.4282992041676;2516.5005954727417;1.0011790292264415;0.04864970874406988
b_ps[23];-0.5512654029175365;0.4882783544761038;0.00804023266253921;3688.6960254589103;3007.156961560847;1.0006622894679724;0.059197833355021365
a_e;-0.007965897435120729;0.053488090427017264;0.002677650306566341;398.641758936673;886.927335114934;1.0104367844460929;0.006397580134283321
b_e;0.03398412234059249;0.013076794079876376;0.0003621848191748203;1301.9676391663625;1957.4624067051254;1.0015685760904653;0.020894555367275674
σ;0.9696337577048134;0.0034910564225027084;3.9438995060125346e-5;7959.281172220238;2764.2960841875706;1.0034603592188593;0.12773408196470573
