parameters;mean;std;mcse;ess_bulk;ess_tail;rhat;ess_per_sec
σ_aw;0.05972660996918109;0.017615887800556892;0.00046055522175727067;1426.9399273682043;2285.00902603357;1.0011304467568443;0.029339597029437187
a_ws[1];0.9315739708015099;0.5158623608782565;0.01027186808521332;2515.4806595716136;2921.379537902719;1.0011788509612738;0.051721300575907146
a_ws[2];0.5502308780434343;0.464015796955352;0.010714756768148398;1877.9963362751923;2358.8994619703;1.0034201099898852;0.0386138579994025
a_ws[3];-0.8976062921583862;0.5265724967494191;0.011150672668516059;2248.7013214736685;2633.33621685792;0.999810477380961;0.04623599728776531
a_ws[4];-0.6556206476558523;0.47593639889988126;0.010692958235271936;1995.9202168580334;2762.8621543489903;1.000580543401097;0.04103851447588727
a_ws[5];1.77564266953581;0.5659722322851144;0.01446625308818932;1518.0523014508215;2777.014366250544;1.0019202770825832;0.031212976762324526
a_ws[6];-0.351514712432894;0.4196821078452534;0.00975807604544443;1847.2452381737985;2467.415520715971;1.0004196331194666;0.03798157852554152
a_ws[7];-0.6858263076193867;0.5147450505603857;0.010368946917433376;2487.9763177645077;2549.029498142306;1.0014216178486455;0.051155778307097464
a_ws[8];0.12112054868801196;0.36676143479821943;0.009142384769107528;1606.5722384445132;2161.163968442478;1.0020635377638933;0.03303305287811179
a_ws[9];0.44679102695313533;0.46743459095417106;0.009520945746292803;2423.3096466097218;2422.834701103529;1.0023518478528628;0.04982615395744748
a_ws[10];-0.4230171233804896;0.5765686015100433;0.010797223275285178;2865.2768143122867;2626.883555184313;1.0010488902073649;0.05891352922246726
a_ws[11];-0.6944130118005728;0.5848098457365533;0.010746069193775961;2960.2923727916414;2890.2239227793316;1.000788536124432;0.0608671631098116
σ_bw;0.015407922518317128;0.010713918323586182;0.0002738106433334807;1396.6079858219105;1700.5953794150105;1.0018274348759466;0.02871593591727667
b_ws[1];-0.3510130369436157;0.859974199320027;0.012882085719389052;4518.246411801396;2913.9229447358935;1.0027519738703194;0.09290056747269577
b_ws[2];-0.6953508232868316;0.9106661281667772;0.014218571523632446;4182.349426662249;2849.466303883703;1.0007943748020023;0.08599412243014813
b_ws[3];-0.06993593566439824;0.9496666335730297;0.01428497309121802;4412.873074973768;3272.1663605065532;1.0018470355419618;0.09073396523466616
b_ws[4];0.39345156787888663;0.8966357649164519;0.012751667100698678;4922.954535555773;3018.7205115118295;1.0015061660483608;0.10122185208864519
b_ws[5];-0.21850024731743015;0.751119262602355;0.013200973649293799;3263.844584257604;2756.210576110121;0.9994957418895636;0.0671085607965607
b_ws[6];0.0829653115595602;0.8919231541862707;0.012030413704015372;5501.567662099452;3154.031182060999;1.0007504069284505;0.11311883222294188
b_ws[7];-0.14622653842899075;0.9371579168081188;0.014828812049709596;4003.4406262509156;2744.983052867992;1.000473572423808;0.0823155428288542
b_ws[8];0.6214880596822859;0.766221531173344;0.012619401892522347;3725.0631116885916;2761.05359300584;1.000497938377859;0.07659176711646055
b_ws[9];0.2877778470388058;0.8984250723618278;0.012485601077187092;5239.943874579773;3054.7588722806177;1.0042673506586135;0.10773953324060863
b_ws[10];0.32417550367297276;0.9725362729293293;0.0140614820750457;4792.005132226053;2787.465626193055;1.0007132264805718;0.0985293752357301
b_ws[11];-0.1653767451435605;0.914928328945989;0.013211835821166472;4810.191529240592;3057.15225727179;1.0008756098613267;0.0989033093794106
σ_ap;0.21876872117557547;0.036063803552526884;0.001346969637641523;691.2506034161099;1352.2310460397882;1.0028644290928566;0.01421294180757106
a_ps[1];0.25288214207590376;0.24135638673612078;0.009695670372245942;623.7978629860224;1002.1504006160127;1.0072889286688167;0.012826032530738324
a_ps[2];-0.7653499934685697;0.2651922503407316;0.01056666415971531;633.8946412374771;1083.4749248568817;1.0068375384518327;0.013033634406270415
a_ps[3];-1.91267675139592;0.3808476798906989;0.014802685371425478;664.3954381564201;1107.3540468748865;1.0035016203849128;0.013660767387494771
a_ps[4];0.45562044159714427;0.24279426771585222;0.009679173039020255;628.7453799634525;934.3831759023417;1.007056295988681;0.012927759416103303
a_ps[5];-0.49771178667907606;0.25152578669934356;0.01014971335037052;616.4012335717383;1108.3015725163061;1.004716562445347;0.012673948955088835
a_ps[6];-0.3528655212159705;0.24532854732533663;0.009835570876068208;625.0441489527922;955.6303837490221;1.0047204969169223;0.012851657665579079
a_ps[7];0.5438155577670121;0.2460084536207711;0.009902424209419834;618.9153316007028;1012.8307245204758;1.008617469788089;0.012725641827120502
a_ps[8];0.4588943374495439;0.24705000679835917;0.010049048161491195;603.0309692142298;1050.9629179159;1.0072404806092197;0.012399040277503612
a_ps[9];-0.17837693235563992;0.2395272779643135;0.009539363029921614;633.6025364193033;1015.862528973424;1.006921216354741;0.013027628380724979
a_ps[10];1.376380111460126;0.31188424911529516;0.012444135728549416;625.3092304603556;1198.3444586783896;1.0073371077835154;0.012857108059434278
a_ps[11];2.2904315685201024;0.4181761730576302;0.016277841314609954;658.0065638964194;1352.2072991491955;1.0045299666688627;0.013529404466978638
a_ps[12];0.8513628441229968;0.2643287959134262;0.010996209493258186;577.5971239484677;929.6625043716872;1.0062908160162716;0.011876089901882112
a_ps[13];-0.37282149828523664;0.242684920152407;0.00981338156535025;613.9316382920831;971.127589288775;1.006650108133055;0.012623171112979868
a_ps[14];-0.28643814690878816;0.24251459311785517;0.009650857652142892;635.0002867816514;1031.4216123417266;1.0061433344306376;0.013056367805274322
a_ps[15];-1.051682362967358;0.2913291352384985;0.01154699466296529;638.2239872833374;980.7606707337968;1.0031313248848606;0.013122650955566082
a_ps[16];1.0223347480861111;0.280055513464894;0.011277813448571454;614.127025821975;943.9588473958322;1.0060795707593326;0.012627188515031388
a_ps[17];0.5929913237333924;0.2526322454738835;0.010411968316619592;589.0244550690232;871.364252612551;1.0065503969591896;0.012111049540875054
a_ps[18];0.0925549450319386;0.23507910773584328;0.00940067993453446;628.6618560709974;959.0348179979006;1.0060940035960875;0.012926042064657764
a_ps[19];1.1076511489188778;0.2854307013378988;0.011584809584974057;604.6981904537446;1018.1482847372363;1.007042768689227;0.01243332034661381
a_ps[20];-0.42299211821078714;0.2482252663845902;0.01013852331424887;600.9720700145015;1048.305354282123;1.0050118438971603;0.012356706839574188
a_ps[21];-0.9260262814202792;0.2779767750370019;0.010888829329077717;653.7608860684547;1019.6626101736632;1.0045397548960335;0.013442108236632737
a_ps[22];-0.9021464633920698;0.27719882430731607;0.010959233848707058;639.1714929388183;967.0485325296099;1.00519406896038;0.013142132808713325
a_ps[23];-1.1693798420982393;0.29838973747595454;0.011774597664591184;644.566463381416;1041.859869577978;1.004481231264323;0.013253059874201974
σ_bp;0.038504088690037276;0.008746204863659197;0.00023972111819620736;1327.4492578764484;2200.692857202389;1.0026668442747582;0.0272939494901881
b_ps[1];0.08070602007721348;0.548818701661167;0.008363926973744025;4306.175406989859;2872.546614987849;0.9995283664922511;0.08854013315905644
b_ps[2];1.1767931289314224;0.5692513370398122;0.008112543069207884;4936.426936906509;3040.2565392497568;1.000522781132203;0.10149886082536087
b_ps[3];-0.8425363224673331;0.5665915089206743;0.00977926638719277;3373.30184174327;2865.961904068642;0.9995737612792478;0.06935913334343717
b_ps[4];0.23540348839928985;0.5583143363718978;0.008276225918166838;4566.862383710729;2383.7467600971822;1.0004535050098788;0.09390017018732792
b_ps[5];-0.5765064235203782;0.5492955206943426;0.008119808067078658;4557.327511213978;2899.2494517328273;1.0003443087104007;0.09370412176831866
b_ps[6];1.4574905085459218;0.595194048251163;0.009161962001561007;4253.570411391577;2945.2650357384487;1.001626993516954;0.08745851133112462
b_ps[7];-0.332670511215224;0.5688097979507449;0.008190180254297906;4806.577236584745;3094.6563911516205;1.0031454643775906;0.09882899518577486
b_ps[8];0.5913203001810678;0.5755665724727782;0.00887499165178511;4223.359731695148;2477.0593379088546;1.0014487417622007;0.0868373435080941
b_ps[9];1.1353321219608552;0.5805201726995193;0.008606182951341463;4573.1113203128325;2771.4972497873277;1.0002623933083166;0.09402865582169262
b_ps[10];-0.9398957637539154;0.5687580271660531;0.008973161830885172;4066.9170998046634;2856.8959644519664;0.9998133115327369;0.08362069528776084
b_ps[11];-1.2554658346765346;0.5856092181429983;0.008728786830151736;4527.889790620181;2591.032144001202;1.0003507436028525;0.09309884691187804
b_ps[12];-1.086344349488052;0.5791758225877668;0.009044054664247618;4263.786850576139;2548.937305556854;1.0012607724790679;0.0876685735790173
b_ps[13];-0.7629897561695141;0.5644611384911264;0.008643115991125914;4260.598027137221;3113.217410425086;1.0000661982744221;0.08760300754298352
b_ps[14];0.9441086156852477;0.5863980329366106;0.009048754312783798;4206.702567327368;2490.2178781602483;1.0013281540734402;0.08649485222249029
b_ps[15];0.7255238668721328;0.5753570020106251;0.00862869768296465;4477.838842210052;2882.3268793936545;1.0005076180538233;0.09206973935862403
b_ps[16];0.41019928143939993;0.5706868013932427;0.008494856128276074;4525.348271936108;2793.7672599463485;1.0024062802328;0.09304659023827651
b_ps[17];0.41488770349535575;0.5600940944748981;0.008399178985851892;4442.8993976058655;3098.5971632594496;1.0021172487950905;0.09135134245525205
b_ps[18];-0.8389883415685042;0.580408378825243;0.009150308889354232;4018.475059795802;2601.5577867348925;1.0014930367794295;0.08262466882169565
b_ps[19];0.46881946623791476;0.5769410874807206;0.008719312502952816;4404.289626757122;2712.0253163315183;1.0008712669371473;0.0905574792404282
b_ps[20];-1.0387119119386157;0.5630566047622194;0.00951660979528335;3535.0588141571047;2504.7474953933433;0.9997806390758972;0.07268505078137504
b_ps[21];0.09112779211908692;0.5657350226014598;0.008592265300710375;4342.786700185635;2600.3444558371193;1.0002137586698299;0.08929290527544945
b_ps[22];-0.011359195996964151;0.5582048413049766;0.008185176965400052;4659.639493188323;2736.3909445382583;0.9999691053416542;0.09580777887737911
b_ps[23];-0.11262055895152434;0.5681470176737177;0.008169403635412227;4802.345497357104;3142.320862832403;1.0010063429387925;0.09874198554977594
a_e;-0.01314800247656266;0.05122122851657658;0.002182137373262818;550.9513876241621;870.221639834158;1.0053451540953837;0.011328221592001933
b_e;0.02884968997368165;0.012733105102378378;0.0002887732693005755;1979.694142456063;1773.075320212332;1.0014707091273174;0.04070488691722647
σ;0.9751387594221568;0.003468632242112319;4.063268666164596e-5;7289.694336252244;2802.7322268071516;1.0040236748899727;0.14988486213843477
