parameters;mean;std;mcse;ess_bulk;ess_tail;rhat;ess_per_sec
σ_aw;0.04370496732121203;0.014238398783064873;0.00036800330960825304;1599.907543541017;2141.4597415071;1.003016140162864;0.02661605415024771
a_ws[1];0.5549976340596797;0.5900847165824425;0.010180855304073562;3348.1736510894666;2691.397101441288;1.000645333499309;0.055700200653216785
a_ws[2];0.6964343146426402;0.5256182606412338;0.009608469220400435;2988.4161303389355;3149.648429176822;1.0006831332575645;0.04971527627936061
a_ws[3];0.4513783577164213;0.6064088657817556;0.010904284220411344;3094.05880298769;2896.010920077136;1.001055199914682;0.05147274727019856
a_ws[4];-0.09974266720547686;0.5534621710428274;0.010244125480334319;2956.0828048729018;2900.663435326521;0.9998013241484137;0.04917737923341204
a_ws[5];-1.7851244327672635;0.6135465990351253;0.014497404391974831;1787.6640417755746;2622.9747901548753;1.0014849706682418;0.02973957034607203
a_ws[6];-0.14313194332446547;0.49771890649765704;0.00952451154776894;2735.9129985253426;2633.681182063087;1.0012179866773736;0.045514635400711344
a_ws[7];-0.4546969769844035;0.6227203917388033;0.010100311679765875;3824.5214434780523;2883.327297994332;1.001882760434262;0.06362472022170679
a_ws[8];0.4176602079672115;0.42609922689008994;0.008723749852104043;2379.69867019976;2655.3437650560986;1.0003319922379637;0.03958865555888634
a_ws[9];1.0798664940443394;0.555752001807531;0.009281041329322252;3593.566671685138;2993.0149558870103;1.0006549030777188;0.05978255775606008
a_ws[10];-0.5666034347020957;0.707547101601673;0.011195787490294373;3992.7045425055935;3054.046453409441;1.0006838787161272;0.06642261344306513
a_ws[11];-0.16953427859032008;0.681778397838364;0.009956776698518507;4723.389248110323;2952.278394065155;1.0007345915634382;0.0785782806687411
σ_bw;0.025011423905307213;0.011630381666102566;0.0003154440089834028;1268.7424078642575;1940.0572757217071;1.0024021380262715;0.021106792556081853
b_ws[1];-0.0020557240516581574;0.7273606796206751;0.01111445980556619;4283.8833845935615;3152.164256989184;1.0005482174191742;0.07126666325063521
b_ws[2];0.4863944268248108;0.7694312520754913;0.01041628818183798;5417.768132613391;2821.583352434283;1.0014591882234547;0.09012996443030244
b_ws[3];0.13308127143001117;0.8485266599278949;0.012426134269013043;4654.432555166209;3450.062864038924;1.0000104869733069;0.07743111745869684
b_ws[4];-0.15063593863164398;0.749799477501654;0.012766316916932755;3465.9313282609173;2358.9811753572876;0.9999907272805747;0.057659216800653536
b_ws[5];-1.3753856577864576;0.6425671327754144;0.011302073557108683;3233.480110170169;2597.929624957512;1.001002013361044;0.053792159461639386
b_ws[6];0.22327072155973565;0.7814178934567056;0.012576644632902692;3862.0599461886204;3016.3010890925166;1.0001282919879633;0.06424921057110058
b_ws[7];-0.5083999097488869;0.8138286057348152;0.012072626427984798;4557.873186361161;2485.3687448513497;1.0009293194095068;0.0758247562666365
b_ws[8];-0.10292839747564801;0.5713310561735989;0.010901780270214784;2814.404082665407;2531.738062803881;1.0008686626531478;0.04682041269654171
b_ws[9];0.8928317608550786;0.8093706477643148;0.011959853359900553;4622.951408416649;2715.6410377804764;1.0001389773146412;0.0769073972537507
b_ws[10];0.34645444195882147;0.8815545463074537;0.013485518556049927;4271.764000103051;3005.9623562607776;1.0010604591925911;0.07106504522891306
b_ws[11];0.11805257441592674;0.8623109604613483;0.012372610977154992;4868.438915202462;2795.965492930347;1.0004726913390516;0.08099132622839585
σ_ap;0.24405409191059924;0.04159518014752436;0.0016303556907739096;667.925185845736;1139.5537436137683;1.008107451604549;0.011111600158742928
a_ps[1];-0.4261289026212254;0.23227539999290003;0.010621075131565749;480.277532625798;1064.3331866440637;1.0037519483655772;0.007989894708054971
a_ps[2];-0.9246237553166107;0.27131505482733353;0.011922613677002697;520.6083295201246;926.5649571431985;1.0038743482951473;0.008660837649974114
a_ps[3];-0.5685178333546143;0.2398586285670575;0.010885048504217449;488.40941886943375;953.1984198346546;1.0032143111774752;0.00812517672824298
a_ps[4];-0.5700411460758549;0.24293319331523391;0.010653466350196053;521.1742034297744;1052.9926357220488;1.0056162173902339;0.008670251525596024
a_ps[5];-0.5519454300502528;0.24076041154881692;0.010860984423564141;495.1829644066817;956.0669232562511;1.0046771162132586;0.008237861399014355
a_ps[6];-0.649352783509594;0.25062348255265393;0.01114577329570031;509.06436128685726;1073.2480209932353;1.0029549339752708;0.00846879225032224
a_ps[7];-0.3094588365059303;0.2273341565417427;0.010348390675106013;491.4006265540459;1011.3330931893381;1.002890898896199;0.008174938444805718
a_ps[8];1.3007508054264756;0.29360269767883934;0.012692239119476902;533.1220080382011;1030.180563711756;1.0072841015535514;0.008869015145230343
a_ps[9];0.15480366377450758;0.21895673916545388;0.010178284286511453;468.3828015699927;1196.9280351895723;1.0039172235465372;0.007792014019785167
a_ps[10];-0.1247753891384321;0.22014163174496915;0.010069066831131332;483.2471797893942;935.617804267258;1.0023453584856579;0.008039297743894447
a_ps[11];0.9513687186619135;0.26026588103734155;0.011356082066851169;527.309180523218;1028.2064113942286;1.0065634392651996;0.00877231297482716
a_ps[12];1.6717340552717797;0.3353294874640879;0.013871937928532564;584.1736919292644;1097.29928031702;1.0075165597875866;0.00971831071133443
a_ps[13];-0.35336472426074467;0.23275463943813351;0.010283053823562224;519.5358094792196;1146.5700638981684;1.0037912262964717;0.008642995211764981
a_ps[14];0.9803968923689913;0.2626440733127015;0.011160856722859696;556.0918873953359;1068.3381134601814;1.005681436249459;0.009251141947033551
a_ps[15];-0.46624838770532545;0.23314734122316788;0.01030843363111759;518.1480340108196;1051.3961357587302;1.001938985815907;0.00861990818578999
a_ps[16];-0.07328791664157441;0.218985523365097;0.010027394397586898;482.18406590269416;955.5099255679861;1.0030325123462451;0.008021611786421141
a_ps[17];-1.4904569230309306;0.32872080870061643;0.013838678976381124;564.3048248064398;1024.6548102872216;1.004201755030539;0.009387772334051246
a_ps[18];-0.27866752603787237;0.22680411440267603;0.010348169595045139;496.1433284146182;894.3091547770877;1.0045247022010897;0.008253838010001896
a_ps[19];2.7595227395073434;0.4757560057721678;0.01949198417249151;595.3393371792382;1121.1453209445212;1.0090928432441362;0.009904062331667447
a_ps[20];0.360034817055707;0.22227457075914367;0.010249032028249115;476.6491768032621;1081.6595165395415;1.0037999509033455;0.007929533398153749
a_ps[21];-0.45377375836779843;0.23919673228877839;0.010921511260607452;486.28013598080304;968.8604285789598;1.0045824722536039;0.008089753988414179
a_ps[22];-1.0567356928063725;0.2829301398813205;0.011995294058851;557.0733145647428;969.3657631314825;1.0031565765670156;0.009267468964673361
a_ps[23];0.20481609914855411;0.22208067309687002;0.010099871763204303;492.5585596547216;988.9958419279;1.0039983035334898;0.008194201814263766
σ_bp;0.043533796913973424;0.009013190325797546;0.00023823751646209648;1432.002189710236;2151.3686202295103;1.0010673037694067;0.023822781496638273
b_ps[1];0.3438058548880174;0.5109039885015041;0.007918466084714755;4144.20367020941;3120.2953617395347;1.0030345852267162;0.06894295219823815
b_ps[2];1.0008297435413769;0.5322503619646138;0.008602160672506468;3825.7232535034063;3082.599671100565;1.001105033120403;0.0636447135274714
b_ps[3];1.0461201829226194;0.517175791662007;0.008150567921385642;4032.937350731067;2781.224393532122;1.0006961309032074;0.06709192624596354
b_ps[4];-0.6196875198116911;0.5308565192220135;0.008761658112636982;3696.058820192094;2474.1446992227447;1.0012826400873334;0.06148761664252469
b_ps[5];-0.522218385036643;0.5189783106254301;0.008318601229601786;3906.6558628595676;2861.7926031899024;0.9999709294299647;0.06499110802497894
b_ps[6];-1.0706952637196232;0.5297302003469151;0.008432853355495663;3960.064733779758;2931.437397204027;1.0024483328025295;0.06587961774309
b_ps[7];0.6092105514088303;0.5418138877323702;0.009096026313033457;3568.3467454360057;2504.741671247341;1.001865823739428;0.0593629991850526
b_ps[8];-0.950883008324706;0.523967447836707;0.008822946070962307;3553.7663143574355;2643.8312119878346;1.0010444944305579;0.05912043920420379
b_ps[9];-1.441379224448878;0.5363493346811756;0.008966951279081556;3599.6951606587;3237.925477931299;1.0010335913256467;0.05988451126896027
b_ps[10];-0.23240762919500169;0.5083157583523864;0.008766552903530745;3356.814288755694;2543.277283788476;1.0008857605339632;0.0558439462596085
b_ps[11];-0.14830476340195672;0.5178738748908821;0.008318003471947005;3886.384891756284;2720.937454061105;1.0001396392996504;0.06465388024782316
b_ps[12];-1.7214869008915534;0.5470833690988393;0.009282161448832168;3543.751219630315;2510.7231040311385;1.0004874707962055;0.058953828136799905
b_ps[13];0.2242796617984182;0.53859359276782;0.008060691961021904;4465.392776860185;2660.8791208413145;1.0016656116132234;0.07428625262181512
b_ps[14];-0.938771175352674;0.5354686026466293;0.008522893725977006;3985.2376507447007;2709.894851790114;1.0009529704559044;0.06629839426787323
b_ps[15];0.7845035832951252;0.5215144527387553;0.008313161837412104;3937.8000485826838;2867.540281011098;1.0018009265475674;0.06550922254792017
b_ps[16];0.2720639955355589;0.5025799876740057;0.007762894959295651;4185.98544425266;3107.8432556782473;1.0014224003086856;0.06963803358898356
b_ps[17];1.4944213142508809;0.558267037532261;0.00950573789269006;3501.059086427679;2967.8668160978486;1.0015413327441718;0.0582436020154854
b_ps[18];0.40031449493422677;0.5150939407198426;0.008469284455183513;3715.28251987303;2333.017334576856;0.9999144824287433;0.06180742201736745
b_ps[19];-0.41228779562041395;0.5091002804393753;0.008094570232862319;3941.1132087649585;2969.5794339089257;1.0006303487080412;0.06556434026467567
b_ps[20];0.5346698873088434;0.5206288048393524;0.008662337464781272;3613.306473005643;3190.4522437338815;1.0013896385780205;0.060110948995280605
b_ps[21];0.7422821246243284;0.5235699925311418;0.008822135950985978;3526.193935462071;2692.0920384566934;1.0016353037278287;0.058661745242360265
b_ps[22];0.4349777303932761;0.5349241302893727;0.00880931441812158;3692.884423747365;3063.221000340853;1.0017911658811058;0.06143480739863534
b_ps[23];-0.12862289821509543;0.5257952167500658;0.008935250362446702;3473.880412179967;3014.834280580158;1.000645290473121;0.05779145772225456
a_e;0.004869030769712833;0.051546689463886644;0.002534328093190119;417.1752903061244;757.9665776452421;1.0044889041335516;0.006940126110261353
b_e;0.010471200772005751;0.014829620343027995;0.00034821699443725253;1802.426342069244;2392.8605749348953;1.0026472287662636;0.029985155902302923
σ;0.9733699371914417;0.003585745787147087;4.109056327696439e-5;7578.7847162699445;2676.0978490987477;1.0013351429603716;0.12608062585595223
