parameters;mean;std;mcse;ess_bulk;ess_tail;rhat;ess_per_sec
σ_aw;0.06051556621867639;0.021101290842873113;0.0012309902682572107;626.513341334712;392.9726122631836;1.0045155349353974;0.02483243876366625
a_ws[1];0.9290918789538072;0.534377626486151;0.0138825553647562;1475.7217800637675;2223.385077349714;1.001428589686121;0.05849160475589014
a_ws[2];0.5449243034956418;0.4700921741904514;0.014747157331697203;1016.1706381798763;2056.9504633539145;1.0038009724515633;0.040276867994988606
a_ws[3];-0.9074740657664011;0.5255761733615534;0.015765526011951494;1088.1899423277716;1357.4355378555754;1.0029200931828017;0.04313142007243433
a_ws[4];-0.6570256401421852;0.4751211181590509;0.01611472097131776;844.4730903241775;638.7829813221732;1.003860841274477;0.033471476055664445
a_ws[5];1.7746253274127466;0.5811052684637984;0.02163537436106332;698.5508628321469;474.5532200688313;1.0044210680222372;0.02768771290269795
a_ws[6];-0.37024018007225845;0.4294455902615226;0.014334542354741015;889.94742758601;2019.327539467928;1.0039638300938138;0.035273893691284225
a_ws[7];-0.674504669779652;0.5224521022357231;0.01568247509733354;1097.9522821918604;623.8425345441129;1.0026934822698337;0.043518359489157096
a_ws[8];0.11670577645259637;0.3662825297202821;0.012662599625788565;831.2998057194675;1821.5264993863427;1.0045781499861561;0.03294934067293515
a_ws[9];0.44459155038185677;0.4742178515726566;0.014658611577489112;1044.631384960976;1792.6674617123515;1.004165148638569;0.04140493615408674
a_ws[10];-0.43086462339498266;0.6135847223691345;0.019852980537334385;1144.0405127677657;496.8372087796252;1.0036473117959126;0.04534510935702697
a_ws[11];-0.6971486785401821;0.5928355030198449;0.012773583841324312;2150.638359586698;2888.1586467276366;1.0010936130795285;0.08524255086644134
σ_bw;0.01653615628204358;0.012872229684305857;0.0007111722311779369;648.3461055769569;503.2942424794713;1.0023501631153344;0.025697800672691368
b_ws[1];-0.3529425832892117;0.8449383332774915;0.013612624337632164;3845.251170909488;2982.3950342792323;1.0001332030381966;0.15241010515291217
b_ws[2];-0.6545215261684972;0.9065645286803752;0.016148215945471053;3198.510826265371;2391.931158084471;1.0052074279838004;0.12677595030769656
b_ws[3];-0.08636668767726625;0.9401619209734661;0.01619301717310387;3376.662643599795;2817.7257649087774;1.0002726754847753;0.13383716321845157
b_ws[4];0.3727616076022789;0.8597434680134707;0.016893021666689798;2629.636560598806;2615.8625510748952;1.0014688258626392;0.10422808989614381
b_ws[5];-0.2011196278378564;0.740283840604923;0.01705703812470709;1867.7567618322735;2405.8912852970443;1.003666694301967;0.07403027573972233
b_ws[6];0.06965755448714549;0.8564344740342541;0.01366661205129281;3952.168510506747;2883.9315145508035;1.000118855379965;0.15664787331067695
b_ws[7];-0.11210142309785988;0.8892775305203858;0.014714870784063376;3634.314906805215;2851.154143288165;1.0001612974646197;0.1440494502141892
b_ws[8];0.6350947496415084;0.7683122061038383;0.01679004393467925;2101.665554996258;2315.150279069851;1.0027053263840011;0.08330146822566899
b_ws[9];0.2943775417190091;0.8866745386460939;0.015409063344969715;3319.8580141844113;2992.864772867004;1.0001741122273624;0.13158565891936488
b_ws[10];0.33240036803172085;0.9447948765717551;0.016449443968351112;3264.556804997184;2629.6197539078553;0.9998502569665944;0.12939374407877594
b_ws[11];-0.16533059143645848;0.9264731206759378;0.015957045566234913;3359.831228953577;2559.5160652392888;1.0004525182251378;0.13317003445050282
σ_bp;0.03940769605681699;0.00882852601354145;0.00025280386592202485;1186.8297922400993;1490.7238773233364;1.0006447924909396;0.04704110223081712
b_ps[1];0.07848462554240387;0.5430170663872687;0.010448494301415005;2681.064106032619;2465.679923910708;1.0005317824108997;0.10626646847245659
b_ps[2];1.2334096387131817;0.5670413978155603;0.011252426411753254;2554.1094746370627;2300.6100428931863;1.002844749699201;0.10123450362526316
b_ps[3];-0.635612299413391;0.5910520797537591;0.014355708346409299;1699.090805988279;871.8923660163548;1.0026596232788096;0.06734504376830354
b_ps[4];0.2055502685007325;0.5517735076271841;0.010351091843091496;2851.727502440036;2167.316211241324;1.000274324986882;0.11303087085766032
b_ps[5];-0.502114227146103;0.5886103202092544;0.01118727722834694;2738.1048139917393;2541.012782500559;1.0013406020314368;0.10852732996411044
b_ps[6];1.4469638027364262;0.5826896316011547;0.013050120648142626;1994.8808309591218;2231.4096668279694;1.0010244969918303;0.0790689564089246
b_ps[7];-0.38515320705553574;0.5683938646226395;0.010463678841155545;2947.455903449579;2271.482759930091;1.0013254908623408;0.11682515503195882
b_ps[8];0.5332334552695468;0.5635227846537402;0.011903475732355215;2193.9424399164527;2545.310500426707;1.0014092641448482;0.0869589483508343
b_ps[9];1.1470436079156074;0.5739900137864453;0.011832612109098096;2463.9034921422294;1749.2223222345417;1.0006509512638415;0.09765910564307946
b_ps[10];-1.0183219302631585;0.5575362012444012;0.011373544256039586;2404.7054501936896;2921.4787848237834;1.0009639662238063;0.09531273621304573
b_ps[11];-1.4389718423831053;0.5706304417678235;0.011149928041784786;2585.058811079415;2597.943472376609;1.0024790866990434;0.10246120934926822
b_ps[12];-1.1355123791419979;0.564843586984954;0.01409236858194402;1682.9575363814752;1097.3668669905608;1.0027078056003602;0.06670558662806901
b_ps[13];-0.7118974067854374;0.554962063795293;0.010714026275416634;2738.3073398890915;2099.5121529457624;1.0010446828587887;0.10853535726634368
b_ps[14];0.9579659174469025;0.5510714656555215;0.01165490626833807;2218.291265281602;2337.1472009474696;1.0045132912049275;0.08792403668168956
b_ps[15];0.8239644377290662;0.5607901092061149;0.01379988488823385;1604.8882481399176;862.212549096399;1.0011959083158704;0.06361123780630022
b_ps[16];0.30695296047774057;0.576637344445089;0.014813371901567066;1510.9086714344342;1223.1336583457191;1.0013916840106545;0.05988626990920416
b_ps[17];0.368763214678397;0.5544123797308146;0.012976200113444195;1867.2105458926846;1094.1978143683032;1.0020752259324794;0.0740086259631307
b_ps[18];-0.816035367828214;0.5752384294774128;0.011986613296082596;2327.743290252493;2409.313634277933;1.0016921590075063;0.09226226945077733
b_ps[19];0.36179977072944336;0.5676600569069551;0.010555827498590109;2875.6453270222337;2806.1400060661704;1.0003531742255012;0.11397887607177472
b_ps[20];-0.9780245255774478;0.5716757406937725;0.012191801412803488;2211.3197837943385;2178.0948471353922;1.0016940509532128;0.08764771553143968
b_ps[21];0.19539896536569887;0.5652141279218083;0.014452596166539823;1602.8782354641767;686.075177494618;1.0009616377219208;0.06353156908515505
b_ps[22];0.08974517499409534;0.5641368719100917;0.011091253373049052;2616.911520077107;2523.987783622802;1.002089758613313;0.10372372108438463
b_ps[23];0.012314946902393141;0.5434723170779681;0.009030738556382291;3593.3431971565005;3082.4407899920125;0.9997141626174271;0.14242549841018307
a_e;-0.01032870453261518;0.02009665275685893;0.0008340164516378376;594.8483804423203;464.16657858058625;1.0061903466340962;0.023577368599255952
b_e;0.027906204936028123;0.01369101236114738;0.0005938178795587884;693.5415027943687;464.3743897098379;1.0026530626221448;0.02748916226031534
σ;0.9961281544740705;0.0035902994661399655;4.208189048162607e-5;7294.88801847225;2652.2580904183883;1.0016838431229276;0.2891396687907661
