parameters;mean;std;mcse;ess_bulk;ess_tail;rhat;ess_per_sec
σ_aw;0.02902566499303931;0.010883742757620043;0.00029360198515976084;1383.9684592365206;2143.3268806679293;1.0040064325896163;0.05447944663825302
a_ws[1];0.020549059246681302;0.7303074730844452;0.013037709406533727;3163.271730386314;1383.2614503020206;1.0042183940576985;0.12452111338790538
a_ws[2];-0.45542866456276326;0.6959488437116608;0.011853851368223927;3447.7424891544597;2658.8747376878846;1.0008890370434913;0.13571920783797836
a_ws[3];-0.39285456382386297;0.7091212278795916;0.01297812087303452;2988.4666369556207;1785.3063263196689;1.001867841591669;0.11763997047160951
a_ws[4];-0.3172116152473631;0.6463112963576899;0.011714992951986416;3044.9763194861953;2580.1949589581795;1.0017881528255848;0.11986445486171433
a_ws[5];1.6422538169185952;0.6118605273586807;0.01392835892539016;1932.0624419965875;2075.9099264270603;1.0009718822667453;0.07605497943832644
a_ws[6];-0.1506295264601069;0.6071404455378674;0.011935513121254905;2622.9745637760116;2685.593272293474;1.003015789553279;0.10325249959783142
a_ws[7];0.7015176848009;0.7251398937473097;0.012740914834377873;3254.08518287121;2041.5368902349496;1.000449861111597;0.12809595398898072
a_ws[8];0.18531203899485996;0.5169455198680842;0.011675060255216694;1951.5662034509144;1907.5585270424335;1.0030695301665524;0.07682273835964058
a_ws[9];-1.1296000736629712;0.7009054426184647;0.013268422000015245;2815.6557091503996;2333.9229933915794;1.0015265304544387;0.1108373272054001
a_ws[10];0.10621579137312805;0.8095905798695883;0.014621957794378386;3091.905977808285;1696.4292079807965;1.0008702421226086;0.12171182486443835
a_ws[11];-0.09763525851349676;0.8040769998609352;0.011605711193893736;4773.084952483598;2370.712678864469;1.0006102780319373;0.18789086213144582
σ_bw;0.01236397848443118;0.01071964925751158;0.0003323307758213059;1130.882911105127;1107.2192111546153;1.0011118386005033;0.04451682030647698
b_ws[1];-0.14339087743463855;0.8924516102860911;0.013325813175762424;4454.478337929412;2808.7232672042055;1.0009602962296513;0.17534902135439906
b_ws[2];0.148123385814161;0.8914905041114582;0.01297855722000331;4693.557073258225;3090.085542425261;1.0039404690516365;0.18476027427476716
b_ws[3];0.36143785329790545;0.9916571954212616;0.015957351899448177;3834.745385312298;2988.828407742979;1.0011098667344671;0.15095344492580284
b_ws[4];0.05374388385340434;0.8701757639329957;0.01304163185519243;4410.8968172012665;3008.6309526352425;1.0014524055459437;0.17363344964676583
b_ws[5];-0.25600861149392706;0.8289826758177272;0.015626806980452452;2781.867067209128;2402.3794152087958;1.0002653878681305;0.10950724883306924
b_ws[6];-0.28819723057927543;0.9016263842724374;0.013255366070568339;4622.325381077826;2787.2524988797386;1.0017130619838193;0.1819562629931551
b_ws[7];0.24113656453006968;0.9205913727751017;0.013940091547501813;4357.202349144378;2571.4979730679916;1.0034605213059953;0.17151978521478276
b_ws[8];-0.47500601135033693;0.8227053559923515;0.013102331245582008;3960.3809598144835;2660.6042313613816;1.0001289942403546;0.15589904649011446
b_ws[9];-0.11346791382602493;0.9283694711466683;0.013076597996751628;4994.843069618954;2861.5716283560564;1.0000279543834711;0.19662029482078608
b_ws[10];0.49424276925294885;1.0132759085161815;0.017006011402799125;3551.3370896452157;2582.996363453998;1.0025060770744576;0.13979717397353664
b_ws[11];-0.032594020489550325;0.9249685974421511;0.012578322212165342;5356.648417209353;2566.487290454311;1.0020232285192063;0.21086263899845575
σ_bp;0.049861080879461304;0.009965432497262573;0.00028462238128756505;1213.236670303938;2069.2079575889074;1.003148049843601;0.047758647965039536
b_ps[1];-0.15318804616094428;0.49768075137121803;0.008750457459622347;3240.2675147881646;1798.9837612859385;1.005220588380579;0.1275520261949827
b_ps[2];1.4342227683000808;0.5147603303845603;0.010735937974205401;2283.5561686261462;2511.634115281284;1.001095065232456;0.08989141017184155
b_ps[3];-0.6125718059375672;0.48506798021951847;0.008475729595412484;3302.188653884637;2767.620886681772;1.0009080608151502;0.1299895307281764
b_ps[4];-0.24807962351900717;0.4662373470956958;0.008916454138103528;2767.7362581561806;2560.682156428678;0.9999029540123945;0.10895099435153281
b_ps[5];0.6471615137593412;0.4946303584777097;0.00814861126490152;3689.1144983038303;2653.6663764162877;1.0068063576241302;0.14522073470057412
b_ps[6];0.6824288806467195;0.49598022415072585;0.008726506800344385;3215.6312479134117;2578.5497673465266;1.000884529173994;0.12658222794733387
b_ps[7];-0.4748345790621627;0.4812668504469015;0.00883503547678796;2959.215146853715;2806.7745279164187;1.0004451196580821;0.11648849553483581
b_ps[8];0.6485525624672527;0.4885335961888924;0.009515251439778577;2621.854317396094;1710.0256494646856;1.0011163938918248;0.10320840148094941
b_ps[9];-0.946520357138749;0.4881728814667755;0.009204624283036126;2866.9429498954887;2710.6651058610273;1.0016116700206021;0.11285623195481664
b_ps[10];-1.3751049531928057;0.4904410599361227;0.00960782384868598;2614.0552932460378;2126.469687021377;1.000310195276978;0.10290139555377112
b_ps[11];-1.8310754883414675;0.5203903245264213;0.01123304245893767;2188.8299930192734;2069.884157703424;1.0000703107272446;0.08616254655881722
b_ps[12];-0.015412766625034198;0.4867011750689157;0.008973280395753428;2933.5235549051226;2261.8005572286434;1.0008458531000988;0.11547715477538871
b_ps[13];0.1365416122544406;0.5006866703762062;0.008863052096819755;3185.3525387996333;2044.6575926362245;1.0035138726531558;0.1253903168843106
b_ps[14];1.203296854432288;0.5076662326328365;0.00938714720611675;2974.5883704936195;2152.87509350874;1.0005056785976896;0.11709365724308034
b_ps[15];0.5651887285362273;0.47866789577584895;0.00807117916609889;3494.1066776887315;2639.4554334685304;1.002723383994089;0.13754431831525918
b_ps[16];-0.5733617783306736;0.4948859551765604;0.009213547559587762;2907.9200598103093;2617.3930942323527;1.00239286150615;0.11446928191856064
b_ps[17];0.6169103105043104;0.49983618549248005;0.008947459484841403;3132.9996926834997;2368.999772055006;1.001101112070213;0.1233294649427006
b_ps[18];-0.5969085869997521;0.4804797510645258;0.008477837575468529;3187.0254552386937;2874.1271786437082;1.0002490988032293;0.1254561706696796
b_ps[19];-1.0152051973287497;0.4828328409824619;0.009393420018550262;2654.906019982197;2586.859519927712;1.0010978409294211;0.10450947048676791
b_ps[20];-0.37628538184470833;0.4837101601191909;0.007747108277317193;3892.4566626440223;2917.0754652204096;1.00020455353455;0.15322522968566188
b_ps[21];1.3601397705181875;0.5064113829797114;0.009933155834787339;2636.8268117239595;2040.650554526286;1.001416845543408;0.10379778861642393
b_ps[22];0.2553298165031281;0.4889720480442696;0.007985280296622602;3755.4570656847645;2383.053552957896;1.0008853925290542;0.14783228725103337
b_ps[23];0.614101752359649;0.5059325507253838;0.00853346604021881;3524.450645915898;2375.5094646108632;1.0000844078459699;0.1387387982810358
a_e;-0.0077881991143343874;0.011485607201097488;0.00029339408824173585;1541.8296021241604;2211.3630056524958;1.0033436473330197;0.06069359671718269
b_e;0.02675023355177842;0.013610370076221616;0.00037879303639968827;1317.337541483982;1407.056746965871;1.001744469032119;0.05185654327370685
σ;1.0007774254293051;0.00356701768585665;5.0628900556945195e-5;4968.525548733973;2472.784229486861;1.001338263169078;0.19558431458212122
