parameters;mean;std;mcse;ess_bulk;ess_tail;rhat;ess_per_sec
σ_aw;0.029956399344860756;0.010626507978914191;0.000263340084703825;1800.359964570539;1748.2308419078097;1.0012363242311781;0.06576915676398394
a_ws[1];0.1844121975157444;0.7375276243344726;0.012966505436158833;3222.1352130775954;2506.4784937916984;1.0034211379790208;0.11770819175830997
a_ws[2];-0.9451054198814683;0.6579449586961241;0.013310127035799557;2508.7068898368166;2029.6398219398864;1.0005849863956116;0.09164585969446533
a_ws[3];0.11729365266352265;0.6843964978485818;0.01129389710656421;3680.9900705875125;2569.064197562427;1.0015211089395044;0.13447067128983192
a_ws[4];0.7008608759231578;0.6421484728359672;0.01234172571589336;2704.394280131101;2744.0578907539057;1.000431205228519;0.0987945382377975
a_ws[5];1.496862091240161;0.6159683523880763;0.013579219710720646;2026.487111843009;2422.0018189560838;1.0007734080481239;0.07402983356763815
a_ws[6];-1.0454536892964799;0.6038770150537066;0.01272384991304654;2215.396611519849;2879.8341787330633;1.0009069992903972;0.08093090820990594
a_ws[7];0.022598482054615333;0.731808000018889;0.013472394039971426;2951.6981324461703;2584.957152598513;1.0002139858014172;0.10782882368700032
a_ws[8];-0.05839904297353071;0.5086545858578423;0.012108501233541106;1766.4219632698985;2286.011507540759;1.001547277291326;0.06452936373829835
a_ws[9];-0.33598558330608413;0.6609995183095962;0.011649700287387635;3219.228062498631;2823.589120930543;1.0012177070374493;0.11760199030641864
a_ws[10];-0.06232058997294128;0.8213077931353944;0.014934602571686486;3071.9760155924037;2437.6859421558056;1.000377680204754;0.1122227088586092
a_ws[11];-0.1885961532110813;0.7760702712355811;0.012523547676176125;3850.9197664621247;3036.247239142351;1.0001092028255951;0.14067839253823208
σ_bw;0.013180897290051856;0.009785872174880385;0.00027518231373351883;1279.0759380280422;1674.8723514970245;1.0044088888514182;0.046726070084141834
b_ws[1];-0.06115290199659839;0.8746254865298875;0.013467774154200201;4203.47429656264;2768.7624295474175;1.003606893919978;0.153557602593075
b_ws[2];-0.1445932910785119;0.909943706837392;0.013711970154986135;4420.111654200235;2896.854122302074;1.0003823744932914;0.16147160680100625
b_ws[3];-0.2549320030194298;0.9482169239979445;0.015219674559618722;3891.8847399705346;2814.1119314905454;1.0009565148180477;0.14217488869318282
b_ws[4];-0.18157980610946392;0.8735824192307682;0.01420865537187487;3764.085211018551;3050.3892158578305;1.0013901773054468;0.13750622941425283
b_ws[5];0.754622825335028;0.7968853141928341;0.01421205287925042;3196.251979115862;2777.891458633939;1.0014184263345776;0.11676264836393985
b_ws[6];-0.1624288186117803;0.9129702674906905;0.01407381535876827;4214.331969558043;2989.1701109974383;1.000685679086015;0.1539542454930392
b_ws[7];-0.23381051853491225;0.9165979503412955;0.01477433264618395;3862.4511698882384;2735.339146650197;1.0010305299776037;0.14109964756198604
b_ws[8];-0.20221839864229374;0.7884453511394104;0.013139683436566614;3633.4813851629997;2678.795272514484;1.003016963155505;0.13273512604286744
b_ws[9];0.28870717631328047;0.9074887174672728;0.013742209646576074;4384.963126633702;2609.7980908654063;1.0028447878839277;0.16018759190118706
b_ws[10];0.4495535413713196;0.9627826349227109;0.015070607246530497;4054.17081031165;2543.7799371703927;1.000019999241106;0.14810337977880958
b_ws[11];-0.24327553547142947;0.9148746108478912;0.014681275246100916;3926.776201218056;3030.32393783314;1.0022117128615557;0.14344951267376002
σ_bp;0.04916755437378463;0.009874776465193504;0.0002834847597352997;1201.3500475982346;2544.978541353085;1.0028485082560876;0.04388665664855276
b_ps[1];0.8305045231383479;0.49112557020246644;0.009662691222113794;2575.1711327292714;2401.446193521274;1.0002964953491502;0.09407387258967326
b_ps[2];1.0129292582298095;0.49357499025765134;0.009485973993871777;2698.51991519899;2419.1810856380844;1.0001209759225063;0.09857994113737764
b_ps[3];-2.270374779012052;0.5551265990900316;0.012378071583999006;2044.4402589428994;2680.2646173841936;1.0019735218091335;0.07468568204752879
b_ps[4];0.7544898856756788;0.4940052160338324;0.009986183742680472;2449.5619515940793;2552.3650429179265;1.004232672994419;0.08948522915855434
b_ps[5];0.2814995080950728;0.477371518222246;0.009088811482753447;2763.6674322236695;2862.30094470411;1.0013388501774683;0.10095985256859108
b_ps[6];-1.6362795017058054;0.5174562285306274;0.010694835317448692;2332.969759309757;2661.8128544213578;1.0013634677811378;0.08522598638338336
b_ps[7];0.1299681106036425;0.4693227803756781;0.008818046585138368;2822.2742821892984;2932.3816674218697;1.0033133688970137;0.10310082613981365
b_ps[8];-0.046305175838746486;0.49423757993275824;0.009579786815573163;2669.5991965877356;2262.4707954458545;1.0015606972259237;0.09752343504220662
b_ps[9];0.41937503572510104;0.47732027739896093;0.009920556129959422;2349.6700368440834;2340.0659718371944;1.0009470778768308;0.08583606614119398
b_ps[10];0.06221300720447263;0.4805952543455275;0.008740099930797463;3025.9608648140843;2562.7732890439147;1.0021973240978443;0.11054172409744252
b_ps[11];-0.2746800059957987;0.48379079032629435;0.00963778830427827;2511.363851230589;2062.232095283453;0.9996539729022885;0.09174292145648054
b_ps[12];1.124514939860168;0.5089416548415078;0.010987220269979812;2154.7172681418165;2672.6240020998853;1.000455494431914;0.07871422414366287
b_ps[13];0.04810819915856856;0.4735467253134333;0.008979543592395724;2783.8034779850004;2714.3214686859524;1.0001319049682456;0.10169544477034259
b_ps[14];0.07573637656826876;0.4955965028434584;0.009677088100674979;2620.913538886513;2301.3138026940665;1.0018307041706382;0.09574489368574339
b_ps[15];-0.9366166898384091;0.5012443330753076;0.00985345712276692;2604.211981029835;2672.221543808615;0.9993676339624806;0.09513476715632979
b_ps[16];0.29136836075186545;0.49591891693680984;0.00934916781213055;2827.036684712702;2396.464991477241;1.002239491516563;0.10327480201369377
b_ps[17];-0.9160267057649433;0.5006391975969418;0.009510981936999249;2781.669128442613;2475.8485657694787;1.000104615771501;0.10161747460192913
b_ps[18];-0.17093444625927912;0.49212033926006493;0.009637865069698798;2611.8180554441847;2407.9612593431857;1.000139136295184;0.09541262553485423
b_ps[19];0.16024762565575826;0.47159053986614247;0.009562280064513248;2432.95056111466;2620.4326052059155;1.0020745784966025;0.08887839654396146
b_ps[20];-0.36337222205268427;0.49963349521582806;0.009541452564130417;2742.3069317005793;2526.6048773423504;1.0014831040173713;0.10017952966922279
b_ps[21];0.7487760190517999;0.4975815848337549;0.009909125037940269;2539.534532188501;2432.7440292878878;1.0006261454350545;0.09277202783994261
b_ps[22];1.1640355812770882;0.5019278283310694;0.009781534348122362;2645.485056107821;2630.27431570218;1.0003323438457077;0.0966425186051259
b_ps[23];-0.5622959234986623;0.4811619655138535;0.01091990520829133;2004.8346887266862;2350.9804982660607;1.0004525856469213;0.07323884641046859
a_e;-0.006636186523697802;0.011836266636084293;0.0003268940668806815;1330.7247695344972;1823.742764593621;1.006742151354932;0.0486128594834134
b_e;0.03487480578550836;0.013273156379731898;0.00040378202438765915;1079.0202874268102;1779.5066946732352;1.0013158827999207;0.03941781412153392
σ;0.9958647916244737;0.0036004436119144276;4.5125057788121e-5;6358.942526853803;2522.6051712766443;1.001444641797102;0.23229926022131658
