parameters;mean;std;mcse;ess_bulk;ess_tail;rhat;ess_per_sec
σ_aw;0.04308883612805047;0.013691549023987375;0.00034906186426108404;1621.453845092861;2222.4150094618126;1.0000628435368677;0.0775294676590049
a_ws[1];0.560064799589323;0.6181317650391974;0.012608270981803536;2404.6995904498394;2662.102254642189;1.0006762271462717;0.11498019489831729
a_ws[2];0.675872575348887;0.5433487777232444;0.012600516997882586;1834.2972460216665;2470.395567166586;1.0004049438160019;0.08770652920083212
a_ws[3];0.4337780572658871;0.6036348597883476;0.01280010837345097;2234.5243310468645;2629.7704192183546;1.00134133856772;0.10684330138748775
a_ws[4];-0.1124886952226932;0.5435248882522644;0.011847224851999825;2100.916391258185;2932.1576939174315;1.0001458601522084;0.10045486641711739
a_ws[5];-1.796940844556376;0.6059660384015806;0.014545165442380678;1710.773600870668;2263.9451271482817;1.0007392763142453;0.08180027261459652
a_ws[6];-0.15916068371789216;0.5005139843851469;0.010829882776134269;2117.36581174548;2493.838326180165;1.0018932940428487;0.10124139192787351
a_ws[7];-0.42435052386472777;0.6218155134737446;0.012437901543239678;2496.5423402335878;2723.2843999557563;1.001732958347334;0.11937163627089944
a_ws[8];0.419448112715133;0.439732087883846;0.011225342405527397;1509.5299420170786;2601.869936407608;1.0005356598045303;0.07217785025093336
a_ws[9];1.076514152386055;0.582624125955562;0.012022718643070791;2350.2887936385805;2939.9902251185244;1.0007528294492736;0.11237855432467667
a_ws[10];-0.5654201758783078;0.7078456782453753;0.012282317790878216;3314.2143193124057;2589.21470079569;1.0018854725804394;0.15846844648817404
a_ws[11];-0.17506211804478267;0.7226329829934209;0.013656696545970983;2817.8336659998545;2617.9148120491104;1.001331510002733;0.13473411206723518
σ_bw;0.02461059205641723;0.01194578493672597;0.00032170502430891565;1343.6935127912436;1061.4769612835128;1.0003257108332122;0.06424841697396402
b_ws[1];-0.005746905192884244;0.7321055479513853;0.01278841786379827;3233.912695175215;2859.100595524597;1.0004553766696083;0.154628841561798
b_ws[2];0.4647121129134775;0.7615969759148259;0.010414095657293954;5380.424591023067;3061.6339691073913;1.0033979338207593;0.2572638472466342
b_ws[3];0.10603904661809868;0.8753576633373261;0.015413107359897293;3223.8742404390687;2624.242470822682;1.0004228174621963;0.15414885500271844
b_ws[4];-0.14791321461308654;0.7582397661837543;0.01309760094958713;3366.3407829654884;2786.4503868392685;1.0000246739890544;0.16096086216204633
b_ws[5];-1.3530852299893827;0.6620685821128737;0.012960145239380922;2633.6734139042846;2595.9170980460867;1.0007561407054626;0.12592852913181712
b_ws[6];0.1921068925576858;0.7800395657715662;0.011845745818421046;4329.394246844001;3267.8376888258467;1.0006777754879839;0.20700905687793458
b_ws[7];-0.4455701166525869;0.8158043940457657;0.01315705188708171;3895.637571952327;3034.6571285281975;0.9998067828270163;0.1862690745468522
b_ws[8];-0.08263237047402248;0.6115936350795297;0.01214150997372604;2566.8505029173816;2121.3164405772714;1.0021600637202537;0.12273340598235556
b_ws[9];0.828197885612543;0.8061749032249558;0.013788777062686483;3441.062747246812;2748.928890857367;1.0003758692893385;0.16453367684974066
b_ws[10];0.34392414072981214;0.8784685229260737;0.014644640478028128;3570.437199836225;3146.888797892032;1.000971805395493;0.1707196885381325
b_ws[11];0.13995308818378233;0.8831999843595396;0.013213329575339024;4487.623059366478;2991.2664844315127;0.9998046825887357;0.2145747335947341
σ_bp;0.04751782636295439;0.009703273600260097;0.00028494827547199757;1167.5241218407132;2335.6758786017035;0.9999649428200927;0.05582491534945523
b_ps[1];0.38061905736520735;0.4897158807944706;0.008359653352777226;3414.0534419116702;3107.9552887695195;0.9998315940459463;0.16324223271100655
b_ps[2];1.0636458104289033;0.5160948566614179;0.009573499032990242;2932.863923984131;2435.738160244498;1.000225184722114;0.14023425916867066
b_ps[3];1.0742514758773996;0.505082901846864;0.009292086232991001;3017.68612488514;2701.2464109113967;0.99991973273614;0.14429001450294834
b_ps[4];-0.509581336493408;0.5051798354539507;0.0092500095376195;2967.870760601059;2313.7540004031753;1.0025979577344082;0.14190810354947125
b_ps[5];-0.4254841283539748;0.500206683800748;0.00896247709218842;3106.0648905351522;2420.0798997372585;1.0015525651374162;0.1485158262175044
b_ps[6];-0.953863074765712;0.5134768178059229;0.009715251438751432;2802.2629714503246;2539.0394818457044;1.0011228678194113;0.1339896026486295
b_ps[7];0.6285688464516058;0.5058307161516106;0.00892961331356198;3179.910875971518;2694.2184352941968;1.0005216362527256;0.1520467561647014
b_ps[8];-1.0020460279673598;0.5009136670678757;0.009317922663679444;2916.0731836516266;2514.2398206741022;1.000352276041262;0.13943141352275892
b_ps[9];-1.3465184024160541;0.517209228501854;0.009733489813583495;2862.428100130371;2472.054596516857;1.0005514569031575;0.13686638536576715
b_ps[10];-0.1863770824924642;0.4956750360999794;0.009509116827625277;2725.3683546641128;2461.3802459072217;1.000480935129265;0.13031290304763854
b_ps[11];-0.19275012594961446;0.5045608339137511;0.008947568183324164;3189.599167088931;2691.290539292708;1.0005371097266407;0.15250999972549203
b_ps[12];-1.7495501539784486;0.5347415816632433;0.010103335806840802;2816.38876448894;2485.774102757012;1.0010047331355216;0.13466502441154893
b_ps[13];0.2661415332211225;0.4972465480830109;0.009176604358989166;2959.161440331634;2684.653155379853;0.9998789280529915;0.14149166926970203
b_ps[14];-0.9380673894033686;0.506997556738716;0.008902936061680753;3264.9713446310975;2631.6190250920586;0.9995294448070128;0.15611390422072574
b_ps[15];0.8040143335391274;0.5007730833266021;0.008830007364669348;3248.1549471849394;2709.4767990640084;1.0007428634720161;0.15530983178543037
b_ps[16];0.28325152095414385;0.5011807659158581;0.008695299404688325;3324.2487019974396;2783.234848414526;1.0008665627600632;0.15894823834300345
b_ps[17];1.5649095685664292;0.5150736407173018;0.0106442204650271;2344.1396536893144;2772.7733892266506;0.9997374961360176;0.11208453451753253
b_ps[18];0.4251421196972592;0.4914584715404784;0.009012464758541127;2964.937272511828;2588.3587936953645;1.0014159903130035;0.14176783944597524
b_ps[19];-0.6195992811131933;0.4943441483757935;0.008301669811615139;3580.80955325041;3219.436623893662;1.0001100171789303;0.1712156403908519
b_ps[20];0.49804323882677715;0.5164365839979363;0.009180198487750313;3174.461724549165;3028.791454456687;1.0006856883738287;0.15178620615876265
b_ps[21];0.763147561359101;0.5014317534594047;0.00924948112370975;2944.7967911875844;2791.2202692301676;0.9999529479265266;0.14080482665335683
b_ps[22];0.523704686854807;0.4885440720895536;0.00860493925700991;3226.9976711988347;3008.625825810937;1.003005872650777;0.15429820117424672
b_ps[23];-0.12597482197580878;0.49251333585917945;0.009138165497217809;2921.6565722063306;2682.1991392113996;0.9997877751778673;0.1396983820483754
a_e;0.006597493609099258;0.015416689377563296;0.00046261511001072524;1127.9004119149804;1855.6723064425291;1.0012731944233448;0.05393031616211854
b_e;0.008896475786719406;0.015101274761367857;0.00040919164370251414;1371.8569357093954;1811.9084542075589;1.00195988937709;0.06559504499727027
σ;0.999455991930141;0.003560325419513551;3.8859319904447044e-5;8326.47851303876;2824.8618081214267;1.002222411782016;0.39812878334077223
