parameters;mean;std;mcse;ess_bulk;ess_tail;rhat;ess_per_sec
σ_aw;0.06094922263694456;0.018033058809896717;0.00044523513834559636;1757.040777516931;1787.1257782554799;1.0002854895534454;0.06591238356219059
a_ws[1];-0.302434286577446;0.5290251574638426;0.010199372619007599;2679.0466412823857;2816.412178546912;1.0004788799658446;0.10049985866050935
a_ws[2];-0.512416652878368;0.472486885566266;0.009667338321616228;2368.73803655161;2325.047980180759;1.001187613981888;0.08885916139304596
a_ws[3];-0.17198257228495226;0.5611510386564276;0.010259432184737316;2974.9982635323217;2789.3658767895135;1.002357091203614;0.1116019782534067
a_ws[4];1.0596612797318676;0.5372712975424694;0.010914900316255369;2402.476015669317;2748.690743165179;1.0017413956909293;0.0901247840517085
a_ws[5];-1.9415640657511213;0.5914639707332492;0.013334239689033798;1947.0750296167535;2200.1821320238532;1.000165237702473;0.0730411939316681
a_ws[6];0.34381236096179624;0.4608659326481538;0.009611713260515086;2288.0747264942925;2548.5177205407645;1.0011397416407848;0.08583321509747538
a_ws[7];-0.4567107904176937;0.5619658714099763;0.010713349774252461;2737.233237940918;2841.8978272676554;1.0008861980078938;0.10268262944546269
a_ws[8];0.8389798225138905;0.4423177451390233;0.01025591108448267;1811.9754834194803;1924.888061481571;1.0014414014445827;0.06797316521999708
a_ws[9];0.461807045179925;0.4835994324709656;0.009932542317647437;2359.905883405597;2916.8587560466217;1.0008729019049707;0.08852783825399922
a_ws[10];0.3689284239488486;0.6419392530896806;0.011563954923554604;3079.918933247686;2863.978395082465;1.0022046689857602;0.11553789796248377
a_ws[11];0.19243034867653966;0.6574175967500747;0.01114953239391846;3479.8206591908793;2852.337536746894;1.0002788067773873;0.13053952813796546
σ_bw;0.04584113451107423;0.01372746776191754;0.00029872754111137233;2162.7390359709493;2504.9184492691284;1.0005923246133048;0.08113146075374217
b_ws[1];-0.22889245429193272;0.5452834055884032;0.009440625497250017;3306.8921481019784;3142.422133304262;0.9997446673374302;0.12405241042414772
b_ws[2];-0.8523980360603798;0.5919979080300238;0.01033223219351317;3304.017748437035;2964.4211513165087;1.0027437813909676;0.12394458223048763
b_ws[3];0.1492590796994848;0.7481985119910249;0.01161405901013484;4132.2959141151405;2761.4723311810567;1.000862789764893;0.15501602283160756
b_ws[4];-0.4213679915809437;0.5933643516232485;0.010227569840392055;3392.597679824326;2873.591233842203;0.9996494275125114;0.12726750705284873
b_ws[5];2.058391789006478;0.6208062684847322;0.011983524947703056;2646.390326701382;2518.144024117479;1.000737744152887;0.09927481279934695
b_ws[6];-0.1470921141070774;0.614439046371364;0.01013744296335816;3703.1551764673527;2769.670917432375;1.0011303810041843;0.13891754107526721
b_ws[7];-0.4334716131040862;0.6423519056010883;0.010508194275051126;3728.539206883289;3158.9406416818456;1.0008759210934886;0.1398697796177864
b_ws[8];0.2321852784625802;0.42455417502775356;0.00805110874171597;2783.490093195715;2815.898385929958;1.0003045203272807;0.10441787635888017
b_ws[9];0.18918353081932282;0.6061981032813307;0.009946893172635177;3721.08638619656;2818.2107794188996;0.9998267211864978;0.139590199779908
b_ws[10];-0.15670792948709028;0.7794227555337774;0.011780418310799295;4385.558170405806;2757.248821946694;1.000715154016914;0.16451672377837048
b_ws[11];-0.35318847952572463;0.7375790422419409;0.011673527138458244;4001.105113831412;2872.2485327547174;0.9999097943288622;0.15009462404634316
σ_bp;0.052717677875326587;0.010327713911987425;0.0003209187740996521;1069.547946200293;1866.4797749892073;1.003468991484642;0.04012226430381043
b_ps[1];-0.3732044550747391;0.4824960102710767;0.007524696838980068;4175.02385827475;2697.2986215560563;1.0033867441739808;0.15661888867303217
b_ps[2];-0.625636425526449;0.4572028410736628;0.007675554682007157;3508.5283772706975;2808.8355740223287;1.0013597788450592;0.1316164491459948
b_ps[3];-0.9384146741467003;0.4664247681070444;0.007975075015710412;3438.0005086904794;3011.966576406136;1.0039115876602012;0.12897071662506115
b_ps[4];0.768452795091744;0.4749827761509765;0.008008477711363598;3537.9418082300726;2523.367451465278;1.0005519725624858;0.13271984376727056
b_ps[5];0.2242234571484084;0.4604107952949989;0.007456838064911337;3784.5015127366237;2806.9114098306186;1.0000452514149347;0.14196910993250023
b_ps[6];-1.4784642285343;0.5012094743958899;0.00878764712126471;3274.0362413103585;2734.6000333774564;1.0006693682119217;0.12281987720212809
b_ps[7];-0.17870551927376835;0.45747635843129403;0.007256214059015224;4017.6877196354585;2909.684413993839;1.0016626882533022;0.15071669217828576
b_ps[8];-0.18947473200787623;0.4631809272322469;0.007408228140519501;3891.2402215010065;2641.8221853610203;1.0023221471942543;0.14597323027110354
b_ps[9];0.5530393750507904;0.4604061037203867;0.007564350001439014;3705.7389978787546;3099.5629787777493;1.0004453933609647;0.13901446872208326
b_ps[10];0.8311698142508762;0.4691019723987445;0.007780090949694656;3639.2275792159476;2935.760406455426;0.9997755030809501;0.13651940645929173
b_ps[11];2.043407559915653;0.519452108330635;0.010818212450701793;2320.0758242876573;2823.6119823302397;0.9998827926568221;0.08703368162002716
b_ps[12];0.7518164264651656;0.4708151761593322;0.007943242970064731;3532.0546893902683;2561.0208455083607;1.001448556145407;0.13249899855979977
b_ps[13];-0.3415599161971463;0.4734433414473511;0.007648377983114885;3784.535432451203;2707.461959034479;1.0005955218536464;0.1419703823726543
b_ps[14];0.27558856094374756;0.47065111881362626;0.0072762429274325574;4171.816002148586;2946.3093081982165;1.0003315401113708;0.15649855142980734
b_ps[15];-1.1221096130372499;0.48773102094157456;0.00908521304766294;2921.091177111589;2789.9933386284292;1.0013147720027373;0.10957974598518078
b_ps[16];-0.889693379084308;0.4788428637574869;0.00839947700538713;3358.5694261158415;2951.8400068557225;1.0023831547904654;0.125990995238732
b_ps[17];-0.017989130691577662;0.4593814272980741;0.0070578108342153655;4238.8249750874775;2714.0551730096313;1.000823278686303;0.1590122785913923
b_ps[18];0.5812034442994297;0.4591222318626622;0.007573407065350676;3655.9302527198124;3032.327915782183;0.999949208171089;0.137145978725905
b_ps[19];0.5736545876103388;0.47501375293034476;0.008004392665419807;3552.5600693472634;2742.643675950034;1.0001605690836213;0.13326822286358853
b_ps[20];0.8600219745255542;0.489514959975299;0.008418459469002096;3391.505618759755;2716.9678089445574;1.0010076353918977;0.12722654024736396
b_ps[21];0.904085053465236;0.4820340662436559;0.008232216884080362;3392.1913997268975;3114.509768229645;1.0001678958948605;0.12725226614896187
b_ps[22];-0.8748974306754612;0.47238418932186;0.008134738547798252;3382.3252984325777;3066.794999838995;1.001987633041481;0.1268821562112212
b_ps[23];-1.13231980282645;0.4761374714404437;0.008334073299578382;3275.0805274756376;2835.8173926746035;1.0002954767935937;0.12285905181387036
a_e;-0.008346132804680214;0.021156510817704068;0.000552993219298223;1485.2265930746146;1503.4247739453142;1.0039320944294756;0.0557157387194198
b_e;-0.0040495375225976255;0.020058979123225212;0.0004986567315914362;1626.6018185917092;1846.587784376832;1.001161993339183;0.06101918882126819
σ;0.9987519458569095;0.0035642227261073636;4.7065629611432086e-5;5727.41600212273;2471.1255885995593;1.0015377008861286;0.21485422830404619
