parameters;mean;std;mcse;ess_bulk;ess_tail;rhat;ess_per_sec
σ_aw;0.055513229735189594;0.016891192767930708;0.00045010529832541365;1522.5701281580218;1790.2747511148252;1.000877794250121;0.0603552286926927
a_ws[1];-1.1859266202147327;0.5748089971863019;0.013388290410637833;1845.9732722210279;2621.137251794215;1.001483368441901;0.07317504589446087
a_ws[2];-0.1346948669641976;0.4774264426158722;0.011370695778304176;1760.2126447144947;2438.8923547939444;1.0004261353840143;0.06977546370756509
a_ws[3];0.5072875986978957;0.5996421102337814;0.012304027292980758;2360.28513655439;2810.969901237949;1.0024809935945689;0.09356255358105825
a_ws[4];-1.0004780862238507;0.5471013560759397;0.012309293356147563;1982.8307790769913;2746.1261943181753;1.0036269556302009;0.07860012679670891
a_ws[5];1.782610251813672;0.5833956187781452;0.014870714619585276;1516.9307774353192;2016.2345746496298;1.0007655988598074;0.060131682797333004
a_ws[6];-0.43517706287937175;0.4812728806185226;0.013517209526867609;1256.6149761215775;2296.9725010604557;1.0015026161020308;0.04981267060206562
a_ws[7];0.5734043628786722;0.5640042737281913;0.011366615002247313;2466.678813171;2464.2933109440737;1.0020129242118816;0.09778003727188857
a_ws[8];-0.20201704746512014;0.3836024365668969;0.010903362099704656;1236.7678650148728;1773.4428687961968;1.002967501903836;0.0490259239638772
a_ws[9];0.038809349801308755;0.48314877256403166;0.01109845422317015;1880.989902992136;2436.9304581395754;1.0000315194726639;0.07456311776002059
a_ws[10];-0.36367654122299675;0.665827095084548;0.012574336211407992;2832.971935074299;2575.6123610481627;1.0004055187234033;0.11230002865499777
a_ws[11];0.17782201787107044;0.6556089311496112;0.013929161326044482;2213.337857326498;2113.4930043827726;1.000879178997349;0.08773751046511455
σ_bw;0.03807260752355304;0.014713218134187253;0.00036665144065019944;1580.3171345391083;2351.479781689226;1.0011565867142522;0.0626443408406273
b_ws[1];-0.30148339285482295;0.6164285532765788;0.011096531980638648;3075.885956902233;2913.2063022353755;1.0027417449367753;0.12192922803895224
b_ws[2];-0.027122746264588948;0.6398003280440033;0.011229770626041304;3246.150871536242;2792.677253806616;1.0001805287216574;0.12867859062726836
b_ws[3];-0.7646666787214861;0.8107556855188314;0.013119691901314002;3845.607189862499;2849.628024377753;1.0008136504910135;0.1524412551605803
b_ws[4];0.9634444792421478;0.6547829494841403;0.011980134124774364;2993.337149491888;2245.4528662812268;1.0018663617687276;0.11865696355837435
b_ws[5];-0.8891019987896939;0.5234332880040042;0.012244191365157253;1850.4967954653125;2339.781794532997;1.001497865927781;0.07335435998637452
b_ws[6];-0.9007338779115622;0.6526251746281035;0.011802004842958505;3069.161070133885;2670.609833448851;1.000329723046336;0.1216626511034602
b_ws[7];0.3360848311414776;0.6831284539236098;0.012170771835888205;3138.159735001935;3017.6360124105317;1.0006989219724132;0.12439778304949389
b_ws[8];0.6169291195584711;0.4971735700294403;0.010761995770197605;2178.550311394607;2393.069167317516;1.0020639001771174;0.08635851960515534
b_ws[9];1.0848049314185721;0.6889511603156586;0.011225523713046597;3828.3589982603653;2207.6049577647036;1.0005614747434808;0.1517575306283372
b_ws[10];-0.05267727217034726;0.83457806917584;0.013868229000116087;3636.439581219518;2731.6361105487167;1.0006753250738418;0.14414977575921867
b_ws[11];-0.12286902985152111;0.750937968587556;0.013048242413029537;3310.7377013532523;3074.370970297959;1.0008056883661198;0.1312388358416268
σ_bp;0.05656827880669151;0.0107772526323172;0.000344345916263997;951.4461075407323;2028.258032000867;1.0015755757666918;0.03771566665298014
b_ps[1];-1.2570576188966451;0.4553524636813357;0.00958671291928858;2265.6525914873578;2615.287646128098;1.0010287635255812;0.08981128538416931
b_ps[2];-0.5516716355563611;0.449205081785092;0.009697788919191371;2157.1085261609933;2515.653594847881;1.0017998338604406;0.08550855950977375
b_ps[3];0.17837288834316414;0.4400648220590535;0.007747806295835982;3234.1281619434512;2578.8247556644837;1.000804133355963;0.12820200608540783
b_ps[4];0.08638054522076663;0.43276525091172763;0.008309745433869796;2706.127986059367;2895.4532156724126;0.999918862670347;0.10727188879496899
b_ps[5];-0.5786968118403927;0.4566492415174234;0.00884244329925275;2693.5359167860297;2447.9915587065902;1.001067502611885;0.10677273463014512
b_ps[6];-1.244171356473326;0.46920360039101683;0.009994371382677338;2268.555808075908;2258.016792375404;1.000416681308427;0.08992636993620788
b_ps[7];-0.480390675310327;0.45573310145640544;0.008909908060561376;2620.2540162101;2819.9803940020347;1.0012465557134302;0.10386781367675284
b_ps[8];1.0343542362451894;0.4526100226327722;0.009119284003838822;2476.6174943786455;2978.0379608952076;1.000325789256068;0.09817401017737101
b_ps[9];-0.34047288523620206;0.4267912537312921;0.008318518941716544;2632.2141749829175;2589.8181976278;1.000190630036815;0.1043419186815631
b_ps[10];0.76597864851125;0.43211710045097257;0.008322256082278644;2737.7415369059095;2599.0980404253987;1.0000101940507218;0.10852506134567408
b_ps[11];1.2716940012034788;0.46128102999927867;0.009263470397679678;2485.6961457297093;2752.8459208644545;1.000722453297879;0.09853389118933963
b_ps[12];1.3607302915981885;0.47421064441636407;0.009253157113256947;2648.1867668399827;2620.5380234974705;0.9999150122486666;0.10497507798012
b_ps[13];0.7586052165590416;0.45182310540107795;0.008336190928952575;2952.2145520676772;2563.735529679585;1.0001953363308322;0.11702684897378153
b_ps[14];1.4340414788562565;0.47535339594613374;0.00981923412251752;2371.0165124835503;2772.7274112136392;1.0008758646511593;0.09398794919102946
b_ps[15];0.3635068637910549;0.44570248192977663;0.008622795850618618;2713.1595165373587;2095.8245922437404;1.0011749746932548;0.10755062119764149
b_ps[16];-1.1965410554050022;0.4689786009406214;0.009823695546417521;2326.902735315749;2576.979911811261;1.0027571312890209;0.09223926316322581
b_ps[17];-0.9220859744923366;0.44499158179792286;0.009084384141108874;2412.517905985897;2513.6999258828705;1.0013480852134353;0.09563307938869717
b_ps[18];-0.2724018463910795;0.43413751612326096;0.00841442853819579;2656.9683322280584;2652.466239415878;1.001350012541376;0.10532318239743071
b_ps[19];1.089381486182086;0.4738559441501299;0.009788386125624188;2370.097746277791;2232.5085924903965;1.001062029697229;0.0939515289674626
b_ps[20];0.05804623431723622;0.44027298650203844;0.008064584360384782;2977.914322130442;2602.171119596269;1.0012050165721227;0.11804559712258719
b_ps[21];-0.8186037862744071;0.46933308680744645;0.009329460941335018;2519.829539075519;2465.607061132743;1.0012423707014313;0.09988695120499635
b_ps[22];-0.7401268260707116;0.4516952650989577;0.008770434730630038;2645.6910215998514;2456.204625546127;1.0001696490417817;0.10487614573920637
b_ps[23];-0.17047022917973015;0.44515189330520594;0.009080917142434029;2395.1519136084894;2049.1038812599013;1.001911363269177;0.09494468519126076
a_e;-0.0047510191331609705;0.018581288898337753;0.0005921364971134994;971.3495462332501;1679.2096370932848;1.0025802737559903;0.03850464613697355
b_e;-0.02979562253608595;0.018593748843018263;0.0005036182759211318;1367.8163802773872;1853.6236308570503;1.0048028103125677;0.05422073434550186
σ;0.9924469172820323;0.003544661068346495;4.1356736643529184e-5;7411.052516695294;2334.8081856165736;1.0023548976739451;0.2937767930859321
