parameters;mean;std;mcse;ess_bulk;ess_tail;rhat;ess_per_sec
σ_aw;0.043115320235972476;0.013090599171764033;0.00033292761164992267;1541.9799945134855;1972.149793743294;1.0051669751430357;0.006227725976507927
a_ws[1];0.5720584176547916;0.5792694981239849;0.01208292829941478;2325.805837094365;2333.3439015357676;1.0051770842811096;0.009393430186852963
a_ws[2];0.6994660998302434;0.5309469886314859;0.01430443110116037;1429.661864519689;2219.3522454803638;1.0038934748797852;0.005774097175690795
a_ws[3];0.44197765286729257;0.6113573904728044;0.015345498554699813;1565.834067044244;1620.381596164703;1.002595363666391;0.00632406745154255
a_ws[4];-0.0838209188739334;0.5765481038748392;0.020097862623515584;828.6599772431729;989.7468509488509;1.0073436942464042;0.0033467796497567612
a_ws[5];-1.7776788125894674;0.6062217392906074;0.021693770745177813;747.4888054471242;1253.220896649919;1.0050591776067912;0.003018946722652324
a_ws[6];-0.16632264424922333;0.4932356016163383;0.014389011715532045;1143.4425825188716;1915.941252381272;1.0072687042703907;0.004618118976339163
a_ws[7];-0.3948659419506412;0.6641054169338445;0.03201930856495724;454.28198052593865;125.95375181807688;1.007380815603004;0.0018347473383878029
a_ws[8];0.4253947823419467;0.4352167266925889;0.015235575358515758;848.5362660560218;754.9404108550405;1.006227311747658;0.0034270557107930837
a_ws[9];1.1074682001612894;0.5779221871886816;0.015332793636420494;1456.532073467702;960.8901136652607;1.0038883185896175;0.0058826201778407255
a_ws[10];-0.5742209527621487;0.6813780814256248;0.014635411120745359;2162.2706231164966;2160.3784676667938;1.0049284500671118;0.008732946585387636
a_ws[11];-0.15452162227586055;0.6894318694451271;0.01765047102252925;1494.1135871440295;1259.062047106602;1.0036637577319694;0.006034403838972073
σ_bw;0.024422338261931464;0.011198570824134366;0.0003553002584513755;842.8242562805787;1253.2489945686555;1.0024077768646675;0.0034039861302646943
b_ws[1];0.03193981524603668;0.7265091144858413;0.01944279054117829;1407.1269001540657;1901.8153099803392;1.00533994533305;0.005683083295187272
b_ws[2];0.4239554061898231;0.7968298696125478;0.04528951983014129;344.76996559524156;110.06057921962778;1.0119431976361413;0.0013924518335496812
b_ws[3];0.0933551440308539;0.8556790426866961;0.016520824652763895;2660.8219183119286;1935.0060070978154;1.004694418582703;0.010746488176561054
b_ws[4];-0.14650878804437992;0.7970761875161062;0.03193191403476174;617.5203290907334;2015.3064357491228;1.0057540927612834;0.002494031964217193
b_ws[5];-1.402095793632643;0.6205229390870863;0.014241764472118548;1873.9415774307868;1870.324165726467;1.0071907360505021;0.007568447503695476
b_ws[6];0.22553193713785757;0.7612210363581653;0.015364330253030427;2442.795557256795;2236.265358121588;1.0024882726294764;0.009865926536891431
b_ws[7];-0.46258862509321624;0.8142201566192192;0.03126920394485012;686.4414451517398;778.9142067588075;1.0066954498519105;0.0027723895475517757
b_ws[8];-0.11296650789750919;0.6194965013063871;0.025740399773334303;606.7238761552675;1310.0842147580001;1.0082464327632412;0.0024504274099171478
b_ws[9];0.897628748005239;0.7928857901875349;0.021609529439185416;1336.6130235097723;2625.8926091312933;1.0027416692666953;0.0053982928939859285
b_ws[10];0.35286927817274283;0.9281149249154919;0.0450881704980022;435.0000304501922;448.09769426681885;1.0089626725613783;0.0017568716838451232
b_ws[11];0.1494805897389408;0.8928908895355275;0.032520379875978944;768.2155667259116;2361.7611799143433;1.005068534528758;0.0031026576592948643
τ_p;1.1553571555742632;1.2566861535245826;0.20144246416090072;29.739150502749013;88.1504029267756;1.1260871841757472;0.00012011004083336638
λ_p[1];0.5970030661478108;1.072209247622314;0.019884711061095118;351.5282144053048;114.52364891776952;1.0137791637972924;0.001419746948804023
λ_p[2];1.6336718838583935;2.1109767008047116;0.044994463611936035;1601.597886394073;1805.4881237586205;1.0053282176783473;0.006468509835734662
λ_p[3];0.8498604237459949;1.5403080788193726;0.03057908031145746;1342.307006725805;1352.8687277846661;1.0044476949681147;0.005421289669113012
λ_p[4];0.9304370559882889;1.545414701042855;0.056262059888648776;690.6312196442759;120.47317695106389;1.005254638535511;0.00278931114675262
λ_p[5];0.8437823954756342;1.6539328098529456;0.04212805866926389;1294.0117117398663;579.8954740060644;1.0052994139702356;0.0052262353466203644
λ_p[6];1.0262539324778517;1.4228696858015952;0.027609195522691917;2263.0899185324997;1921.0939088281784;1.004071780815655;0.009140134063324774
λ_p[7];0.6702014992664931;1.3114319078071175;0.02397559274620503;1416.2449390549211;1387.3646578632292;1.0034674226087381;0.005719909095729246
λ_p[8];4.559349587387871;9.96243932315276;0.29322427049851585;802.919480795533;1398.8098939948504;1.0088476212807855;0.003242819313730641
λ_p[9];2.2428692092102347;25.903666422184333;0.578403625400441;834.4293086844036;1704.414606380031;1.01103433520593;0.003370080740180423
λ_p[10];1.1011523784614519;1.5262707000996945;0.03144319836773958;817.9749495321922;1400.4444251070045;1.0060732494018458;0.003303625118003983
λ_p[11];3.6511513091209418;7.239066876741597;0.19741249532487137;809.7991959177508;179.29966416607772;1.007127021682049;0.003270605005328494
λ_p[12];4.9525953086415395;6.679989048378102;0.14363810425887152;1190.7910663145287;2407.814406802257;1.0033326048236935;0.00480934933181178
λ_p[13];0.653799221495744;1.4929176102490855;0.025663435944703546;988.4077627184747;1751.894334573888;1.0071383726461747;0.0039919666410497615
λ_p[14];3.4290557211289325;4.899063293284009;0.10700617227300477;1774.974789934686;1926.486699889237;1.0029384048131667;0.00716874190732328
λ_p[15];0.6750239872580321;1.3419120746848947;0.025233561085143172;1861.540015778852;1594.2241599942404;1.0071193902792532;0.007518360260071159
λ_p[16];1.262551250028121;2.081999477739695;0.05730648672812156;498.3941412216428;1800.7749656511646;1.0098217404494259;0.002012906880030369
λ_p[17];2.9222114278523033;4.640445859061374;0.10392157397779042;1981.621929295483;2160.3806459982475;1.003816749813073;0.008003345314856032
λ_p[18];0.6985635548326651;1.1302237093196266;0.025255213029840507;830.6944941901385;1125.829638161825;1.0035588857177082;0.003354996626685999
λ_p[19];8.594618193810886;15.326181289822307;1.1319368139718164;469.63796437233424;314.4840791398319;1.012738195623107;0.001896766858637939
λ_p[20];2.252392404806851;2.7042564958156317;0.16587806782628292;325.0466216980954;113.4336211937548;1.0149078724006695;0.0013127934841749144
λ_p[21];0.7074634759331779;1.4350750614194516;0.02955910657976594;1501.7292290017122;1833.7916003143212;1.0009646604793772;0.006065161780575483
λ_p[22];2.029136755776499;3.015984806953751;0.07414936564868224;964.1313376120423;1843.5082663673845;1.0053049256300586;0.003893919374684429
λ_p[23];1.9387773613030976;2.508632900173794;0.1243475392129133;442.97427353895495;168.30256089863036;1.0129834908733182;0.0017890779387923837
β_p[1];-0.05393498032411875;0.30178758210304124;0.00999419537336813;984.3229220733652;307.72179225580925;1.0381574021314486;0.003975468847118609
β_p[2];-1.0495232302404902;1.1608669055115874;0.18987025794227158;27.172902861527152;87.47045239964068;1.1430685050787706;0.00010974551784717027
β_p[3];-0.29066351926849954;0.4769116756310932;0.05096462459047118;141.9378156261373;159.9785069478578;1.0476885260565458;0.0005732563487002863
β_p[4];-0.2920339389795138;0.4620327370273807;0.05161026178958686;117.35158780084141;180.77546920368925;1.0317404808225572;0.0004739578556998972
β_p[5];-0.255347348758942;0.45331281581968147;0.04145121498207683;154.09827843704554;212.09565821703396;1.0322245003022346;0.0006223698458943573
β_p[6];-0.457343382075951;0.6129598155775574;0.08229306133057956;56.61125965421179;146.84633677284083;1.0596070949840541;0.00022864071749686155
β_p[7];0.12026345250489429;0.3789349320463377;0.017213433700465564;692.1675373890602;201.4778000604494;1.0451780382167475;0.0027955160041187375
β_p[8];3.467349027306742;3.7189151969036485;0.6434894982242868;23.72236049293991;66.87315134671206;1.166154764300503;9.580951840596349e-5
β_p[9];1.0797249328994918;1.2003817263221959;0.1959472072822189;27.515470921366123;104.6021749913568;1.136914876672863;0.00011112907665634548
β_p[10];0.47635643949466594;0.6376652327088115;0.08674919064005845;43.383056501109756;132.96552297015492;1.0854311648897386;0.00017521484641408523
β_p[11];2.747469518382599;2.9656243468620254;0.5127447266882306;23.991372454923898;75.5501814269976;1.1633408057187078;9.689599993594446e-5
β_p[12];4.225339553067188;4.523472581830227;0.7824947360408849;23.87869018014215;67.16719492757807;1.1639469175867951;9.644090043254804e-5
β_p[13];0.05310765836715151;0.33965440100165745;0.01048999664998032;948.5447553071486;242.41341990909444;1.0496236840681683;0.0038309685167935703
β_p[14];2.797410974643598;3.0057041474246184;0.5211003300003859;23.808331307133262;74.52635142920172;1.1649794270489946;9.615673605773491e-5
β_p[15];-0.12036861220495851;0.3549605465225794;0.015854353567742938;706.598554926287;267.0134663467714;1.0353261158856009;0.0028537997841313213
β_p[16];0.5890377108003731;0.7500822456179889;0.10871441439129377;39.14271830177102;117.24364791207041;1.0921784340384562;0.00015808903126268136
β_p[17];-2.2379595573780975;2.3969403083503513;0.4126210624647531;24.320358083306115;72.22442212039664;1.1617858869817;9.822470222200761e-5
β_p[18];0.1651910994954381;0.4224418409816589;0.021550400062258862;329.1834032159998;172.98673254280638;1.0508378767430315;0.0013295010561342508
β_p[19];6.487895750500137;6.924405859424616;1.2016713811650013;23.636568191254568;58.9264116333382;1.166386796892084;9.546302172786697e-5
β_p[20];1.5093951914005324;1.6489782210547466;0.27969199951788;24.598949640275638;87.93814983595945;1.157620334033999;9.93498736784131e-5
β_p[21];-0.09177919011427395;0.33116984693883145;0.01362092680606407;723.0304780286805;328.2676316115762;1.0395668135200367;0.0029201647919218695
β_p[22];-1.3338740529145043;1.4513273739344488;0.24218738952167027;25.851413841986414;76.99268710052733;1.1493579787397874;0.00010440830755653969
β_p[23];1.185569613045538;1.3346804194542914;0.22245317631734793;25.529366861002938;88.71362291942154;1.1500038113453444;0.00010310762897688047
σ_ap;0.24946055340028578;0.19837425526397387;0.041051325256593774;23.625964986659167;57.93882334172867;1.1671397093331917;9.54201976621022e-5
σ_bp;0.04324375282475753;0.0091427652558819;0.0003358293950948282;709.667689870294;1419.4350694401273;1.0073628303290125;0.00286619536091196
b_ps[1];0.3433728439109162;0.5027986530961356;0.01285987050888931;1574.8042926347948;2160.8141253952062;1.0029491949593652;0.006360296265874889
b_ps[2];1.0131906168011144;0.5009735143026897;0.011215646216614803;1980.3476295896592;2222.900567234472;1.004218126320156;0.007998198692067117
b_ps[3];1.0617060486958938;0.5116765556477324;0.00977846290861192;2743.3397331361475;2304.966315098149;1.0016677437272958;0.01107975990559383
b_ps[4];-0.6606741366196797;0.5455899055251849;0.02527287531383833;483.1536114450476;458.67636647152847;1.0064254424010932;0.0019513536539683205
b_ps[5];-0.5120925485450971;0.5195647398426466;0.018096554803108542;803.6571390146852;2175.6187302721955;1.0058282769995581;0.003245798556826884
b_ps[6];-1.054944322915106;0.5261624603472241;0.01001069653556898;2700.6966719944544;2695.575910528869;1.0037918362213787;0.010907533741483491
b_ps[7];0.6306065970379681;0.5406647414097018;0.019119927358084342;830.9362621422736;779.2112569382758;1.00613060784035;0.0033559730755122847
b_ps[8];-0.9610816519784267;0.5218723149315899;0.014278058798490428;1328.388572141351;1426.0739215502108;1.00305336787244;0.00536507610154252
b_ps[9];-1.4437537848971058;0.5603031272129317;0.020196812852920062;795.242388581929;1527.200780035589;1.0050299638210944;0.0032118131873393628
b_ps[10];-0.2541601626422727;0.513807214903391;0.011119236285340452;2111.561443977694;2246.126272138496;1.0021459423320018;0.008528143103310196
b_ps[11];-0.14846773797299456;0.49953043686058785;0.01548456500642154;1050.8540876384745;2536.779658904847;1.002401898914818;0.004244173933767875
b_ps[12];-1.7360387987981398;0.5544164501192752;0.01754600508279934;1036.4783171836013;2148.8775515294883;1.0050579383680531;0.0041861132848537
b_ps[13];0.268248916850972;0.5328241091665938;0.026553608628855987;432.06184124884095;129.76436285645943;1.0088057849717262;0.0017450049687915837
b_ps[14];-0.9173365537949282;0.529048297491708;0.015671086433379375;1065.5652407848977;2017.1040389837574;1.0069270424156274;0.004303589121332141
b_ps[15];0.8276472823826682;0.5245109194906834;0.018432857633494833;858.391337708526;144.21916867790637;1.0058602597936415;0.003466858228302406
b_ps[16];0.2775872886011827;0.5091846366406416;0.01272300455684001;1611.0871085733138;1425.5352480067068;1.0033880811891591;0.006506834765806896
b_ps[17];1.5230207585938156;0.5225645757772711;0.010301268697293295;2574.4329654566527;1960.2741471102183;1.0058082725168291;0.010397581752551404
b_ps[18];0.38785314336899684;0.5400284241788594;0.025229658225621496;529.6800822281036;106.44468555243022;1.0088979412112689;0.0021392640754535853
b_ps[19];-0.3902411477261038;0.5488586390137069;0.029968555510740826;382.8367557160404;122.45236315723157;1.0095092290642793;0.0015461954220016005
b_ps[20];0.5837728402686923;0.5522846263418245;0.023606860508179082;575.6405338135404;269.9587304451396;1.0063242089211943;0.0023248884669820682
b_ps[21];0.7600429874184496;0.511147788165665;0.00999841570601276;2594.8163758825435;2350.551329778714;1.0010502338588283;0.010479905968851755
b_ps[22];0.4123722697254691;0.5314427821969612;0.021332488773702522;616.0850046475921;216.17960852770938;1.0062078027617758;0.002488234997102786
b_ps[23];-0.14110780082325425;0.5188464668430195;0.017687118903723282;841.7151013621578;1988.8671216991859;1.0052376768296936;0.0033995064917985676
a_e;-0.08922121477533397;0.02669269097146555;0.0015909634470480819;281.48413109595487;936.2422314920287;1.0211774001535063;0.0011368539419696797
b_e;0.010163945058102473;0.015234836021136518;0.0007894306069780968;433.80410010371156;194.26955663822017;1.0095101665978943;0.0017520415780646515
σ;0.9735830379114236;0.0036767272334294735;0.00013351380675022295;833.0461450145465;561.3418683638604;1.0033524091168107;0.003364494439225041
