parameters;mean;std;mcse;ess_bulk;ess_tail;rhat;ess_per_sec
σ_aw;0.028959175481255137;0.010134298767332931;0.00032038612351076203;1034.326661993607;1296.2770368843203;1.0011676785324684;0.005961206908588145
a_ws[1];0.20353677436789785;0.695158988128329;0.01702953518294378;1675.0184641789988;2255.601613051195;1.0023243072487256;0.009653750606632112
a_ws[2];-0.9293379551694183;0.6661192281793228;0.022184374729821373;915.3527286677664;1100.130339846631;1.0077250309254546;0.005275516150199583
a_ws[3];0.10292088133037891;0.7119726635785262;0.016580272836981824;1782.8931625306807;2014.0737428985717;1.0023990285015623;0.010275472370853524
a_ws[4];0.7260354046999954;0.6445404601002633;0.016825545323433853;1460.3700369071855;1805.825795173467;1.0057738135640322;0.008416652372014409
a_ws[5];1.5807969593768754;0.6167161714597473;0.01945125362190837;1016.4893111853411;2297.0245534492688;1.0033167006676693;0.00585840366201593
a_ws[6];-1.0832307374353873;0.6159640833346466;0.016743999075862746;1408.0525073768472;1304.7749010977475;1.0056277123825337;0.008115127109313171
a_ws[7];0.023795046147774557;0.7075384469615678;0.018985899619513715;1400.9168481046586;1545.9035940121048;1.0018963707292234;0.008074001667116104
a_ws[8];-0.03156261020589607;0.510331825380841;0.014044673531924508;1316.2029972674823;2010.6038126502237;1.0033570476546063;0.0075857644289013156
a_ws[9];-0.3392547316008547;0.69007349711166;0.03332869363927801;556.5241109550185;211.89393626737296;1.0044334058153337;0.0032074541795398836
a_ws[10];-0.01645401758571729;0.7955788452247455;0.02398337340854458;1115.4355057984574;497.0239113071361;1.0049328578624828;0.006428667158626695
a_ws[11];-0.1348320042021605;0.7986800532393291;0.019562060680699773;1656.9147960010166;1518.0391813514007;1.0043313051591798;0.009549412474609715
σ_bw;0.01346391022581941;0.009964411822070253;0.00030515457886320745;796.752084252166;722.8207263795141;1.0031592122374593;0.004591976793792996
b_ws[1];-0.009726993394168514;0.8743109489382079;0.021864633843592874;1644.2594550056842;1015.8238173795336;1.0066999140100368;0.009476475066202871
b_ws[2];-0.1126421183637827;0.8661771498902318;0.025001122040480595;1211.8674772813363;1838.5361278964729;1.0050074661698736;0.006984440257914806
b_ws[3];-0.2930269726138672;0.924306649471689;0.020464988040945282;2012.9297294898508;1777.1352622786972;1.0055982785710273;0.011601258142963283
b_ws[4];-0.14115768113145719;0.8481290686682359;0.024323473667619007;1206.897167077471;2178.7272014546515;1.0027128037773259;0.006955794522854666
b_ws[5];0.7842988284301662;0.7913590666935094;0.024044331338408387;1089.220316082612;1179.1907487374378;1.0039708207703777;0.006277579329426937
b_ws[6];-0.2155314292578165;0.8658232597196178;0.018034266159282906;2300.884352837249;2512.4913750719224;1.0011723653009796;0.013260847084381305
b_ws[7];-0.2668079508715864;0.9007022032757376;0.025135335869936687;1280.3898261115628;1837.0467212406222;1.000822019172666;0.007379359884613897
b_ws[8];-0.1684684065151027;0.7930105941005223;0.032749831996404515;596.2053211054078;208.50329759824126;1.0097872843950337;0.0034361516624353806
b_ws[9];0.3472304242994529;0.9354930520267808;0.027784406860530353;1139.926757845874;869.3923547793881;1.004643403952039;0.006569819297761958
b_ws[10];0.4686542333178609;0.9867180630402118;0.02685067687044184;1340.7282230732612;2052.209589913344;1.0037676408492096;0.007727112371364968
b_ws[11];-0.23967199540706915;0.968314362095561;0.02790419878353148;1240.4113086774962;206.4565715131132;1.0083375571125461;0.00714894890993814
τ_p;0.8058263984417188;0.6662357092947127;0.08124036550040076;39.431356980844846;206.99572740190996;1.1423543679052883;0.00022725748671716104
λ_p[1];1.0402455044621843;14.907772627390584;0.23769095476518196;1176.5752550920995;1486.5555062393269;1.0018381484628747;0.0067810381350995605
λ_p[2];0.6781050884944604;1.0953150686546393;0.022957353719797364;1016.393396478501;962.3731000929226;1.0033585875596134;0.005857850870103993
λ_p[3];1.7857579084068225;2.4501084629779153;0.05474731708570543;1375.8421489251446;1861.5354198081116;1.0055071307717414;0.00792948690647793
λ_p[4];0.7205505804442027;1.2153856547807236;0.02946341872084099;1058.7312346364292;1494.7391575657048;1.0017778552417287;0.006101859482272291
λ_p[5];0.8636493040506875;2.1035596248025437;0.04771890684433321;732.5928720966645;476.1063459066592;1.0067730099280963;0.004222203536654129
λ_p[6];0.7637196270926081;1.4475145335136992;0.03080361930803543;1295.4504642203676;1270.2644487356404;1.0026995976690392;0.007466159909442522
λ_p[7];1.410950659333861;2.11105188168227;0.04807976832164116;639.4057864187075;1291.559212421569;1.0054034171904382;0.003685131913784114
λ_p[8];5.75513870025519;9.109843815445359;0.24451096134249978;520.1951596629625;223.436967386331;1.0120758314140568;0.0029980770036614718
λ_p[9];1.3618711383143656;1.843267850508032;0.04339757056367893;1168.25922521584;1099.3083753013432;1.0060490290733664;0.0067331097807682184
λ_p[10];1.1532988349033524;1.6084806705830512;0.0651707695671662;467.58561186512895;1011.1420046408961;1.0110495464876703;0.0026948687317354
λ_p[11];2.770092157404564;4.52620288353165;0.14282084418743113;1443.3270931501838;1268.410767962325;1.0043369454787923;0.008318427586943998
λ_p[12];6.231994895186234;12.929944373202993;0.45119126520520625;1478.4225247402178;1484.9039618368001;1.0050748153634625;0.00852069553278922
λ_p[13];2.924914003469521;4.07899510921481;0.10680636709606349;1523.334984738014;1706.5340516055262;1.0047570256752762;0.008779542642371133
λ_p[14];6.007452469626218;7.526681804577218;0.2853862769082258;1269.856242157447;1082.6650492726515;1.002312622973079;0.0073186509463772685
λ_p[15];0.7044232937169512;1.2858955469074649;0.025121308121043975;1092.2600947151384;1142.0422900988958;1.0025510693276782;0.006295098697389345
λ_p[16];1.1228603466919373;1.8284948982260882;0.046249623455759385;1047.2708950234498;1225.4262222166105;1.0073924167409554;0.006035809308583467
λ_p[17];0.7801635340138582;1.363712270554589;0.030711375439710083;386.5663064642857;149.485380164843;1.0096950508969857;0.0022279245246184564
λ_p[18];1.3554539398595518;13.257031585527468;0.23298395441469485;839.3927341580861;817.289526448399;1.0042165246957364;0.004837730622004214
λ_p[19];5.056286214959746;8.325456381600453;0.20103548188595757;1538.9667667673436;1507.1976215588936;1.005416305862632;0.008869634380746295
λ_p[20];0.9677487251822503;1.3664313406638917;0.03673498740188578;837.1332805013666;904.5594026077081;1.0052609751516104;0.004824708555337084
λ_p[21];2.16363367459206;2.7730737249234707;0.10333471422721398;724.0815965408484;193.50790598494356;1.0040590125532871;0.004173149909295791
λ_p[22];1.092713323965122;1.7548677673628268;0.041755862706961515;1177.15411014512;1583.9100687054574;1.0073302913188176;0.006784374290753217
λ_p[23];1.1282530132609918;2.7892476634868286;0.053791362247102466;508.1312269615338;1196.4189604735955;1.01258378124511;0.0029285480998760024
β_p[1];0.17364371647265084;0.2924820100176697;0.02268673512261243;256.17714081730566;261.65737857067137;1.0465897608196386;0.0014764435625385817
β_p[2];0.12186797908808003;0.2686353690507999;0.017925717722193826;267.9862865482043;313.9979498584992;1.04779635729167;0.0015445040348267768
β_p[3];0.792366100447499;0.6841065294302191;0.08638156774939172;36.149258924432104;215.7594871693688;1.1559407799989427;0.00020834154233761618
β_p[4];0.10813760361240692;0.24211975155785667;0.015654868281173316;309.1568017171494;318.8475097288152;1.0340408338007039;0.0017817849330898105
β_p[5];0.16472930525929297;0.26878638373805674;0.022294017784729492;191.01546063783758;258.2491437525535;1.0432423144079706;0.001100892711599135
β_p[6];-0.12727253747508357;0.2577979578953162;0.018661590474443483;193.05630210314362;314.03633353108177;1.028618771677148;0.0011126548353936302
β_p[7];0.6075534863288402;0.5549026130576684;0.06809745398103645;41.396497289128156;248.11274062522122;1.1307335415949538;0.00023858331675958135
β_p[8];-3.2359286889573022;2.616404549684113;0.36681922466382677;29.84223045946321;169.93541709426324;1.1979880535342542;0.00017199180579928935
β_p[9];-0.5356384079725817;0.5185302861943205;0.06519176999945595;42.25512715574391;233.87970523708856;1.1275162667821015;0.0002435319180872551
β_p[10];-0.3579771242985864;0.39727859703861257;0.04708353020654495;52.00478387778757;266.6844069016858;1.0975753283119611;0.0002997227938941177
β_p[11];-1.2929480982757642;1.0765669259415034;0.14825945282341416;30.18987801635878;171.7684574692623;1.1964488821756079;0.00017399542718320033
β_p[12];-3.2598093628392553;2.6350443391164022;0.36928542061386394;29.80020536669022;195.9920578813758;1.1989426888596717;0.00017174959965438584
β_p[13];-1.550774658019979;1.2781813524564238;0.17850738345368608;30.0235546512432;173.91100276709142;1.19619150442318;0.000173036844145927
β_p[14];-3.6384730912126244;2.9293329764837406;0.4126787606866466;29.569131749821725;191.5529982984283;1.2002180266915206;0.00017041783698028642
β_p[15];-0.09253306404073834;0.23470548376815184;0.015689683676881394;219.28381790143544;345.9606699776202;1.0307758511057192;0.0012638137043630624
β_p[16];0.354729909247236;0.3850640671044107;0.03936841295614782;81.19242268633963;252.31446849547652;1.0651610424032494;0.00046794194602885344
β_p[17];0.17460452719743855;0.2765263312684162;0.02344865855144689;193.2682554623393;263.04409356234385;1.042199554731578;0.0011138764009546499
β_p[18];-0.3808275258646556;0.4063043548757417;0.04889266059412418;53.26771910087429;227.36143738290133;1.098724709475579;0.00030700155644912413
β_p[19];-2.71811395737067;2.208255551141116;0.30893497309572865;30.044861008270242;193.44238402427163;1.1975271214414456;0.00017315964055771208
β_p[20];-0.2817141586127509;0.3462809822222263;0.037261951922266605;67.08070989457062;258.96307208965004;1.0747500932537;0.0003866109285878421
β_p[21];0.9686475177549265;0.8126893866465089;0.10616454181592437;33.52072175780176;215.65124485828437;1.1725369559238967;0.00019319231096520247
β_p[22];0.35034534991782823;0.3872265388508202;0.04054510542177473;78.6228748698259;247.8529446587932;1.0630582357251128;0.0004531326920875257
β_p[23];-0.3674737932685432;0.40626975557039846;0.04773733767119593;55.54030995015396;270.6050137073085;1.0900263199789875;0.0003200993376133536
σ_ap;0.2981233530034181;0.25866825749532346;0.046118333899355234;30.122084778449793;179.95966748316144;1.196278347026723;0.00017360470969226795
σ_bp;0.04813377087954985;0.009328062281195176;0.00030685234263303613;896.497776279841;1475.2439107546231;1.005958266533095;0.005166848089550967
b_ps[1];0.9154471885630117;0.4855355189798759;0.011567765508328547;1752.8111693099922;2123.7070153767736;1.0024350289503496;0.010102098723629124
b_ps[2];1.1044950926034776;0.47737832148625897;0.011928567056716521;1576.9897495106204;2237.451997357269;1.0021528869537433;0.009088774886104118
b_ps[3];-2.197346000126962;0.5453253368981374;0.015487911953968397;1255.2522507514764;2225.300287374643;1.0033987030087617;0.00723448274530389
b_ps[4];0.8509337274500457;0.492586832693727;0.01980753189344083;678.5459535465917;214.90454507330222;1.0065964799605474;0.00391071116573564
b_ps[5];0.3631240058840502;0.48196844264833744;0.01149254343664404;1771.0646637268205;2376.9384621556273;1.0032989059242219;0.010207300359651676
b_ps[6];-1.6381040374318017;0.5216493754310203;0.01564595732793411;1069.7926745307811;565.5796101883943;1.0045069132950728;0.006165610649422956
b_ps[7];0.24008533701021553;0.496870750315669;0.014773272157922785;1126.341787114609;1751.7464440882102;1.0021651918847934;0.006491524089534322
b_ps[8];-0.22243134641551024;0.4870837993214987;0.010547372654965798;2114.0710836717108;2187.7441894546573;1.002405956833751;0.012184173155644828
b_ps[9];0.4450179044527853;0.48478594467614516;0.01461529100886386;1081.4544379170588;1575.8323707855031;1.0072906357278448;0.006232821702776841
b_ps[10];0.08596781672590734;0.48517515040449244;0.012415910168744963;1544.8114265861047;2048.008578803492;1.0009651757271296;0.008903319315854506
b_ps[11];-0.32163598508633917;0.46936387958260833;0.010867522691098745;1884.4758761456678;1497.4821995470932;1.0039806569830678;0.010860931101103808
b_ps[12];0.9970801630077265;0.49416658824603227;0.01049893255461695;2205.0843098024325;1974.9457417285369;1.0076564630061031;0.012708716022341913
b_ps[13];-0.004847357459841554;0.4777816002533721;0.014936069456762024;1037.4434227097054;2157.844315092451;1.0051864236866048;0.005979169952755846
b_ps[14];-0.08100727086995957;0.48144417607333995;0.012231483019506243;1525.145727103533;1889.317945071004;1.003906245778088;0.008789978619993715
b_ps[15];-0.9203717854666031;0.5125427052897779;0.02113079782618028;689.5335721786347;189.41606393062165;1.0067719699991355;0.0039740368736624
b_ps[16];0.3697068305497351;0.48368465555191953;0.012602279400693134;1534.1258905629688;1897.1214588318358;1.0005839751172367;0.008841734621672582
b_ps[17];-0.8583231928333235;0.494240481373816;0.01428033354547145;1191.359560631248;1429.2333403467633;1.001660339728588;0.006866245553178468
b_ps[18];-0.138324841264561;0.49311532876662;0.012141044403840636;1657.0562956809874;1892.8466096562734;1.0026413388821631;0.009550227989573024
b_ps[19];0.028294217888347618;0.48407387219272674;0.011819301086032586;1689.9494194036047;1747.7083586077263;1.001879403098894;0.00973980322105973
b_ps[20];-0.35023802152248146;0.49184694846557997;0.014830423208057804;1117.4368229879533;2230.204590072583;1.0055419114547224;0.0064402014894089105
b_ps[21];0.9036670818610051;0.4882482839938907;0.015727295854686962;976.5443159102889;1595.5946924792138;1.0057399742659638;0.005628185887934579
b_ps[22];1.2928093597609913;0.502733501210848;0.011849840169272593;1783.668957266407;1901.0002973078124;1.0058736799298078;0.01027994356270054
b_ps[23];-0.5450515038359797;0.4877559133579388;0.010679360964711192;2056.7011638097215;2178.4406535460053;1.0042847193426543;0.01185352909976478
a_e;0.09537346227742588;0.03046419855884546;0.0019480091390293647;260.4847398877706;706.5828373498273;1.0135831051981268;0.0015012698483550854
b_e;0.03300812785789934;0.013236514459458172;0.0004915703180161271;699.4860504613159;1482.5336469892727;1.007763514498265;0.004031396685099475
σ;0.9695678077785356;0.0034697887859093564;6.399656222665472e-5;2912.26337321011;2254.8733766029063;1.0035920423085447;0.016784450384897478
