parameters;mean;std;mcse;ess_bulk;ess_tail;rhat;ess_per_sec
σ_aw;0.05563081154143228;0.017015855415595714;0.0005698220121014131;846.6299298741135;1433.580454446943;1.002308325304555;0.0037387910499108155
a_ws[1];-1.1650310159464994;0.5663212835333974;0.019902470053174092;754.5614922696882;1033.5958366590032;1.0044872340426176;0.003332208860516825
a_ws[2];-0.11659780241025253;0.4836511591637181;0.016461719240824537;856.301387653405;1138.5691420512064;1.0012961142006194;0.003781501044571862
a_ws[3];0.5352753048384014;0.597669879524649;0.023505101081268458;655.963256634151;882.8744922125901;1.00299596536367;0.0028967905178343767
a_ws[4];-0.9325310465148898;0.5599795961375355;0.02208185616220387;620.2352821859196;281.00890654354635;1.0060609234526197;0.0027390126902558593
a_ws[5];1.8249731531774853;0.5911100052279261;0.022319569719345376;684.7747954974358;1406.3333101746928;1.0045872842831096;0.0030240247672215013
a_ws[6];-0.4136898131678887;0.47816052099979145;0.019453602139847478;594.0221776545146;1420.2212896879623;1.0064929827302425;0.0026232533517843667
a_ws[7];0.5959152042368049;0.5628192847177914;0.01593368600650831;1228.5868369935595;1874.7290060340756;1.0017615678408844;0.005425545811819765
a_ws[8];-0.16994670286265395;0.3824726221303946;0.014768649217701052;679.9995690451168;1244.5944213144974;1.0029591379804133;0.0030029369538909683
a_ws[9];0.07886322550352987;0.4947417591034313;0.017017728990896017;854.3052441738892;1764.9271733659205;1.0048476861747717;0.003772685902191222
a_ws[10];-0.34371168817839975;0.6424278880826383;0.01957834271499809;1049.5780399036537;1921.535971500874;1.0032699622644587;0.004635027469863019
a_ws[11];0.16563667105665902;0.6509628814327373;0.018838982779808857;1199.0466010745165;1550.5044520410102;1.0014957482157678;0.005295093573162441
σ_bw;0.039054863900208826;0.015242898546479084;0.0005270582558728188;759.7626592544776;1201.863826808646;1.001456211024341;0.0033551776641057955
b_ws[1];-0.272988470538956;0.6190388499835627;0.02340515928826461;713.2506809513608;734.6446328772483;1.005218176820976;0.003149776742100597
b_ws[2];0.0006795836106795097;0.6425316915851036;0.017800467606270055;1307.4504851766405;1800.8592379784889;1.0019228589385636;0.005773814508195833
b_ws[3];-0.7086437769636306;0.8429579281678131;0.04330631437969973;537.1510088889341;161.38374853301764;1.0072376228541218;0.002372105348062911
b_ws[4];1.0121448877088053;0.66396788964773;0.017079621309835567;1511.4323156271782;1802.1190744177457;1.0026644241157738;0.006674615927000262
b_ws[5];-0.8497697080366509;0.5135681733832406;0.01818988104392198;788.9793583216339;1088.1145833938415;1.0023229561313909;0.0034842011360216346
b_ws[6];-0.8903658747684758;0.6336687628361234;0.017179012388617774;1368.2520803065402;1676.4953455619616;1.0024664184690093;0.0060423196149380085
b_ws[7];0.3714229308058842;0.68216307216195;0.01921411591361568;1273.8982578446646;1907.2302730979497;1.0033190911664642;0.005625644968203292
b_ws[8];0.6426185829332439;0.4867546793413806;0.015999332142974332;918.0842647052444;1442.7229404870498;1.0017794009635508;0.0040543395772156396
b_ws[9];1.1446786466967678;0.6823466158146733;0.016512353638067134;1686.8808466501098;2144.725742599174;1.0026289334817535;0.007449411825848384
b_ws[10];-0.04107594190760386;0.7952775603930292;0.020203360125349814;1547.4570433217937;2066.0137919922568;1.0008897637161547;0.006833704242600124
b_ws[11];-0.12636490076700274;0.7562558017507716;0.020051989633323195;1420.1242296530509;1805.0855822531096;1.003586358096697;0.006271391516217483
τ_p;0.8386889271118341;1.3960151453214222;0.21382631426225363;48.57403469387013;51.643533977157496;1.0813006445414581;0.00021450714150691866
λ_p[1];0.6735797875477254;1.7107195807479902;0.038841256844748095;958.9987376076357;1470.0992044784596;1.00852585865818;0.004235021430882241
λ_p[2];0.9886370923121975;1.199004202049393;0.02904855945344592;969.2223405876895;1309.3285502505069;1.002960969741522;0.0042801697465404765
λ_p[3];0.7429780238510818;1.24722552252983;0.026002093816470135;1281.180353107548;862.0533635565283;1.0023516745270176;0.005657803331181925
λ_p[4];0.6892515794776364;1.9336438175507085;0.0401510493999878;1365.371235422391;1125.2434601167377;1.0032163725450787;0.006029597554579665
λ_p[5];0.6839118321808589;1.5001929864257735;0.04335952960704269;582.4189489804147;1048.8519740390493;1.0098189901201449;0.002572012489648482
λ_p[6];2.758556498801453;3.8361861427556576;0.08687811738063682;1886.832117650476;1951.1210514013533;1.0013699480956557;0.008332413945258006
λ_p[7];2.593243377907798;11.982485603665946;0.2426083810436221;1065.0867559626179;1345.3839015373599;1.0010922346081623;0.0047035153023277715
λ_p[8];1.817832955302796;2.4471599015826504;0.05950895354175867;1648.8111585556344;1718.524570822788;1.0030849165884732;0.007281292788122321
λ_p[9];2.7138306008574844;4.419368938388041;0.14051556196403966;1256.2833007991567;1329.7727014780364;1.002621180860573;0.005547855793237435
λ_p[10];1.5021950806074782;1.9223896091395845;0.04566839324277209;1609.6045671554848;1718.3184097558308;1.0033734660545295;0.00710815308699436
λ_p[11];4.470032639357061;15.498439775847347;0.29244483340234606;1436.7792377013097;1693.6565144929887;1.0068591862238505;0.006344941473323632
λ_p[12];4.592274034249226;7.235044553620716;0.17958024169799056;1423.0884055912363;1272.234725855157;1.0061891227426107;0.006284481573723124
λ_p[13];1.2038771163147817;1.6477715949276985;0.042037181085112944;1205.179761576518;1543.1565447466298;1.002049795550548;0.005322178140791605
λ_p[14];3.3334044224021855;5.383681272874111;0.16101968009913192;1034.9085768785774;1696.6787137518681;1.0046003114531357;0.004570245851436999
λ_p[15];0.9055808990373868;1.4252896017820285;0.03139289838876711;960.7759600704853;784.1687643329756;1.0096378681659206;0.0042428697991046945
λ_p[16];0.6305888718510874;1.4771823671228002;0.034406506208739335;1104.8079062840998;1160.090637717467;1.0039265921922276;0.004878927340189698
λ_p[17];1.7496240556755134;4.6223797379134375;0.18805417550465192;1193.1882276049255;1224.0487759089945;1.0055059993023165;0.005269222488852442
λ_p[18];1.0421546383337636;2.682373104209655;0.0967042728460858;1046.4232389370393;524.7357480487874;1.0061239441735321;0.004621095595732392
λ_p[19];1.4224929785054814;3.5083762621547865;0.0787207812698478;1768.6783869306832;1759.4981474322954;1.001557559178282;0.0078106368436683905
λ_p[20];0.6009502796288225;0.9258495158902263;0.020753977423059698;1012.0832931211582;892.0178373024024;1.0036874604988018;0.004469447422734386
λ_p[21];2.284513391925946;2.9946060253759637;0.07962419375761384;1324.4542785877838;1155.5369279275344;1.0031090513038912;0.005848904731653404
λ_p[22];2.1090007573113563;2.6244543851509126;0.06681587902404278;1876.6283242902161;1643.1215296103423;1.0004443391241935;0.00828735311059539
λ_p[23];1.2598848927474429;1.6176526841994066;0.061341404488228536;1077.7484764817013;987.0435237029533;1.008832305583676;0.004759430556068281
β_p[1];0.035824338109129265;0.347136556613975;0.035499201081067765;332.78053460486115;73.75434206255582;1.0412058075716304;0.0014695876444507372
β_p[2];-0.3074853706897035;0.529255824644744;0.06591818765226937;92.67452870807371;73.03695103561336;1.043659337064014;0.0004092587401675831
β_p[3];-0.12455554027577519;0.30719175585055697;0.023907032119769252;334.7841230165864;103.92003071732746;1.0259703584323385;0.0014784356642964062
β_p[4];0.13259616062061486;0.48340791624107715;0.055750826109347965;200.4883513480643;68.14288192399609;1.034217226166501;0.0008853739127117493
β_p[5];-0.04344598819181536;0.23913877910138115;0.01339224423602814;400.2951116038322;147.09859573159468;1.0362133346253957;0.0017677378601651766
β_p[6];1.502938284204407;2.7529101520233854;0.44730373149000213;41.39973238528395;50.93412959317862;1.0983407482512606;0.00018282480154442182
β_p[7];-1.1250933434935304;1.9025324977593827;0.30834228967920513;45.32805865447519;53.5746366959689;1.0913708415489116;0.00020017263036328442
β_p[8];0.8826228222691713;1.6446079736922234;0.26287399484149765;42.347349468523774;50.78961180033462;1.0899359125130432;0.000187009560604483
β_p[9];1.4420464631269192;2.638895578098547;0.4274613824567999;41.781478682062584;53.64355995630634;1.095765477405331;0.00018451062623283648
β_p[10];0.6666532677397292;1.2954501673421601;0.20554557834627069;44.39914452365951;50.01704549936061;1.0818919919723997;0.000196070465159952
β_p[11];2.4720846278297794;4.429173037861008;0.7244396543227086;41.58715048324194;51.91875910718174;1.0934312163197772;0.00018365245608687445
β_p[12];2.758519507259311;4.922797688231589;0.8045351644892665;41.69049777345532;50.94863643721066;1.098001020340198;0.00018410884666562443
β_p[13];0.48653758874685504;1.076756841262585;0.1635732194918271;56.32380050881638;48.32167467289696;1.076785542957087;0.00024873077812242805
β_p[14];1.8531760798134955;3.3425386608120724;0.5455659561272839;41.50377100700543;51.78866159031912;1.094906939600555;0.00018328424510294944
β_p[15];-0.21819393929884692;0.39611410302198014;0.04659797683434988;134.70093370362986;68.91423748644769;1.0407052039535847;0.0005948509822002692
β_p[16];-0.012895079358951168;0.20811374393361798;0.009791216355637327;706.5126421021424;216.36294040764764;1.0278693285872709;0.0031200209793352117
β_p[17];-0.6306992224430592;1.0708391449931076;0.16897378871039292;48.69541600322531;55.23702558963246;1.07768209044184;0.00021504317187512345
β_p[18];0.30672548504862684;0.7536983990997502;0.10798633899107124;68.26575107282785;50.97938414351741;1.0453855168051032;0.0003014674654420487
β_p[19];0.5705597646200506;1.1220835781600182;0.17695384867955485;49.83262690306422;48.85383242257855;1.078847413586768;0.0002200651936394744
β_p[20];0.0012949760762580836;0.2665964700177308;0.01662320481565429;468.75005827928914;99.12995731764016;1.0315796304466132;0.0020700408297641562
β_p[21];-1.2028277129734786;2.022156861021239;0.3296474567985953;45.21262031963252;54.26789004872014;1.0921589363657929;0.00019966284468491777
β_p[22];-1.0388649418961773;1.765306011492355;0.28259704511569705;45.59273503377906;59.31793530797743;1.0861908143354138;0.00020134146416320837
β_p[23];-0.4647643118073396;0.8576978263908324;0.12831946502088498;60.94279809727805;58.81155574070083;1.058341000120674;0.00026912867126786404
σ_ap;0.44996176731985327;0.35601984230044037;0.05089395408277479;41.91838823911993;51.35368300485193;1.0587705566468886;0.00018511523068693293
σ_bp;0.05877279137069296;0.0107249087445192;0.0004147589841583391;654.6027472693141;1464.2178969743393;1.0058332107229921;0.0028907823907211192
b_ps[1];-1.2255572776669816;0.471892408469804;0.01596213961240138;887.7804135441534;1633.2990925959632;1.004753528029156;0.003920515147555134
b_ps[2];-0.5701065571415566;0.4318970802038251;0.01225228711691229;1245.9744718722666;1824.1410158557849;1.004567353850686;0.005502331112421285
b_ps[3];0.18004798264382796;0.42871053284047184;0.012317261370434778;1212.4776909688235;1473.4187404511208;1.0080860933028963;0.0053544064286562805
b_ps[4];0.12391226931621387;0.4346526028534179;0.016401294368422168;688.0043721582113;1080.2809935769255;1.0098559587101077;0.0030382868572897126
b_ps[5];-0.5478728361507438;0.42745996405395703;0.011813942706934146;1313.5936397947899;2203.6442706025696;1.002312240650683;0.005800943210706941
b_ps[6];-1.1467149240610517;0.4707273463087349;0.016393837983748178;834.7644070421647;1223.4069395483177;1.0021214366885152;0.0036863918740711443
b_ps[7];-0.5470037989547166;0.42641116819497166;0.01439978639896693;874.7509470997787;1576.946878022269;1.0071695781493546;0.0038629758959784926
b_ps[8];1.0893623379056716;0.44242012609358156;0.016484371108534384;722.5539625866166;1656.4118637082436;1.015791003938756;0.003190860839042299
b_ps[9];-0.2664946898577972;0.420337970405459;0.013235991027938161;1017.6115982282228;1742.0798727067177;1.0038794049909259;0.004493860896586583
b_ps[10];0.8014731081024727;0.42619339310546833;0.013450018113672699;1027.6842498459425;1553.8983730205507;1.0084826765213588;0.0045383425979632405
b_ps[11];1.4280708834327684;0.46515491078342613;0.014492617150959656;1037.475628918359;1414.1245748298543;1.008105305459364;0.004581582175434448
b_ps[12];1.5175816888019564;0.4764389789300223;0.016272886782768944;861.9056084396991;1401.0528880774154;1.008840065742286;0.0038062497686343765
b_ps[13];0.769479673674569;0.4386318970202592;0.016276123716544452;734.352353369412;1393.8784415130863;1.0091769825307295;0.0032429635539423314
b_ps[14];1.5179270960884896;0.47010491892780154;0.014794199915607143;1000.2677043285435;1972.2465941817843;1.0049477189794465;0.004417268759934427
b_ps[15];0.3490330964964099;0.43739364789034824;0.015668225723942896;773.1586329718392;1773.7666206958609;1.0106528697304378;0.0034143354435227824
b_ps[16];-1.1600514537483777;0.4418486997966652;0.013821083861803819;1020.1250835989904;1650.3307289193665;1.0082191331985944;0.0045049606655372335
b_ps[17];-0.9493825716834878;0.43621507847608043;0.015071598826715089;847.5656938037679;1400.5362834711812;1.0058625227367197;0.0037429234644187
b_ps[18];-0.2378388871229704;0.42548223289551146;0.011572669411790098;1364.6706383181124;1671.6988628948106;1.0035208726227256;0.006026503657127376
b_ps[19];1.1217315614022225;0.4348465253319735;0.013805592378854368;997.276248363359;1863.8040928008788;1.0035454730039899;0.00440405823146835
b_ps[20];0.059886629100439466;0.4234853996922241;0.012335973252258405;1185.1511620668075;2011.0469450324094;1.005740035021214;0.0052337301117923365
b_ps[21];-0.8772976092281204;0.44985557033267537;0.015752997108833582;808.0179681945982;1512.1929184832427;1.0057660865404323;0.0035682772850970245
b_ps[22];-0.7969370748474497;0.4351527150453674;0.013906764568214968;985.3390432617216;1601.4499191227512;1.0050283135139861;0.004351342500521315
b_ps[23];-0.18666482338862933;0.4351415467104988;0.012125548210940728;1294.0264847097149;1481.4740795068165;1.0033609273067576;0.0057145329602269306
a_e;-0.06615456892856464;0.030946350380304084;0.0019034069611727183;262.57999209657044;438.19852476185514;1.023656549005442;0.0011595759725648788
b_e;-0.03249271207174655;0.01946546061341385;0.0008804815646282951;485.20422918065077;990.4007752811902;1.014243279215368;0.0021427038726462583
σ;0.9731813795754034;0.0034026243270194943;5.3815539465848226e-5;4005.2285090109976;2213.6320487975995;1.0003011424810881;0.017687435766137596
