parameters;mean;std;mcse;ess_bulk;ess_tail;rhat;ess_per_sec
σ_aw;0.028018763416509718;0.010046990129728837;0.0010665140465620675;80.226978721953;1224.447136082298;1.0714794467234845;0.0004846054343944176
a_ws[1];0.036190098496886085;0.6169379723619256;0.025038000036732427;275.21481315389127;1769.8075602902352;1.0552258018682983;0.001662415763436009
a_ws[2];-0.28805319761443393;0.6578718040214213;0.10004691515920397;42.85235051710629;1174.1621165938477;1.1102908133113412;0.00025884661578913075
a_ws[3];-0.3891670548356306;0.6129624214085132;0.023521709728949562;435.7591518665738;1422.810612268122;1.0871977605581717;0.002632172573935654
a_ws[4];-0.7453068625690777;1.078926653772047;0.3003062338582221;19.177167744631102;21.845782587310033;1.4644789575982324;0.0001158383358489676
a_ws[5];1.4045356936458726;0.6488969466162688;0.12090400104951783;27.823224459891893;36.797055501673825;1.1909577440872021;0.0001680642346307101
a_ws[6];-0.4107711390251114;0.7126889080916501;0.15749853390600166;24.56464959673421;48.59779287085771;1.194818004793552;0.00014838104186658878
a_ws[7];0.4486005915762017;0.6909338512240741;0.09951984939019454;52.7002571217264;1091.8867857935434;1.0943453836669301;0.0003183322044780352
a_ws[8];0.018561491377111244;0.5303262594329736;0.08830608985380362;34.5538804113563;1247.7324846963513;1.1423351132182746;0.0002087202895274435
a_ws[9];-1.130574070654222;0.5621894189196928;0.014109912064434283;1333.2602950713604;1492.7144927050012;1.1983083456816823;0.008053465240079997
a_ws[10];0.30146451478975717;0.8970871187341392;0.1905167148565786;25.2342148370786;75.31529907940097;1.1973706586926038;0.000152425503708746
a_ws[11];-0.23412292664502365;0.7191948266366168;0.08335411647922718;68.92887545250534;1155.5195102892358;1.067846616457658;0.00041636003453087415
σ_bw;0.016143591893493868;0.014589408528646042;0.003840509978912865;18.17166502796806;27.31769436617164;1.318881931327869;0.00010976466725823048
b_ws[1];-0.12969285739898626;0.7827627666119035;0.023249732982851237;642.1643545974272;1691.8479591242278;1.1405291086997043;0.003878948714880901
b_ws[2];0.051138459610562736;0.9312235851084764;0.18795301076372956;30.459857853350755;74.733021266856;1.1781920504488907;0.0001839906335968764
b_ws[3];0.21717586608638176;0.9737778945011215;0.17694877953572596;35.65285224080574;159.64891690688788;1.2193320474406517;0.00021535855173401768
b_ws[4];-0.03421191299899522;0.8833437540507358;0.1472242493460609;42.59242046316984;2304.9799835219246;1.109674449772938;0.00025727652654101643
b_ws[5];-0.11924127118308184;0.9639710827318952;0.22538632185534355;26.83312891189328;20.890772194363386;1.361728955268465;0.00016208363196096808
b_ws[6];-0.5017761911057235;0.9186210206738935;0.16754266133340562;31.568411734302394;37.179940586402495;1.1715029963218662;0.00019068677551305188
b_ws[7];-0.042972140638277125;1.0215183323227328;0.20865709335857366;24.294587413486195;33.91204672925159;1.211046917890556;0.00014674975020247184
b_ws[8];-0.36608258924762505;0.7629836949781293;0.09256944666248396;59.481245544373856;1110.4503362079452;1.1578494932763939;0.0003592922891344625
b_ws[9];-0.20811297328994227;0.8489268017474543;0.10669856487982883;74.4873478982064;1700.6686031843071;1.1132607069712013;0.00044993559722847923
b_ws[10];0.8435371054444217;0.9935941870024735;0.15802640177907298;41.61940764397748;1611.2682223222575;1.1094533495332854;0.0002513991108957103
b_ws[11];-0.1028585551908254;0.8129843297279972;0.031947953375203744;604.9761103268572;1881.0050760018369;1.2109391280996498;0.0036543157353496167
τ_p;0.7882058821724118;1.0989939619429525;0.2365841036778373;15.683318754277437;34.53438784912899;1.5264394630170302;9.473398623177913e-5
λ_p[1];1.89984697934351;2.674429815448189;0.11645127935015606;79.17899750988079;1582.882633123113;1.1807890820506795;0.00047827517743343254
λ_p[2];2.456344840601194;3.0095884384498373;0.17317828400537635;224.33676923838874;529.8395040337599;1.146215417599121;0.0013550905099416549
λ_p[3];2.5456846278661374;10.071880211369233;0.28679606373636624;30.426432508737722;453.4172512191989;1.2264446223957668;0.00018378873014863464
λ_p[4];2.116002675761926;2.215438323045613;0.22877465693386054;25.292621203431064;39.27892301427523;1.1999882228978043;0.00015277830326556005
λ_p[5];1.8228157430767826;1.8088126035878198;0.2522427041800561;25.30601134351857;199.53367638312142;1.2103601950162552;0.0001528591854669975
λ_p[6];4.613002333747903;10.091133722373746;0.39252379803148485;34.19298896612304;456.56749198517343;1.1513710724792527;0.00020654035008098095
λ_p[7];0.7191657501136252;1.7047870453467262;0.034431719583702856;425.83494857215123;1316.0694599503952;1.1311598183417857;0.0025722261204467337
λ_p[8];1.2786387745351957;1.3448337391819543;0.030881298217304544;294.1874378504151;1339.9906194078342;1.1525851794752864;0.0017770185713583435
λ_p[9];0.7542218861146127;1.6788489195357985;0.04196501101360899;67.29112072238591;663.198378591418;1.1037077439132916;0.0004064672920262401
λ_p[10];0.9224122239262019;1.2293493410991267;0.08278591625083476;65.61315158816141;930.7520386042315;1.0706308151876878;0.0003963316372359796
λ_p[11];1.4894701496095528;2.0565831959296994;0.07213101551072096;87.21692209687764;1206.3261170469027;1.0576330151031004;0.0005268276967749755
λ_p[12];0.6220040567926574;1.2257651025021075;0.03620646371876508;765.2091222950064;884.2849508779183;1.2272982548289124;0.0046221919984987744
λ_p[13];1.023191252690235;1.603809507246725;0.1325457051737124;24.26879614616871;40.032676721353525;1.1966215636996151;0.00014659395986235088
λ_p[14];0.6107029939992801;1.5359527463641156;0.04729112421963335;213.50315383259428;1446.234048393503;1.055141069065907;0.0012896508164193252
λ_p[15];1.9856961594953624;2.2328974713839487;0.09814644069847246;47.460119097861174;1665.867055571183;1.094692415960842;0.00028667951851384294
λ_p[16];1.2221734890469689;1.5166653770832708;0.07219427186471539;65.19087500473076;665.4458851577798;1.1592075953192975;0.00039378090517043306
λ_p[17];0.6237400765263259;1.2383055103910057;0.08763962315361319;21.8475612332756;20.487053208171314;1.2164564655698207;0.00013196866030071566
λ_p[18];0.5938682871362567;0.8328684041581011;0.020446020781535675;448.27643488030805;933.0851589427633;1.1168819975953408;0.002707782343478785
λ_p[19];1.3607436677737765;2.006095929322156;0.1268176397142577;53.52512334231035;227.0578058263136;1.084099863070009;0.00032331475099183014
λ_p[20];2.154970681104108;5.28732950933077;0.16032207680392294;339.51986770023035;920.6514930527597;1.0883498075594902;0.0020508459322971253
λ_p[21];4.836048434442221;10.792197748991088;1.0108976179989857;59.96243325967809;352.96401267056433;1.072471625215544;0.0003621988697575274
λ_p[22];1.0723051940602606;1.8249102712987584;0.038846516217319695;121.36012311067763;1170.4482416307717;1.0498389865046018;0.0007330673062242204
λ_p[23];2.116244026704844;3.111707727229543;0.8892454195716882;22.443895618814558;34.72363689219707;1.2423091749947999;0.00013557077630398676
β_p[1];-1.044067059339188;1.6549453484926877;0.3618303183374781;16.038821894764126;32.056630517941784;1.5317140854446154;9.688137800158774e-5
β_p[2];1.1960427249473666;1.70704494168316;0.41196565265469126;16.328323870171367;35.38111212392111;1.4415842990230947;9.863009436589822e-5
β_p[3];-0.8412195040180268;1.3793961099328664;0.2951449128045571;16.14412519198941;30.227658429771967;1.5268507457543872;9.751745517796855e-5
β_p[4];1.3185989696336196;1.8925689185427597;0.45710885850205607;16.339087504851964;32.247210480907086;1.4322684876471925;9.869511134576146e-5
β_p[5];0.7843469917405641;1.0993710387489126;0.26955380928203043;16.01071264278894;35.59979612245326;1.4453671337745402;9.671158603782518e-5
β_p[6];-2.9655145943661236;4.459684465677597;1.0293991920090166;16.167684917395107;31.039352062073252;1.6661729572755033;9.765976604578785e-5
β_p[7];0.08234294617905788;0.27714730528996834;0.016684556326066198;45.301430170256026;58.166976737778256;1.1979950912532233;0.0002736401095500568
β_p[8];0.43325253496853233;0.6426012804512943;0.150247153100851;13.489344060556965;36.87482891177455;1.554426739031703;8.148143607423674e-5
β_p[9];-0.2141060778486491;0.521351245485898;0.07169225400641704;45.86310780302352;46.09460548286883;1.109498764838204;0.0002770328838705291
β_p[10];-0.2176961967797274;0.5781980046094563;0.08465934672751768;38.33433523528203;39.99357702631192;1.1393049339125019;0.00023155586156744715
β_p[11];0.6198717073220613;0.9110572238757484;0.21628615267544282;15.94814996695192;35.764409571155895;1.4181323211776922;9.633368058527222e-5
β_p[12];-0.13237220448813836;0.40388218774972895;0.036196682940341306;52.68010861918748;51.10261047945631;1.1457161568126348;0.0003182104988625326
β_p[13];0.4026368092810699;0.6385594450994908;0.14367370711517913;14.757857910992655;41.64629892219167;1.438154561214272;8.914380495959912e-5
β_p[14];-0.10054430381459037;0.4606023997711442;0.03909651279564052;48.3826229043346;68.61773297358343;1.1831314971966582;0.0002922518380126979
β_p[15];-1.0491995824734077;1.661493384018286;0.36367577734791984;15.96740194366655;30.973206317926298;1.5288191544011744;9.644997079945414e-5
β_p[16];-0.4484241708161931;0.8234892218278753;0.15205559109228642;19.24635831306776;35.957792600888105;1.317124595709537;0.00011625627662160281
β_p[17];0.11241239573968531;0.329598536595289;0.019466579277731093;49.595998585990884;55.97505909154978;1.2540909047545845;0.0002995811486593141
β_p[18];-0.027933937227677397;0.26543248758694954;0.01988338523760741;31.08018859078549;77.17581368532123;1.231329649795588;0.00018773769787963632
β_p[19];-0.5558812437093005;0.9649214310542895;0.19463501477874096;17.732572450625383;33.37339842395706;1.3700366228458523;0.00010711235936165645
β_p[20];0.8484355861409981;1.2025903186164226;0.2946877367301031;15.824870305893322;36.07865554926354;1.4339647034924858;9.558901844479266e-5
β_p[21];2.307722446805313;3.308606499092401;0.7952353294615365;16.544307731544357;32.630871798021516;1.4744398572463637;9.993472972211164e-5
β_p[22];0.3109208185212763;0.5353646659952381;0.11774511758943249;15.198063728382714;34.994578619541564;1.4016029698024364;9.180283730454876e-5
β_p[23];-0.595482318079291;1.0188252238930031;0.2054537718002973;16.731327479676192;35.92887047395901;1.4168831984482853;0.00010106440938508221
σ_ap;0.4480531001895837;0.3520632017763223;0.06829338600849412;16.320429596889678;31.365213442248226;1.4337862199446956;9.85824095621845e-5
σ_bp;0.052589952715929186;0.009010019638661741;0.001125143545354231;63.607811757396824;1227.975363314976;1.0729984667723638;0.00038421852272914873
b_ps[1];-0.2617537062117201;0.4849851769631513;0.08439361809042738;39.01837433835499;850.3892534308438;1.1167610201278821;0.00023568775176159614
b_ps[2];1.4414181778023416;0.46205316732139207;0.04962370118232192;78.52947635326507;1394.0783103410338;1.1138004424293144;0.0004743517904722831
b_ps[3];-0.5071213797561149;0.4802609416179853;0.08528835277362073;29.391065806423736;42.730394335623416;1.1666107232181657;0.00017753467024851915
b_ps[4];-0.07551948272157988;0.42873196772639466;0.018453166660199596;349.3446742217678;1028.3621048745847;1.1317941409690315;0.0021101919865554033
b_ps[5];0.7083689597044108;0.4206083310256878;0.016652068782178425;417.2746338778021;1475.2739186591712;1.0834102573211608;0.00252051814032467
b_ps[6];0.6744170435377721;0.4493521434484756;0.05916261169901692;52.922445983307284;806.9856184102401;1.0956327189116908;0.00031967432070251846
b_ps[7];-0.4155799713645406;0.4123957986600402;0.018256194764915856;507.5396397126206;246.24323104246824;1.1477356484459933;0.0030657575729948075
b_ps[8];0.6609926921902219;0.42246343584237434;0.050029298424874816;78.04179829639753;1230.8163587396725;1.0642294708442732;0.00047140600539651717
b_ps[9];-0.9365154885890743;0.4189437967426797;0.040867164742445145;98.08455250524953;1070.4385139206454;1.0711576157367821;0.000592472855533097
b_ps[10];-1.3851983703043238;0.45283956203629666;0.05837589294144936;64.53208537094724;336.4605295162654;1.1686149807696364;0.0003898015326234417
b_ps[11];-1.7611425626469814;0.5278609936807128;0.10326089019850768;32.55576928685066;966.0081908684714;1.1595096623697614;0.000196650839513437
b_ps[12];-0.07886061932701009;0.43724135038389295;0.055851330509107504;59.39538849123279;1812.972294480924;1.0799993500464609;0.0003587736756306753
b_ps[13];0.22811791528624228;0.40698513586257834;0.03997631271250238;88.39118435277827;1204.542711063477;1.0857422124560048;0.0005339207455184149
b_ps[14];1.0353423463693252;0.5132672671899597;0.09928164025279877;27.087981097235517;49.61038950795597;1.182867545043775;0.0001636230487002195
b_ps[15];0.41435849625240995;0.43715884190875076;0.05159041866682067;73.10377467069797;1217.2225295938422;1.071494798089041;0.0004415782202511291
b_ps[16];-0.5911025505461492;0.4100915767686575;0.020449926505834434;248.60251493464995;1587.1207375827769;1.0324762777415386;0.0015016660437754295
b_ps[17];0.5845892843372815;0.42235582738640576;0.012251793084285102;852.3421806476832;530.0826541117032;1.2600934906331998;0.0051485131222127195
b_ps[18];-0.5026564988367517;0.4195614600747674;0.02888111373438685;164.32801875169753;1180.7847787427474;1.1305564696006307;0.0009926118642250399
b_ps[19];-0.9206067280845193;0.44177824515458275;0.058889338242303885;52.843616839320234;1903.8706876907668;1.120187018334297;0.00031919815879073585
b_ps[20];-0.3497789743576094;0.4303008617800533;0.04795302769841884;84.13222195254062;1050.9996631696624;1.0546906613205205;0.0005081947820468291
b_ps[21];1.49551089907171;0.4270444873291956;0.014660243483165183;686.9289860246308;1267.5052548541764;1.1592314792984173;0.004149346329297733
b_ps[22];0.2826084633189055;0.4771476171193244;0.08775319549338562;32.57404017180033;1372.3763021918528;1.1455742863802665;0.00019676120351166867
b_ps[23];0.5547237789325359;0.4658870022287342;0.06739553997162909;56.500342317460955;1168.8929440218626;1.080414988947107;0.0003412863524012304
a_e;-0.0044782887886509444;0.040176588047214336;0.009282475813023489;23.862390096395725;89.90150815789353;1.2998637916102338;0.00014413909264152075
b_e;0.026415916074716585;0.01274347837683368;0.0009259850342121769;126.53016447397061;981.199178138732;1.039472726332239;0.0007642965782298247
σ;0.9805825662360093;0.00321684042829293;0.00019618565570569835;234.9825341884567;1041.174973303038;1.107780237983441;0.0014193955059700902
