parameters;mean;std;mcse;ess_bulk;ess_tail;rhat;ess_per_sec
σ_aw;0.0616419024189221;0.017567216970040888;0.00065648109159943;817.7572866536406;614.1055357846254;1.0052570551991766;0.004164562161868591
a_ws[1];-0.2961307679594076;0.47919073798901113;0.012849999699041196;1374.6859009710117;1995.992318920182;1.0009439289201572;0.00700081183142414
a_ws[2];-0.4791923185731164;0.44862039807668674;0.013474579044531497;1105.4619798119943;2010.5461616885511;1.00465120847125;0.005629745167234795
a_ws[3];-0.15412311962456277;0.5510010591104145;0.015586899408545494;1249.6764355678465;1601.1165297716727;1.0045563146285434;0.006364180769873054
a_ws[4];1.0960559440614874;0.525495653704643;0.016500387313832958;1037.9051321202564;522.3737028029093;1.0054030550012036;0.005285700918086705
a_ws[5];-1.907815904503913;0.5840175933686566;0.01955454484273594;862.6195030473292;1296.8630142145198;1.0029942492619255;0.004393030305093891
a_ws[6];0.3748300323685997;0.43882813634612206;0.013975076848620809;1035.8398053342773;753.4543994677283;1.0032715907059602;0.005275182905070912
a_ws[7];-0.4572486291946441;0.524034408496477;0.01288641212284583;1647.303478736435;2128.3025666920907;1.0058174362216836;0.008389161244570998
a_ws[8];0.8459064615048427;0.41806805920724255;0.01369794352480503;941.9695042451089;1335.3659502296432;1.0041753413576957;0.004797133109099189
a_ws[9];0.47046727904094554;0.4626200613656073;0.011892499945403028;1518.0704509935465;1994.3920269362027;1.0009170567917647;0.007731021003957404
a_ws[10];0.3768420980976797;0.6236473621419126;0.014718159956787682;1787.1877582104457;2168.036352172418;1.0023369337825196;0.009101544719283414
a_ws[11];0.2151377801554315;0.6245276839926741;0.014659164517521658;1810.3707544190886;1707.5154864937954;1.0020173581822431;0.009219607903048292
σ_bw;0.0464109298752994;0.014777519247939333;0.0004907091696404768;885.0495291595291;1406.0158948680782;1.0083329534018435;0.004507258866014261
b_ws[1];-0.2517489725930695;0.5634687546308705;0.021868055989294637;667.3165229194184;1189.6343141378559;1.0070302032366516;0.003398418071836758
b_ws[2];-0.8970309030721864;0.5900070331022343;0.01757514054942521;1126.6466370548737;2070.089599499756;1.0064179441771224;0.0057376314843679355
b_ws[3];0.09883534304058791;0.7590505602567501;0.019344265818511657;1525.9374495861823;1786.7829298968518;1.0040443370344412;0.0077710849755062645
b_ws[4];-0.42294916980346614;0.5839266617041208;0.013967248844482048;1733.523968424658;2183.7296831209414;1.0034030530060116;0.008828253130138554
b_ws[5];2.0159367902580687;0.6209202909865438;0.021434336470426984;817.2724845681332;888.521979881048;1.0111592020873406;0.004162093228293495
b_ws[6];-0.1529783843168159;0.5879315809330499;0.01574049323117604;1400.1007343711333;2269.863282190567;1.001312481314497;0.0071302410095626274
b_ws[7];-0.4766303785358145;0.6328434610298137;0.020002821973916292;1010.5906077323599;744.0469084279079;1.00435121494627;0.005146597254210151
b_ws[8];0.2006918230899425;0.42334413736614807;0.013015630110434353;1056.9967599544766;1723.8431892495955;1.0056715646272092;0.005382928142086418
b_ws[9];0.16896836815256938;0.6088125200175334;0.014899347533154122;1645.6350708258672;1935.3857009689204;1.0008783242216246;0.008380664605570269
b_ws[10];-0.1878007315190115;0.7556613612628711;0.017638990361784516;1841.6327813096204;1500.9431945585177;1.0037608747790903;0.009378814866308002
b_ws[11];-0.33812419454917325;0.7007242932192469;0.017377517898008118;1618.7439270464276;1941.9604505805048;1.002375766053782;0.008243717076393858
τ_p;1.1527936311387617;1.7883699595221278;0.2384600477185318;48.17990520758438;76.84983694466774;1.084525080790115;0.00024536401382737607
λ_p[1];0.7174693162935646;1.3586641577058371;0.028678415139020943;1148.138863379707;1412.5905779188713;1.0036780605626217;0.005847084147141488
λ_p[2];1.2976146914897408;2.370186526496249;0.07606339974153319;1331.4073277144907;992.8563922761086;1.0030803255439031;0.006780408648786277
λ_p[3];3.473995913533512;4.924818902462816;0.13517859067610188;1199.0548698839057;1617.201703421894;1.001982026690243;0.006106382202422102
λ_p[4];0.6852231902320453;1.0189475067941525;0.027628157744620553;845.6599378125829;603.4657638208469;1.0081392010948398;0.004306660957108758
λ_p[5];0.8624315176900138;1.2972395663710592;0.032216319618648084;956.1822380921517;1104.0614538242942;1.0030949548724841;0.004869513770894714
λ_p[6];4.126874963430155;4.958602227691085;0.1289513135917419;1370.161295170099;1380.7047526530869;1.0024238028093666;0.006977769539507721
λ_p[7];0.7263150469112256;1.608969373162032;0.03776770048445428;1393.8999445692396;1504.2937171417368;1.0027320231578407;0.007098662477638637
λ_p[8];0.8645294594454784;1.8344150165651263;0.03310286226314608;1280.8864410096755;1776.3988692603552;1.0030441142491753;0.006523122805433056
λ_p[9];1.1123103122166376;3.1613264861832384;0.08099221323511543;841.6172300400699;1130.6513336388884;1.0024476760285879;0.004286072809383661
λ_p[10];2.3437137901663827;3.476177762864055;0.08628434714205238;1265.1696437865978;1561.59179725329;1.0024190901442178;0.006443082455943987
λ_p[11];3.738180734982006;5.84821809847627;0.14098591962012688;1307.435850341535;1736.5403791160109;1.0026710441533249;0.006658329996280446
λ_p[12];1.8791552231574036;2.271156551816855;0.05440830536485921;864.3793078079008;675.9187035871723;1.0086700400631048;0.004401992397438116
λ_p[13];2.0557926718687423;2.6241168674668303;0.07399464982324155;974.4130969598626;1343.5153939290437;1.0056252480602212;0.004962357388748031
λ_p[14];1.7514681638801881;1.9820792351787324;0.06325844146107971;955.909849403434;661.0745560520206;1.0075145549055051;0.00486812658713632
λ_p[15];3.5779738221991795;4.109425511305575;0.14737291556271886;1027.9465538721995;925.7185153863978;1.0045931859271524;0.005234985236508888
λ_p[16];0.6858231729669524;1.332148127698269;0.028651155488830286;938.5433252358811;702.9311919584136;1.0032655388661038;0.00477968473450872
λ_p[17];0.7768982609693018;1.4656780102392506;0.03700618350768531;1080.3088113395002;1533.2445881896954;1.0008559676907212;0.005501648560354883
λ_p[18];0.9415014022772106;1.247401872849657;0.025387898694103267;1187.470176178031;1187.9623904329987;1.0035653676000795;0.006047385263046914
λ_p[19];1.6407297878588403;2.6757883796140276;0.07876164086982376;917.1271337156971;450.67564256017107;1.0063481469015223;0.004670619291360837
λ_p[20];1.1503795085404263;1.6824218044281594;0.10971822365387136;486.71024290897896;230.38675328325672;1.0048842183262305;0.0024786511774258376
λ_p[21];1.4552341486418632;1.9199393219102976;0.06306099375977689;787.1410443748102;902.5875401396124;1.007964703808118;0.004008643961916162
λ_p[22];1.7696979930501329;2.747898056542468;0.06963995282292262;1059.5408131274648;1200.8639920953729;1.004791919529077;0.005395884147193219
λ_p[23];2.2529277668517933;3.217565951445821;0.08284665002725244;1459.4356060597752;1475.2261103354826;1.0051453469233582;0.007432413506887626
β_p[1];-0.06501806387266774;0.4936172531624493;0.027613393886834647;457.12680971023974;164.37860470377484;1.03759128666215;0.002327992725916596
β_p[2];-0.6211519966962015;0.9914737357508463;0.11658910624250628;75.25039190130329;100.52099617839484;1.0515465564356894;0.000383224876002461
β_p[3];-2.675477376398101;4.161743572277686;0.5846130244251481;36.93076068049139;75.7158310024857;1.1087958957540511;0.00018807591329252275
β_p[4];0.15599933855722367;0.716614920941275;0.060219913899823806;324.13867656449276;96.90019592067556;1.0354713020058366;0.001650728999484163
β_p[5];0.3551537961797309;1.0725641457558406;0.11251767354490397;110.95499036926833;73.96746740690686;1.0347214053756866;0.0005650563585354653
β_p[6];-3.513529190230583;5.550884731464529;0.7771945688392389;36.54239906658568;71.19616726975217;1.1088038177299673;0.00018609811852530968
β_p[7];0.07919451532819528;0.5340434271112338;0.03473558816418064;553.6144153244857;124.23672458975439;1.0246294049296631;0.0028193715714353177
β_p[8];-0.2803292802056725;0.5715233632662152;0.043141437079411385;207.3051931463432;174.24173047844613;1.031497583434894;0.0010557354577285288
β_p[9];0.4709677302476434;1.1882857928999855;0.13527470828498633;81.86976061144183;74.37793470888134;1.0460883499840896;0.00041693508918626076
β_p[10];1.5980157994169721;2.825000489585073;0.38349087801379794;41.07782758846034;71.00225432151936;1.107144070257006;0.00020919552691081123
β_p[11];3.1077339748943498;5.215013231977766;0.7280624321859038;38.631064842834625;71.4070949588681;1.112651922048237;0.00019673498915002895
β_p[12];1.338194341606384;2.4709339266309924;0.33102283822225254;42.66855612849885;71.52234643503358;1.1003892528273842;0.0002172965710662939
β_p[13];-1.384592906116613;2.115288508183347;0.2905652570348056;40.167219960946184;70.74588847749737;1.097587669689209;0.0002045581092665456
β_p[14];-1.1744212157691547;1.793206528948014;0.2464823064486261;43.285001402032265;75.33718995815302;1.0924058219079509;0.00022043591901576358
β_p[15];-2.972700646932406;4.620881920359305;0.6525093986346026;36.68245763343397;69.99414304932424;1.1079557440389824;0.00018681138958685998
β_p[16];0.11391934343407781;0.6090418866726797;0.038498947754379044;494.9496846202027;84.0982894789568;1.040009604423737;0.002520611876212026
β_p[17];-0.14253553855527068;0.4945349264496547;0.019411207341843484;348.1218760648784;227.45395741419048;1.0343271709186046;0.0017728673488329905
β_p[18];0.46724709064617254;1.1444027264084362;0.12399623863910597;95.96143851495113;71.67759901168085;1.0421640311851834;0.0004886992538742248
β_p[19];0.948794788111562;1.8466738989461582;0.24311437849704273;46.91821670397539;64.92945117537543;1.090439182412156;0.00023893865964472346
β_p[20];0.49589779018353286;1.2027115938053234;0.12930912381239068;82.94675734978334;72.78922070935717;1.046308388956362;0.0004224198704754706
β_p[21];-0.8828108300504717;1.3812786840797864;0.17940271520204826;49.42701252276023;81.18789403663091;1.080642538856537;0.0002517151109332471
β_p[22];-1.101158162224851;1.714768024435436;0.23265428868976637;43.02628766312026;79.51420315134364;1.0918734913813495;0.00021911837716635072
β_p[23];-1.6304181706582677;2.507643907134485;0.3496550793033117;38.98565526300415;68.57141345945097;1.1018009680133634;0.00019854079861317904
σ_ap;0.21421137236306217;0.13726221713114206;0.02181816216244533;36.45409857374966;71.33774098774235;1.1116748388145472;0.00018564843388496358
σ_bp;0.055647750930450365;0.011097812711504928;0.00046929067011685467;582.2028855216535;393.94717770237594;1.0076047481345694;0.0029649630118198282
b_ps[1];-0.3607556121218727;0.4462662984929255;0.011339432148732058;1540.4450892066802;1760.9078349003098;1.000819145679251;0.00784496749298133
b_ps[2];-0.6422593423529122;0.47026294693338094;0.01966996938260156;677.4686129760664;282.8231094229573;1.007694766690208;0.0034501192438150716
b_ps[3];-1.0057716996542125;0.4581376978637752;0.013690510123847354;1129.0098103789069;1246.068532467612;1.003767899693162;0.005749666329385922
b_ps[4];0.74028167204216;0.45335355351943574;0.013991969144001708;1033.2616211607449;1576.0236483609779;1.0035266326132026;0.00526205308228528
b_ps[5];0.24112296041093056;0.4409735982913624;0.011179686246381718;1568.5798972661569;1861.5043548257017;1.0024712608874324;0.007988248585046438
b_ps[6];-1.5046856625823315;0.4842793643301916;0.013581634308260336;1264.850586524787;1852.089575863293;1.0032630002883494;0.006441457604876693
b_ps[7];-0.16901995389925997;0.4564940225302058;0.015003326558274173;965.2626461734997;342.06576305456827;1.0048858086497727;0.004915757227880166
b_ps[8];-0.18928402204263647;0.4413840035430681;0.012872795096226778;1163.0750537627075;1332.6489261603301;1.0047864027853486;0.005923149129168185
b_ps[9];0.5419319019956722;0.4576091137089592;0.013947268278209536;1159.689302997632;622.9111754946155;1.0065613725798819;0.005905906641995187
b_ps[10];0.8434754541889511;0.4481176233048167;0.013674835307366334;1079.4615486082707;1841.9525802296318;1.0011691365184887;0.005497333736911268
b_ps[11];2.083299908466738;0.5131004692298816;0.01944390291930261;678.2481879008234;1050.7705492773225;1.0041866055597009;0.003454089356080619
b_ps[12];0.785467479204491;0.45186206239125365;0.013172808523094983;1174.6033823942987;1461.5069983963;1.002363102870685;0.005981859020222993
b_ps[13];-0.3712077432653106;0.4436622919057455;0.012377961822531033;1305.5477303780592;1327.011360878073;1.0020703261298993;0.006648714437868076
b_ps[14];0.2530279240606139;0.4474827594880998;0.01772131885220762;643.0661175534639;247.9847817205067;1.006422237796568;0.0032749189331004935
b_ps[15];-1.1896621163835897;0.4798534485602715;0.012856483401472354;1382.2958736386481;1063.0502388311563;1.006463928038362;0.007039566856590814
b_ps[16];-0.8504278977278945;0.4517593986557222;0.01367415267327613;1074.252880223941;873.0190644831131;1.0060366904317157;0.005470807744882672
b_ps[17];-0.01920387782842854;0.4458961352016366;0.012146590246129957;1349.9706277177536;1448.3000444215436;1.0014695008267094;0.006874945277263606
b_ps[18];0.5880642610581406;0.4765893268077569;0.015239048178742278;982.5455912790654;1037.471407843383;1.0023642819389498;0.005003773440522948
b_ps[19];0.6088965061505155;0.45695254874654073;0.014318125517240526;1021.0201067808529;1316.1722543373573;1.0024301665604742;0.005199711176658139
b_ps[20];0.8537663982838102;0.4546967780126811;0.01618259168237913;802.9176742618197;1830.8254094517522;1.0061847226142842;0.0040889890189906245
b_ps[21];0.8383710604982084;0.46872719128095963;0.015285901130228806;909.1484664698004;1100.5601900629915;1.002765618448679;0.0046299866290089395
b_ps[22];-0.9007030115748368;0.4589529781895769;0.014936150327230042;963.3180778734273;309.70680500645807;1.0068169841480727;0.004905854197120527
b_ps[23];-1.1745922182449553;0.4683518520812159;0.015510041090866362;935.9045187850082;1167.5831854138303;1.0013857888075424;0.0047662461829028144
a_e;0.022997790789334834;0.03228200904847638;0.0021225177682830665;272.1155859804249;114.67010936577012;1.0172508341536246;0.001385792938227598
b_e;-0.0021670010345838254;0.02050347960387902;0.000812648357080251;641.1614437762535;998.1578039902565;1.0076893658295816;0.0032652190716957324
σ;0.9870016153263635;0.0035633921706149803;7.057216221601356e-5;2556.2300833058002;2339.7569214437463;1.0037263764741402;0.013018018005719643
