parameters;mean;std;mcse;ess_bulk;ess_tail;rhat;ess_per_sec
σ_aw;0.05907646038224251;0.017895302889233397;0.0006067318191983335;706.9479585946231;1480.7079411408213;1.0065010068168534;0.0039053135508469706
a_ws[1];0.8817499157782396;0.514036812249423;0.026056096989919435;368.0593004388991;1567.9222749878222;1.016682595698413;0.0020332288339536928
a_ws[2];0.5084679323306206;0.44763048587330884;0.020363610845718447;468.4070660744231;1364.171010956288;1.0139334226719783;0.002587568773929875
a_ws[3];-0.9328441505046123;0.5725001338641746;0.045746981336077616;169.42213331877488;70.31152267269844;1.0468225332492087;0.0009359197448968289
a_ws[4];-0.7154915694510613;0.49622804897706857;0.03396198787384772;230.7923067168736;600.3211243979931;1.0190333748831901;0.0012749401308752744
a_ws[5];1.761441021485943;0.5587729027328384;0.024861618987805492;526.4837471184701;711.1147851126932;1.0073694242330191;0.0029083952884026184
a_ws[6];-0.38434555544922944;0.40603585691995314;0.013734413562991288;826.6137380836324;1435.5041111511619;1.0108934105488216;0.004566369834452523
a_ws[7];-0.6882246791528851;0.5347681274279457;0.03690707302740117;226.15654853582566;623.806960677673;1.0192908409813088;0.0012493313303648574
a_ws[8];0.07950228688989239;0.38915101006411795;0.029356589587383436;181.35118437156135;64.64726680609166;1.0359352607529466;0.0010018180676217496
a_ws[9];0.4114800721820809;0.4998137897645999;0.033154223323217616;242.78407675420857;264.5258763238949;1.0164146380246493;0.0013411849250727764
a_ws[10];-0.4642789043363175;0.5554307823667968;0.01975331100609821;756.783052403534;587.6161911024889;1.009460090223018;0.0041806119865996786
a_ws[11];-0.7510045970497494;0.5836675426484944;0.028391237628721335;452.73430677435863;2088.698634693141;1.0107098554709237;0.0025009895023871986
σ_bw;0.016619002078411004;0.011896696089990472;0.000896648206603732;224.90464147136993;81.39317818536956;1.0104184210713871;0.0012424155601673747
b_ws[1];-0.36348316781936096;0.8634761698324294;0.028169291269809504;930.012319689132;788.5195897110157;1.0116125238712637;0.005137563055923953
b_ws[2];-0.7330741184311858;0.8795001522900415;0.027781686313090255;1002.6042451384674;1383.6547103394487;1.0085440161022587;0.005538574511849132
b_ws[3];-0.09399455189377112;0.8883570291728013;0.020267435410263393;1865.7705066393391;1502.576564696253;1.0049518943081621;0.01030686736380746
b_ws[4];0.3969838200423381;0.8236274856146159;0.019558145536045797;1670.3190304839918;2123.5133224336746;1.003827799846401;0.00922715663109678
b_ws[5];-0.22244543679549925;0.7465679537835228;0.023182029024151816;994.3711296553408;1208.7314517995424;1.0099723083371286;0.0054930932326813404
b_ws[6];0.04350932090285261;0.8096113350272788;0.020342922612296293;1539.2186791581482;1716.1999259170636;1.0143954834135163;0.0085029336210022
b_ws[7];-0.12650613050347428;0.8665839526155417;0.020810411661090364;1686.7004838581624;1641.5244996270656;1.0036959301666486;0.009317650862060958
b_ws[8];0.6119799217089701;0.740913056518213;0.02719316170712802;816.2391546196848;876.442299237328;1.011626278383357;0.004509058683195094
b_ws[9];0.32469600807346605;0.8948768381898728;0.04037179017942536;468.57282981925727;1245.8847957671915;1.0091225716794818;0.002588484484048378
b_ws[10];0.3331579788330218;0.9081361417571976;0.02805107529987142;1062.951813404528;1023.9437754684351;1.009301954307735;0.005871945834652894
b_ws[11];-0.0933079939147367;0.9264871180933789;0.05258652506828153;306.38785629094224;1168.4448210527996;1.0166102578325542;0.0016925441716624141
τ_p;2.0981533161770685;4.55618643358146;1.0876985284111185;13.111906189403227;21.5728372199072;1.5674832123885816;7.243263707940517e-5
λ_p[1];1.126598097502187;1.240390182503867;0.0386202027543745;550.8043933790385;474.47967753526336;1.0269161944095104;0.0030427471148023557
λ_p[2];1.3042428883749717;1.98120014664913;0.08836604536703105;529.5308816539595;491.2309392004393;1.0159870599185932;0.0029252282329610226
λ_p[3];3.1598335296879037;11.385007339079507;0.1959006391065797;730.8086952353236;811.0661054898061;1.0123197691507406;0.004037124749964602
λ_p[4];1.3455108461616212;1.576676839015102;0.04939602784705556;128.4659500369872;129.7313452180217;1.0356923514262928;0.0007096700816552749
λ_p[5];0.885111524164625;1.319298091333398;0.04297906754195975;510.89692826439006;658.6350095682712;1.0126699652848394;0.0028222907680551163
λ_p[6];0.6818846244716263;1.1022242467527508;0.039209737220318196;133.82206571927946;183.01326390282406;1.0316850580557388;0.0007392582725534317
λ_p[7];1.6137847780910457;2.7183613595677825;0.08773076797777497;185.3468914917399;247.25492164269232;1.0285429726460675;0.001023891105632454
λ_p[8];1.444105526753308;3.462157588442836;0.10754580612664352;110.28818047404415;219.0497694650884;1.0387636073170459;0.0006092526620485199
λ_p[9];0.8121904908166709;1.6059654195569475;0.10751028245420662;496.7602822500815;747.305708196274;1.015959808370275;0.002744197275355941
λ_p[10];2.5324028321882315;3.094254057208562;0.11240195885494413;162.81799290042005;621.2887938959783;1.0309530540622576;0.0008994372305137773
λ_p[11];4.399626951006311;10.198899849913124;0.3058938344650293;444.7502092117755;536.5549903470568;1.0099169926855505;0.0024568838450706046
λ_p[12];2.330031434027382;12.204087190431379;0.30693940540047704;167.11203632993218;206.42593251967952;1.0295317348549158;0.0009231583344356788
λ_p[13];0.7467145768144156;1.6394097489979405;0.059272810871150196;174.42062190956136;61.425085054384326;1.026111411867397;0.0009635323364462246
λ_p[14];0.6965220260047984;1.347978988657017;0.029517020250936908;739.7776936670805;1366.5659628904032;1.016432447609426;0.0040866711850129425
λ_p[15];1.731368507205268;2.2169504843532937;0.05771591647195832;470.2744331353575;930.8273996858738;1.008928529101689;0.002597884460960035
λ_p[16];2.3063282328953605;3.479604635830274;0.08439654526336725;429.50481292284155;437.75795693895395;1.016375351667565;0.00237266540721902
λ_p[17];1.679369288434982;2.1608649724448346;0.07146893133306371;237.43747225898358;411.31099680219666;1.039616059293398;0.0013116492757617151
λ_p[18];0.9176658710723102;2.029463329127254;0.04538906406081326;225.72210150864902;275.84547645844947;1.0142845096030917;0.0012469313632361158
λ_p[19];2.5360905195083916;3.2011835730028;0.15994064598210256;98.60379743483601;385.9370127237726;1.0441750711345597;0.0005447059314701919
λ_p[20];0.7533507902760758;1.2197192571534927;0.026259732187668503;571.6653901744666;865.6556011458438;1.0076766202056782;0.003157987186548678
λ_p[21];1.717413483567107;2.8865820749665465;0.09582581816672801;352.3423063909762;473.18962289046584;1.0150883095134673;0.0019464052013401206
λ_p[22];1.3544532692239741;1.8609840453060935;0.049963214950071784;637.2041265604813;853.708023535405;1.003746455527289;0.003520035498877785
λ_p[23];1.8905822340246037;2.8723004430345807;0.08808166790652006;232.0476738753512;621.0342664966498;1.01791473862231;0.0012818750152832257
β_p[1];1.2904324571685224;3.209159817121861;0.738181895313579;15.044131655724621;24.271146931911755;1.429592727920529;8.310661414543633e-5
β_p[2];-1.1740943201451695;2.3272586395476558;0.5722432842071762;14.731149482580275;23.82607738706255;1.4608663784498617;8.137764172661216e-5
β_p[3];-4.087701147656484;8.311445308899007;2.136466943736828;12.336180131072108;20.96920477035708;1.6475649907891594;6.814738036352466e-5
β_p[4];1.8021461933992544;4.213964682847787;1.0167305749676234;13.203213322948367;21.77668546847053;1.5487402817841291;7.293703486652333e-5
β_p[5];-0.4977104223614965;1.0978024930913268;0.2060769718813844;34.70963735465911;37.35879900188606;1.2480355740182454;0.00019174256811718503
β_p[6];-0.14897006512550623;0.7610974989746387;0.041449789596214204;263.56944914618043;71.39972305714436;1.1570250551613346;0.0014560072333840372
β_p[7];2.003280473529905;4.60435403422702;1.115863907081256;13.152767250548242;22.434710302420303;1.5495129066058222;7.265836127006391e-5
β_p[8];1.795137703086823;4.270944808380776;1.0173495991294057;13.421028475523055;22.771649396062788;1.5307866053397017;7.414028675598455e-5
β_p[9];0.15967486241871456;0.9986561598542295;0.10013578903436483;130.05069683296486;44.20865700677434;1.199078486935041;0.0007184245211606893
β_p[10];4.128781220350996;9.022713025094346;2.2587505724444723;12.146306036635185;20.46143785867777;1.6669004484411436;6.709848013693173e-5
β_p[11];6.427020939078409;13.850432054661923;3.4883448985735375;12.057451208675042;20.229903895152738;1.679214516004171;6.66076293473195e-5
β_p[12];2.786470785540671;6.227120217657489;1.537646755417425;12.29256219899284;22.115031360778328;1.6396572248422259;6.790642669906014e-5
β_p[13];-0.22820759560742487;0.8064397985827196;0.05531419878213369;229.58631731405183;63.29799548909745;1.1730818537280023;0.00126827801848106
β_p[14];-0.07007799304163309;0.749726684720708;0.03374359526541705;262.894628008862;65.53595583395749;1.2295696757254924;0.0014522793944392771
β_p[15];-1.9253053448618738;3.844286904995543;0.9801935266990786;12.892540395727286;21.198237218335326;1.587586563063893;7.122081915671392e-5
β_p[16];3.2132937936635373;7.113972550349566;1.7655350228647917;12.216713941959803;20.873344845809232;1.6540950097773526;6.748742665471728e-5
β_p[17];2.1456874378549484;4.9071318943407;1.1974772618158873;12.805658982310586;21.403548656239053;1.5853246511704713;7.074086988038036e-5
β_p[18];0.858474146221979;2.342351155577396;0.506955478356117;19.686133138868414;26.278654060249227;1.2842807717870564;0.00010874990383144331
β_p[19];3.446275883239758;7.681603337310561;1.9060434439198213;12.21796252880082;21.379695563341713;1.653599239102416;6.749432408337571e-5
β_p[20];-0.2913526014289695;0.9024608171526654;0.06667962025847797;120.91559616877221;49.465084489330074;1.2253418172103852;0.000667960506124641
β_p[21];-1.5971055129693563;3.216618316480223;0.8144680263540394;13.159695731392283;21.237756664140964;1.5644197860059168;7.269663550199013e-5
β_p[22];-1.530549538284785;3.0503618377863675;0.7670806064882474;13.769883368961878;20.838000173352366;1.5204883997124703;7.60674268319447e-5
β_p[23];-2.220437267602238;4.465950391184366;1.1450732687539684;12.701846567764068;20.31677443992328;1.6087486958579669;7.016739056787113e-5
σ_ap;0.43231620445371094;0.44614762491976484;0.11121429227521444;12.034591447034513;20.6584649837919;1.6893018822299504;6.648134772245794e-5
σ_bp;0.03729641415391;0.008347303889190763;0.00048296863912494287;237.3201768849191;1462.6827705706482;1.0190495178300605;0.0013110013140437177
b_ps[1];0.07438364083730195;0.6246539289740207;0.0671879120014437;91.39724944472681;37.71128600577594;1.0419856117893296;0.000504895604304737
b_ps[2];1.1901563364659329;0.5725515583968432;0.021827601828771522;684.4145666846568;441.77185648752385;1.009421056721357;0.0037808348537905763
b_ps[3];-0.8854479434775321;0.5491487366424419;0.027512267547903466;410.903560557121;2632.963178014263;1.0177774431890925;0.0022699085889222605
b_ps[4];0.2214901734424821;0.5835532434583788;0.0546779600258295;123.47604292040207;66.62588544199575;1.0276580135495552;0.0006821048957841577
b_ps[5];-0.576869911239025;0.541616699015718;0.018960221377195812;814.6740710799065;2186.607760451124;1.009844945481693;0.004500412867216992
b_ps[6];1.4379759871050775;0.6299467906016031;0.054032172545277736;149.11337657855188;135.23971219066328;1.0228703611530483;0.0008237303511313868
b_ps[7];-0.4205614495687942;0.6057982849551392;0.04443577629152721;216.9784553345851;66.69040804657337;1.0179288542324538;0.0011986298164641796
b_ps[8];0.5629905927086872;0.5820163214447766;0.0383270076241111;225.38099428683344;1408.995697293863;1.0224859772451176;0.0012450470227560947
b_ps[9];1.2078786270293096;0.6179657271841689;0.053281234206536576;165.7253531604644;42.692525449439565;1.042152625712825;0.0009154980356730661
b_ps[10];-0.9806991588573317;0.5444909340361321;0.024073526931153246;512.6261315634735;1752.9248922219397;1.0116913287602787;0.0028318432124663064
b_ps[11];-1.3219871820601496;0.5707881612330872;0.033073760133692405;316.84223861045217;111.45423328864355;1.0260145768840723;0.001750296146813853
b_ps[12];-1.1524115075986183;0.5618890998760763;0.024004180027024265;546.3195362683681;1306.3406250709052;1.0086297284173187;0.003017971920200009
b_ps[13];-0.7726582780692663;0.557374826556974;0.018921755743780227;866.0302567844129;2093.4549128183507;1.0040374676025436;0.004784114100827355
b_ps[14];0.9420294319508469;0.5682984995675106;0.03449527940673462;283.3692527951;836.9334239585032;1.016690818355903;0.0015653850745025715
b_ps[15];0.7038512511256245;0.5312988833508758;0.016640254755518235;937.1455745528724;1943.1243618424564;1.0170450414143002;0.005176968498067658
b_ps[16];0.4387724949953416;0.5622978960251921;0.02601457006995556;436.5922233899029;1004.1222185282845;1.0029033102609546;0.0024118175962888535
b_ps[17];0.38560968632782644;0.529087390496434;0.01779682541557957;776.8044248132121;1925.6454062933783;1.0146608117576679;0.004291213815245605
b_ps[18];-0.8386209611619801;0.5578495051014392;0.019374097792568108;824.4706651335807;2056.950694338698;1.018032792988858;0.004554531096210845
b_ps[19];0.4118396714952399;0.6014394127258159;0.03434884583798586;300.4252346621373;288.63454755984975;1.0255567231872853;0.0016596055277884913
b_ps[20];-1.123772801543434;0.5840423197803017;0.04674941646490595;162.68782219685275;80.22394058661833;1.0175336596532014;0.0008987181430528343
b_ps[21];0.0358832074207813;0.5584944403048825;0.038532050649843226;215.57796728332448;1202.4040938659257;1.0230589729225221;0.0011908932569368556
b_ps[22];-0.10058246098492946;0.6188370623936058;0.06037182899147377;111.71349071994652;39.250700493833705;1.0380183202177062;0.0006171263440498783
b_ps[23];-0.09386626096843298;0.5613906256317401;0.023143705125734198;604.4006155816553;2145.9495023690347;1.008085227732078;0.0033388227315396648
a_e;-0.055152685500968586;0.05546388039534485;0.006678703484835154;102.75497820069215;262.44227343159486;1.0556832387410748;0.0005676378351553533
b_e;0.03023346710663069;0.011912665150787682;0.0004573055839872834;659.8661960366348;1288.065834439854;1.0134722103599936;0.0036452250350232696
σ;0.9750809503945058;0.0035202986239088107;0.00028179439254268594;172.23463928705368;314.2506417038454;1.0293237883731936;0.0009514565570995153
