parameters;mean;std;mcse;ess_bulk;ess_tail;rhat;ess_per_sec
σ_aw;0.05439546097820626;0.01624847617075416;0.00044795214546247404;1337.211360144517;2027.0354427596126;1.0033689086422481;0.034015071971320664
a_ws[1];-1.2627625971732517;0.5683390767839008;0.013310557406169158;1845.8739904846516;2620.303202409401;1.0030140540126935;0.046954085575176864
a_ws[2];-0.17104635009461952;0.46677917059716106;0.011672860794797358;1586.7823219931936;2537.738979187243;1.0017412425857923;0.04036348814714272
a_ws[3];0.593446266431293;0.588172944285808;0.011826807318869;2458.554740994995;2722.1351136525736;1.002402313282496;0.06253904128614227
a_ws[4];-0.9361984868932184;0.5378484732192702;0.012460014350100678;1885.5194922617504;2534.5051047251754;1.0004315077414614;0.04796256085177143
a_ws[5];1.784461799631828;0.5644635626248228;0.014993889786833203;1402.418557968037;1791.531753727643;1.0021355196876154;0.035673768265058005
a_ws[6];-0.44145645406151734;0.4618133949114897;0.011348710939783234;1654.4189525333659;2633.60787446876;1.003411202070934;0.04208398269594235
a_ws[7];0.6810021887235641;0.5715108628852086;0.01140325243216975;2519.4021492191036;2892.070095635891;1.0010094522822122;0.06408683622095922
a_ws[8];-0.23790012108785125;0.37014399709765683;0.011178765173890881;1091.2843396519236;2319.8654659712847;1.0041747446127431;0.02775934789428025
a_ws[9];0.05303761314377807;0.4781979073679139;0.010547340193215836;2046.4249321761608;2686.250301024361;1.000807517298236;0.05205556385966854
a_ws[10];-0.248393293265245;0.6563965041116846;0.012956893333896533;2579.1014768893147;2660.685810180346;1.0007404805097915;0.06560542706446075
a_ws[11];0.23796343290387653;0.6529717585583734;0.012769328849645743;2617.8346957207777;2582.7717380011472;1.003066691541215;0.06659069630872647
σ_bw;0.04091718356730212;0.015601306043396868;0.00043519552425694784;1175.858853889616;1608.7394333001616;1.0035949046561734;0.029910696794295345
b_ws[1];-0.6308378044011881;0.5667748120207505;0.010814432638896507;2898.474989171304;1798.697137107197;1.0012036348494444;0.07372943298438599
b_ws[2];-0.3150944698554392;0.5772766542123597;0.00950251504550315;3698.3709039524447;2531.321692264093;1.0013082532557152;0.09407664055515129
b_ws[3];-0.9264668395073952;0.7902664001943739;0.013376725474831331;3499.006858502761;2783.6941519181305;1.0030738167964979;0.08900535372901204
b_ws[4];0.6769995871090111;0.6025225698932603;0.011215390334835361;2963.72338340317;2592.48055232735;1.0032673957541847;0.07538917720430509
b_ws[5];-1.2519420283464409;0.47111201841936756;0.010732331816598963;2009.5330480561104;2313.759162244919;1.0002636302804844;0.05111713323388809
b_ws[6];-1.1826032446402652;0.6273203702125953;0.011497095425666841;3092.5217679366506;2268.2645127054357;1.0033393342050558;0.07866546280153686
b_ws[7];0.07185990548034647;0.6663766497699352;0.011271777208250913;3537.781473030939;2794.009547650667;0.9999270060382569;0.08999167596882135
b_ws[8];0.18045975864198488;0.4056087027622908;0.010477576111636173;1548.9464302431388;1787.1539884064532;1.0069005667015782;0.03940104449811619
b_ws[9];0.8273051695367035;0.6471705061994943;0.01090301360743561;3576.9999942017334;2617.2332188428572;1.0010554634905848;0.09098929000351602
b_ws[10];-0.167554612506239;0.788057157368851;0.013640935140252445;3382.071690808349;2700.006874174392;1.0010481052108295;0.08603083656317372
b_ws[11];-0.3224775641412508;0.7303535687407434;0.012438345640074459;3450.945666796867;2899.728909133801;1.00214015630919;0.08778280586288656
σ_ap;0.20769864864437046;0.032300004211482644;0.001468862148635425;458.6251018309769;892.463080467959;1.008525718616992;0.01166619302796604
a_ps[1];-0.2996098528395297;0.14241654536736817;0.0037599685056411048;1460.9615186455776;1808.526260388376;1.0007399615084158;0.03716294423245745
a_ps[2];-0.640915544149441;0.16899676734664204;0.005553522630221395;939.4353640000949;1538.0167869633767;1.0029358988606487;0.023896717057065364
a_ps[3];-0.4593992928811271;0.15288849980483032;0.0049808771297259686;963.3756485812361;1637.3205897568098;1.0018111141004462;0.02450569371349566
a_ps[4];-0.18256907066352637;0.1413734544376568;0.0034375419660934684;1704.7115364881693;2052.8782641310854;1.0009507077689155;0.043363291198572365
a_ps[5];-0.3644575466356492;0.14918038320675134;0.003996957071624526;1423.9817065147415;1718.743410732317;1.0011301585042272;0.036222276953815455
a_ps[6];1.0378304819174469;0.20773126772638298;0.0074073923675363525;798.7119763613001;1677.1491579685369;1.005242894055852;0.02031709135147433
a_ps[7];-1.3466998270952504;0.23826344863011295;0.010066379049273901;563.0911788076697;1169.4061251468484;1.0050799145508216;0.01432352995527101
a_ps[8];0.49233700833796296;0.15588560235248514;0.004099992864193846;1475.478856606718;2095.1107539662376;1.0027885674985175;0.037532226389562974
a_ps[9];0.9815652097816082;0.2018425427705672;0.0071188443110882065;819.1910302049907;1429.1422751515695;1.004538871954613;0.020838023577418333
a_ps[10];0.3057450224212879;0.14604602747876683;0.003479684543402287;1830.4943840396543;1962.904514676582;1.0031834771472659;0.046562869619562616
a_ps[11];1.8993819455633925;0.30910151971280997;0.013172908553628305;557.727899558985;1151.0561573682028;1.0083591981584556;0.014187102510004178
a_ps[12];2.158484860898677;0.34598764452655145;0.01492578635636189;542.0253236129872;1158.759969219711;1.0073923697690264;0.01378767107615776
a_ps[13];0.13754281794604836;0.14432660400308528;0.0033092723775074383;1908.4845890573497;2367.5925193870944;1.0042248424948323;0.048546731345392
a_ps[14];1.3484931400909719;0.24820673184112488;0.00968090261604717;667.6281468478677;1200.4361279221955;1.0056263273462673;0.016982670161174353
a_ps[15];-0.5651256723869484;0.15887130960965518;0.005013727348615768;1002.2753769715551;2028.3794896510358;1.0027347725205418;0.02549519851453065
a_ps[16];-0.32662935636614104;0.14771952808549696;0.004003703534728761;1395.2731757411057;2093.111549432184;1.0025063064214217;0.03549200889779882
a_ps[17];-0.9103761539343834;0.19203839286656293;0.00723566421716601;708.4499816284789;1529.2148014132772;1.002999227134836;0.018021068195658435
a_ps[18];-0.015030865534153271;0.13852658261558298;0.0031283793702497975;1966.4711733658698;1959.9401085610405;1.0049886475042624;0.05002175458959492
a_ps[19];0.21589021715287968;0.1417430089010213;0.0032900844371008034;1870.691158223743;2208.4034645179227;1.002614152106343;0.047585367788243245
a_ps[20];-0.3299918440116444;0.14961559863037122;0.003898339451674169;1468.866598728243;1962.4840203357226;1.0031518279226;0.03736402827643525
a_ps[21];-1.4187672744791735;0.24677406708101912;0.010692016849719209;538.4216749299524;1238.6351637793312;1.0056784539074408;0.013696003914954808
a_ps[22];-1.272480352013006;0.22796475475769537;0.009567289252264176;567.7614988781658;1263.1038004401162;1.006272844367297;0.014442330376851229
a_ps[23];-0.7599158699581527;0.17909288921048253;0.006411019226279728;785.9012609841151;1780.4269809728094;1.0030448621333816;0.019991221097491477
σ_bp;0.0613176208365418;0.011596158211836826;0.00037659685766319257;937.9177194704681;1706.992294713269;1.002107685344835;0.023858112248999305
b_ps[1];-1.420507758679516;0.423198070830981;0.008142352532127138;2744.739045768379;3227.3890005901085;1.0013933702656486;0.06981880274649732
b_ps[2];-0.7784896516917497;0.401926572084821;0.006878196855671865;3394.8573241549147;2943.8613401031284;1.0014073650430073;0.08635606879754193
b_ps[3];-0.06705080417069942;0.3803573392065123;0.006315187554888955;3632.472858047078;3063.273687219367;1.0021857964703256;0.09240037093835847
b_ps[4];-0.12780204023461872;0.3823310828692013;0.006785387338737343;3158.341758215352;3023.1229456830292;1.0021699648752154;0.0803397468924525
b_ps[5];-0.768938929133993;0.40240355820123647;0.00670754124745368;3561.857706822208;2802.8722818020315;1.0024231374975778;0.0906041108086808
b_ps[6];-1.357008197679248;0.4283414892363555;0.007950494195127196;2937.8238620366096;2687.9170486939815;1.0003728923998256;0.07473036281671934
b_ps[7];-0.7558954466212474;0.3994602425574805;0.006303628496203643;4043.990633441622;2826.782062129221;1.000653993604139;0.1028682798753648
b_ps[8];0.8262723119381149;0.41213564842930805;0.008902833071155547;2181.478079002007;2527.5940175638616;1.0053136764217758;0.05549095384075426
b_ps[9];-0.477668195045374;0.39075100609554153;0.006405414467216768;3695.003730300026;2997.369910953059;1.0012921640171024;0.09399098868474347
b_ps[10];0.5328131922369704;0.39763086545660264;0.007395244287584799;2956.7897619771416;2679.1824469763915;1.0019119230790452;0.07521280446409537
b_ps[11];1.1420740155957019;0.4388162785515306;0.00969028330414563;2076.2293236017595;2227.309863652198;1.0024068557174668;0.05281370767269566
b_ps[12];1.2312161512130793;0.434807866009069;0.009591034234259176;2060.3206452418513;2545.2891250763596;1.0016480020273448;0.05240903354599486
b_ps[13];0.516145478902981;0.41110700174943804;0.007309293180825063;3173.9813769151515;2515.2049541347287;1.0023018969446316;0.08073757686274247
b_ps[14];1.2447908831924515;0.4436826459432869;0.008971984902235663;2539.3437263229375;2313.847670413777;1.0010557166314993;0.06459409647960318
b_ps[15];0.10901553531470029;0.40667292535461935;0.007354632565441244;3080.996823524587;2674.551599040968;1.0030066229364885;0.07837229911378636
b_ps[16];-1.358594927788842;0.4166528180102937;0.008730839504825928;2309.341117662469;2561.4682352253135;1.00217314769328;0.058743446746615705
b_ps[17];-1.1531539911199948;0.4033752891145891;0.007507045062627252;2903.6838121632054;2261.921028742001;1.0006146733614258;0.07386193147657368
b_ps[18];-0.46804763853318204;0.41032394665380423;0.007086834639578348;3336.2513139487423;2093.512508059426;1.0031806726446115;0.08486528901916832
b_ps[19];0.8533093024238335;0.4270134946750243;0.008027833252382089;2917.3018124833075;2670.6541876988053;1.0013030286070848;0.07420833689519327
b_ps[20];-0.17317634885525457;0.3935024669728486;0.006738856867987525;3412.642065110011;2784.9189243489454;1.0011832058853933;0.08680846492698664
b_ps[21];-1.0806047349969587;0.4152221572159765;0.007465409400141372;3139.1446610410394;2959.021677723718;1.000947037531051;0.0798514242072832
b_ps[22];-0.9897412672161995;0.4141168819766952;0.007505146648191946;3077.0603707376395;2296.548188875974;1.0023307701616997;0.07827216630841949
b_ps[23];-0.4105965641201014;0.3935304675720765;0.006884800916388931;3225.415820347571;3082.3947641593636;1.0020003820193222;0.08204593120918587
σ;0.9731790656626521;0.0034528967652578454;4.2669787149632606e-5;6562.477511208956;2712.3459930639387;1.0012279030669806;0.16693183404441125
