parameters;mean;std;mcse;ess_bulk;ess_tail;rhat;ess_per_sec
σ_aw;0.031090410567389783;0.010976743547608208;0.00028918674049372036;1467.644619640045;2020.2517225874299;1.0021808363767406;0.03314822492406123
a_ws[1];0.3518297081161725;0.6720897239066116;0.013905369573646291;2341.3055678939436;2349.578309514519;1.001046534686601;0.05288073321151822
a_ws[2];-0.8281494830702553;0.6301214678529914;0.013332563672982255;2200.438105932065;2144.0175850262212;1.0005823360441275;0.04969910037540341
a_ws[3];-0.0587246736591802;0.7134522403268121;0.013851593729883675;2648.953581044183;2649.4732026725455;1.001666373268022;0.05982927197960627
a_ws[4];0.5790633790799016;0.6306735336140749;0.01286309789594594;2404.674068221954;2579.03579234714;1.00077924548103;0.05431197431298358
a_ws[5];1.570649596268792;0.6111053695274611;0.014985867264316137;1640.3221582155852;2044.9983288397066;1.0010302126009234;0.03704832022740457
a_ws[6];-1.1461156648631388;0.6034159516351449;0.013627210984307412;1952.9977645121132;2509.3642873770386;1.001036076300669;0.04411041222643807
a_ws[7];-0.13820506805502858;0.6944812899810197;0.012107749460239228;3287.1744920440483;2683.4840995763;1.0002672852330246;0.07424413101697425
a_ws[8];0.10428427771662027;0.475807208328088;0.012997615371549951;1337.2431231840226;1966.8500216088637;1.0012904837090224;0.030202976410140633
a_ws[9];-0.27832060930598923;0.6696717476538822;0.01300971581481399;2655.002151457284;2675.927244026951;1.0031028625645675;0.05996588500556596
a_ws[10];-0.039375486987402834;0.774349827177197;0.01487700625532302;2722.4742586699053;3026.0293728437587;1.001106900291939;0.061489810182038786
a_ws[11];-0.3738637306536799;0.7830062690126048;0.013946838582792857;3171.540840870653;2977.7509417731862;1.0006871999138958;0.07163242909227653
σ_bw;0.022080803750112763;0.012285893851964602;0.00045279832064074586;664.458739708127;899.7516302621688;1.0069704050146224;0.015007466699946247
b_ws[1];0.28341572281015304;0.7495086049173155;0.01514060839032699;2451.2793556566494;2530.43610874079;1.003249620511885;0.055364601447551565
b_ws[2];0.10610370434267691;0.7990825467713107;0.013294258178287385;3682.972133983854;2383.988875733434;1.0015582652640127;0.08318361751381538
b_ws[3];-0.22456173196896928;0.8569523795145602;0.013661958857500706;3939.111185186093;3243.585711316455;0.9995957793388959;0.08896877474293387
b_ws[4];0.137752451024555;0.7687683750868282;0.01569395313340119;2425.9390095190643;2631.4939352434817;1.0004646932295664;0.05479226432848233
b_ws[5];1.2733341485164495;0.6312865220069873;0.01341557555065824;2354.469914593901;1789.997350488141;1.0009752471942164;0.05317806317787993
b_ws[6];-0.02604838067549851;0.8111405225136192;0.015657068287059806;2694.076617703192;2637.199343037531;1.0013669745647509;0.06084842099457444
b_ws[7];-0.08952420343188061;0.806152148447273;0.013941711042067324;3340.5681738794547;2886.932724783012;0.999870741343989;0.07545008084387302
b_ws[8];0.3603334357410697;0.5931212313256866;0.01344730599502877;2006.9478994344245;2057.6817231084046;1.0018610636290464;0.045328930104101696
b_ws[9];0.6788989610850283;0.8146301130785164;0.015023798443264446;2991.4336305289758;2376.1695660659557;1.0018813483886662;0.06756452720447799
b_ws[10];0.7845840745646109;0.9065886383200226;0.01846169554275947;2449.4597448642767;2815.699411280876;1.0015733569868435;0.05532350371380004
b_ws[11];-0.2350128264005728;0.8382442079111622;0.0139963789037799;3629.3279359187586;2856.440499077615;1.0005654729717335;0.08197200952674778
σ_ap;0.23908671638579163;0.03785565939469571;0.0019168185829120492;391.352154555598;821.4047194865032;1.0126014069399651;0.008839080708044029
a_ps[1];0.5475540538455067;0.13652151128736076;0.005013043215269979;739.9093849379668;1657.788119221767;1.004094609072861;0.016711595155346905
a_ps[2];0.5084411629705519;0.13438476913910022;0.004990873317472891;730.9762309728101;1861.808974499475;1.004973211862944;0.016509830918313206
a_ps[3];0.9931310258340125;0.18289026967561633;0.008099395501819703;504.0847076467887;1244.22503842947;1.0106311091751905;0.011385258424449905
a_ps[4];0.4878764297537546;0.1349050120092027;0.004726543288305212;830.8787510638632;1647.9929678558572;1.0066995572399973;0.018766229478388994
a_ps[5];0.5447487646040227;0.13135889600800058;0.0048413162921873;731.8000686367341;1549.304333864012;1.0044499103035955;0.016528438117780448
a_ps[6];0.2814570621701256;0.12115848923739228;0.0030736976596193056;1583.1692570247565;1856.8633708742602;1.0023507270054623;0.03575746466306442
a_ps[7];0.862616945622518;0.17072186472087822;0.007355321688875699;539.6136259245101;1083.277201091831;1.0079788218147252;0.01218771465848519
a_ps[8];-1.9492562480901123;0.30561047086969445;0.014313932437660059;451.4154231033146;913.7957560125357;1.0107889289531045;0.010195669836536397
a_ps[9];-0.016246327591087052;0.11125470645289169;0.0022656679615802216;2405.8425305469573;2235.02438163873;1.002332839982418;0.054338365205878356
a_ps[10];0.10064801998357592;0.11267741287370438;0.0023284235211508534;2374.8459671506357;2381.573441689035;1.0010115509549815;0.05363827675014157
a_ps[11];-0.5561984380318862;0.13531084135823046;0.004456143426056488;931.5731538649661;2011.1127836233052;1.0065868962004518;0.02104051350326664
a_ps[12];-1.9618993574965187;0.31000794598209186;0.014325431243163468;466.926070691113;1175.5554472476729;1.0103016544937475;0.010545993360418008
a_ps[13];-0.7375827024025421;0.15767687477433365;0.005894872763630153;719.8108378829678;1499.7347929008556;1.0074410418023607;0.01625764932301773
a_ps[14];-2.242647999164165;0.3477126397395953;0.016447483521821023;442.1315832677307;1075.6798107998243;1.0129199360230754;0.009985985007586204
a_ps[15];0.31268571312437826;0.11974749587591964;0.003308054748429833;1341.8283135504068;1649.0559170549477;1.000739700090955;0.030306537530830614
a_ps[16];0.6829936363312227;0.15053632722619417;0.005998112632124506;632.9517461555986;1287.8822293347996;1.0057027980349391;0.014295849667468514
a_ps[17];0.5481946793949758;0.13747045787341242;0.0051498841779891264;705.9645316261613;1428.5088747917457;1.0062991156301377;0.01594491661645786
a_ps[18];0.08945742879857789;0.11336770677915595;0.002560154318287309;1963.1060309225838;2233.8281987773603;1.0006209865263485;0.04433871755599993
a_ps[19];-1.574857800315366;0.25781665295643763;0.011719143843978768;480.94532566145364;1160.4937196299784;1.010618279153377;0.010862632287039488
a_ps[20];0.16105607625024437;0.11207278356822471;0.0025361884325921244;2005.4446519915748;2161.237924449536;1.0012155300597039;0.04529497775372663
a_ps[21];1.1118436243555438;0.19956761987038496;0.009036180921976023;484.74387664578876;1127.4617976479706;1.010210835574069;0.010948426368746501
a_ps[22];0.6838333707164431;0.14729236236656273;0.006053559749765868;590.9170460432554;1280.797754187319;1.0084164078002857;0.013346453829202739
a_ps[23];0.0991518942658089;0.11070069699172198;0.0024294299937441745;2127.5976519011274;1972.9907929938074;1.000736999720045;0.04805392570472568
σ_bp;0.05348304779309611;0.010570338425982357;0.00032842316700189674;1008.9685269563364;2013.398120761658;1.0047390052313645;0.022788565586845017
b_ps[1];1.2049008084661155;0.4409926633032063;0.0078777704377587;3125.195399798087;2340.8042214064208;1.0015691801409865;0.07058567084827123
b_ps[2];1.3791567976898493;0.442634389877708;0.008350200887610843;2849.1526500728505;2646.9078320956114;1.00067209164946;0.06435096863623799
b_ps[3];-1.730105674124421;0.5046003335045577;0.012900297249125982;1583.5137016056688;2301.008066810155;1.0017300513717449;0.03576524428920086
b_ps[4];1.1162240567133872;0.46251854533524617;0.008239082893375913;3178.9996036968682;2410.8745736284486;1.0007755417817026;0.07180089272748494
b_ps[5];0.6618275687374159;0.42980024173742787;0.008268795003764352;2698.5851848183133;2537.9398063970116;1.000722538647781;0.06095025150232632
b_ps[6];-1.2215147687143781;0.4969841364839439;0.012395130821496507;1679.627845660832;2012.1262938444127;1.00069843081012;0.03793607857897979
b_ps[7];0.5547840054294103;0.43944433622527135;0.007435828647615966;3561.594406115933;2391.0007832417864;1.002050440917983;0.08044217985902118
b_ps[8];0.135474360293859;0.4339280076353211;0.009748679456454223;2070.732918872879;2025.0879405664973;1.0018894036570005;0.046769578707201595
b_ps[9];0.7534278555021976;0.4306803738295025;0.008002251154056677;2933.11266276536;2456.9663795052893;1.0016018643099862;0.06624728968570358
b_ps[10];0.41566787357274193;0.43629696771228904;0.008010378951431583;2979.457065535388;2545.397317333247;1.0022773165750587;0.06729402447860526
b_ps[11];0.023916386987845917;0.43908645866650897;0.008230974632380574;2931.4421170265164;2309.7328171122767;0.9996295729990423;0.06620955873561112
b_ps[12];1.281396720216716;0.4566382841553205;0.00875117488191497;2804.6305008926142;2258.1823300250844;1.0013303122490032;0.06334539126731673
b_ps[13];0.3285847285405074;0.4526726654569594;0.008509899138805862;2888.5458774440053;2134.7314283381834;1.0014206352333452;0.0652407041647912
b_ps[14];0.2571527639652142;0.435917082114563;0.008701615332395721;2531.6173751018105;2184.2491210732724;1.0004718762882105;0.057179116148784175
b_ps[15];-0.5196457056474492;0.4675603502252045;0.010209984529612783;2207.638520238242;1849.493936804166;1.0017487757796248;0.04986172895031423
b_ps[16];0.6871101913568348;0.41357309512758517;0.007838353602647785;2826.088586617007;2508.9751883905924;1.0007190055095376;0.06383004364331658
b_ps[17];-0.4903556074341363;0.4423715009225506;0.009716165329210387;2128.054557188123;2236.3970870902344;1.003001727727784;0.048064245368641345
b_ps[18];0.18513242552642611;0.4533675051420521;0.009605162153898035;2350.071859583179;1620.7763495771853;1.0023121731478277;0.05307872869678493
b_ps[19];0.37277025378670753;0.4262394411246674;0.0075744698289729505;3181.440313618241;2386.2447909919774;1.0018969496777657;0.07185601860766422
b_ps[20];0.017714354089421454;0.44368565738486265;0.008399058337925336;2815.907783374741;2353.8282481656533;1.0007185280411481;0.0636000999966966
b_ps[21];1.1751863071710011;0.44292532558176456;0.008442823109065977;2767.260552747379;2780.130054938015;1.0009136057324697;0.06250135352824704
b_ps[22];1.529976569395465;0.457854055907607;0.008834675720763692;2713.962686675267;2449.6573830799043;1.0025647442289485;0.06129756779640948
b_ps[23];-0.18528958054834005;0.43078486956008327;0.008373594302606615;2719.4783492021684;2287.7466499371835;1.0003258844296339;0.06142214456356432
σ;0.9695513144968543;0.0034364539115014077;3.868312621491551e-5;7938.643975256168;2514.5768910226607;1.0009048921313117;0.1793022319997165
