parameters;mean;std;mcse;ess_bulk;ess_tail;rhat;ess_per_sec
σ_aw;0.04370189254958305;0.014106246956562693;0.00041136859459148673;1195.184325852315;2213.0477427140113;1.0031388030537247;0.02320933245383817
a_ws[1];0.6478190603515351;0.5694046618327857;0.011225075980473948;2561.9090482612855;2496.581288494477;1.0010450510586733;0.04974981476199481
a_ws[2];0.7498596841770026;0.5429753948684559;0.01255211620512668;1968.8701695730915;2303.865737666813;1.0024532625581002;0.038233568944672676
a_ws[3];0.4265933249652709;0.5992651928544854;0.011514157604303433;2725.20063575671;2574.428342283438;0.9998519242222504;0.0529207806616636
a_ws[4];-0.11690257861020337;0.5394613958405725;0.01128627099262406;2262.1922317350522;2518.6300731527162;1.0017271371400072;0.043929601857342876
a_ws[5];-1.736184913161929;0.5938833585739114;0.015780665307796312;1340.0087688200385;1702.6751873287;1.0007483552642802;0.026021684131796143
a_ws[6];-0.13964911748575504;0.48196658666538156;0.010691485072103648;2016.318039350527;2817.1240628217924;1.0007116336214918;0.03915496103463805
a_ws[7];-0.4459765576872256;0.6011270275131082;0.01153539199295974;2730.4145581170214;2748.076612071701;1.000121343058121;0.05302203002950706
a_ws[8];0.47733624434206434;0.422908585163526;0.010913253892425936;1487.5242231611255;2297.0877924344727;1.0017339772205491;0.028886292667755418
a_ws[9];1.1152542852119363;0.5685309200600481;0.01216660561189063;2205.7567512681358;2210.500689686906;1.001605711054355;0.04283367899421908
a_ws[10];-0.6012238439981494;0.6965313812161643;0.01100879691863147;3941.698738889727;2871.367073957833;1.001006435719203;0.07654400621303892
a_ws[11];-0.20210991688725785;0.6763953187447079;0.012097540383844594;3129.746292102889;2690.188611066584;1.0002533510646456;0.060776669019468946
σ_bw;0.022611314660753886;0.01118666290410292;0.00030367397722588275;1266.3397116504696;1379.754233682186;1.0046687077582683;0.02459110175012875
b_ws[1];0.12871230472092057;0.7252599804937977;0.010864406711609733;4449.244985720111;2938.9524201046343;1.0036623604100627;0.08640006717667624
b_ws[2];0.5901039229631705;0.779470698745825;0.01164928080803435;4461.968776006385;2451.250909746679;0.9998922644808989;0.08664715097156828
b_ws[3];0.16919954021178216;0.8878888460914577;0.012241982721607694;5281.730050144793;2472.341692933741;1.0006227995140893;0.10256612809728675
b_ws[4];-0.07395712404762342;0.7553317025884625;0.011641301893768573;4192.173770754009;2324.7351926438955;1.0008545967696456;0.08140799092249215
b_ws[5];-1.2159957885175159;0.6254256393916372;0.012711030017456947;2495.0029219862317;2635.896125131854;1.0026605981402192;0.04845056200714562
b_ws[6];0.320103384102804;0.790935781405318;0.012213751961827484;4205.14279920285;2802.3025924304206;1.0022707996809124;0.0816598370071183
b_ws[7];-0.381199151596831;0.8111317114150453;0.012297391942987209;4388.6039186647695;2696.9623785484337;1.0008620141768136;0.0852224758585846
b_ws[8];0.10656241314982672;0.5545671855391896;0.01029918557801461;2922.3787522870475;2485.9233398631814;1.001524015812855;0.056749790430437735
b_ws[9];0.95835731922865;0.8296500075849232;0.012661958118882908;4395.64315538777;2553.1427781857683;1.0025444836585018;0.08535917107938987
b_ws[10];0.36552339464821454;0.9248252404473507;0.013221335304830842;4918.078576783504;2901.7947946139484;1.001372141110768;0.09550436552225351
b_ws[11];0.18210415785301975;0.8517877955170476;0.011684566270884827;5316.512772734405;2852.229538752348;1.0001221112875285;0.10324157518504559
σ_ap;0.23760380928840136;0.03626164913154343;0.0014011500240330695;650.0363230568848;1130.9883968748768;1.00453863334048;0.012623081480037776
a_ps[1];-0.42315742109960747;0.12884915233809588;0.0036833394235324547;1288.6689435686367;1430.9780934620564;1.0024784108648896;0.025024714002078275
a_ps[2];-0.9303920130660974;0.17248034822801223;0.005934960539874639;847.4381012877066;1329.2345466595111;1.0033497360520867;0.01645643454436177
a_ps[3];-0.5668211808727778;0.14241042983397628;0.004142761638142191;1205.587373643561;1805.3946816247394;1.0012567326442952;0.023411349656957042
a_ps[4];-0.5682495088224272;0.1431557257404905;0.004095149547585146;1238.1760844556893;1897.7471055524557;1.0019753975009469;0.02404419114183955
a_ps[5];-0.5494587637013795;0.1397264304559997;0.004034626776268911;1213.6794030468445;1696.4217633041703;1.0027783217149857;0.02356848910112864
a_ps[6];-0.6584469614165485;0.15028107066825724;0.00462537336428881;1066.2865495950023;1687.9157616738953;1.002716639019566;0.020706261356764493
a_ps[7];-0.3005700890667539;0.12597978250321817;0.00292685131824547;1878.1168209370016;1778.0806205151684;1.0025774975007362;0.03647122602046137
a_ps[8];1.3464159203768826;0.2256618194151723;0.007795237515917373;843.6578730337849;1448.9567684774454;1.0028365683201157;0.016383026139985237
a_ps[9];0.1738035243552763;0.12187602360715108;0.00260930549754661;2198.4191445465003;2188.1724896415353;1.0021374848893794;0.04269118971441991
a_ps[10];-0.11564330816260679;0.11714741763724312;0.002666337650319239;1947.6139616049143;2276.324225243031;1.001117232226859;0.037820793787928936
a_ps[11];0.9834352812036988;0.18731431166477924;0.00606396097808481;955.520093899569;1717.4466839030179;1.0024199324394494;0.018555283102313795
a_ps[12];1.7243145581760428;0.27509310910062856;0.009722066436179804;801.2934041014753;1378.344816625684;1.002780405695994;0.015560348815314757
a_ps[13];-0.34979791784091474;0.12772793629023457;0.0031190869100412343;1708.4006268877508;1674.1846692866125;1.0012286337475371;0.033175500427942255
a_ps[14];1.0159886846803114;0.1907869330080727;0.006479351356391674;863.0265962239927;1727.0332766724487;1.0026970125015269;0.016759148153974435
a_ps[15];-0.46352688415575627;0.1312699802941274;0.0038358275710870357;1206.3620752416132;1586.211153194499;1.0021006775509294;0.023426393618422057
a_ps[16];-0.06224859469483924;0.11769613366992433;0.0025629164650368386;2112.1037835944935;2435.5697685349724;1.0009813004705608;0.041015028251392395
a_ps[17];-1.5121251036023304;0.24687799755465198;0.009164530586187134;728.2873316681993;1364.7150235096367;1.0050559574438584;0.014142640960884387
a_ps[18];-0.27183490706450797;0.12317604044261127;0.003229649790132706;1538.1509206240041;2258.455921597824;1.001894518897589;0.029869414540289935
a_ps[19];2.8321898987978225;0.425274012775175;0.01601883727095027;708.3596856675003;1213.2352784992588;1.0034769499023364;0.013755665202377185
a_ps[20];0.3815737887189381;0.13232856971932216;0.0031391808970268704;1839.2630043505142;2286.8195709582055;0.999922155753206;0.03571672219477476
a_ps[21];-0.4486296444466014;0.13139609725497362;0.0036010385661377803;1383.8236449235178;1859.5458448678862;1.0012748752099803;0.026872526971610154
a_ps[22];-1.0669731154369684;0.19325710840391216;0.006926586732017438;779.7928914467126;1476.493630738415;1.003542574721316;0.015142829496044497
a_ps[23];0.22185192963442493;0.12415671541912128;0.0025670475366251578;2357.0716617927446;2346.811648842243;1.0004032236855276;0.0457720693224925
σ_bp;0.04304924834098585;0.008835993395772753;0.00024248336272012947;1370.8165622985766;1755.0369270334024;1.0009208809372026;0.026619941911409067
b_ps[1];0.44028371863726823;0.502100278889343;0.006705518447053643;5608.5355762395475;2810.036524129276;1.0001043225486979;0.10891237774164655
b_ps[2];1.1062034987969713;0.5214884647642516;0.0076857127945549105;4686.904301001706;2740.0749190222364;1.0014874028050904;0.09101518297079324
b_ps[3];1.1557235281894196;0.5054668064873785;0.007251045345156726;4884.182835709815;2600.6221779538214;1.0005639000447215;0.09484614276419695
b_ps[4];-0.533471815003654;0.5111735087950969;0.00782539586453389;4263.814677228593;2199.183570252558;1.00224003487145;0.08279918856430962
b_ps[5];-0.4318451140279508;0.513639167131807;0.007404871786550708;4826.805861957822;2639.5411169387576;1.0001858703738313;0.09373193700513507
b_ps[6];-0.9719634464244878;0.5277986699758843;0.008417389824786988;3925.1491769755758;2724.8974288744053;1.000723674955191;0.07622262960516131
b_ps[7];0.7152763493908726;0.49747370613881897;0.007245909695646886;4748.515757965587;2936.889683873722;1.0004505206950425;0.09221161832951526
b_ps[8];-0.8695878356871491;0.5114352501295459;0.007637998713003078;4540.573291165209;2875.476847412293;1.0027342854985308;0.08817357521026711
b_ps[9];-1.3561206542435489;0.5227920172541708;0.008987403350960328;3462.332122809378;2515.91872332613;1.0001342755102836;0.06723516663137342
b_ps[10];-0.13621281610859404;0.5038914320705172;0.008247034867982738;3933.839396195887;2550.9273628158735;1.0020876702283863;0.07639138532142883
b_ps[11];-0.03871003720535472;0.5139833051567175;0.00738383095613277;4816.515591045295;2674.6018558873475;1.0025877505032028;0.09353210982075613
b_ps[12];-1.6222743634319536;0.5316073453461312;0.008750730412291408;3696.996348561492;2779.07797568696;1.0008372340442417;0.07179212066155566
b_ps[13];0.3212508192711829;0.49730956475620053;0.00672567343598822;5380.752124789677;2675.9822479825075;1.000758513197614;0.10448904174415287
b_ps[14];-0.8442440863053483;0.5084286938863245;0.008167612219551973;3883.279710070572;2904.792977120363;1.0004508692680192;0.07540956474475141
b_ps[15];0.8925049098132218;0.5095940788114477;0.006971918584170995;5242.247227627675;2857.7237747988056;1.0025915750583274;0.10179940958015578
b_ps[16];0.3712215604569127;0.4979190555658602;0.007088948611958369;4935.711763289883;2777.6763880279645;1.0000777319587228;0.09584678507963452
b_ps[17];1.5982874460602265;0.5324056513552772;0.008026285168884737;4440.538459478655;3019.1113232084963;1.0017305062214326;0.08623099479370978
b_ps[18];0.4877313825018307;0.5010120869553003;0.007265669859572652;4769.49444313335;2628.6636168540563;1.000898375293221;0.09261900425984512
b_ps[19];-0.3012550480226262;0.5267874662437715;0.007553924396051958;4872.256845294554;2317.5704138885653;1.0015902732896902;0.09461455147706083
b_ps[20];0.6247549207286284;0.5021683423317462;0.008124219541493057;3839.41195653228;2380.209146269784;1.0049066806610225;0.07455769507590582
b_ps[21];0.8568718482991572;0.5157917827580666;0.007262520904235206;5070.249269686608;2767.678797497487;1.000718171251487;0.0984593743229257
b_ps[22];0.5167953574662837;0.5140608380993675;0.007129923509001719;5214.972624372457;2713.9347226006;1.001467050210155;0.10126976296347558
b_ps[23];-0.037174701423751726;0.4941122146652529;0.007359031897206411;4510.350194909866;2998.4424923822926;1.000174784901501;0.08758667168952827
σ;0.9733262767038174;0.0035276200604463714;4.8884657023151544e-5;5190.104865119706;2811.9068236718026;0.999732941768549;0.10078685494720159
