parameters;mean;std;mcse;ess_bulk;ess_tail;rhat;ess_per_sec
σ_aw;0.05984704822050825;0.01695721020893427;0.0004749223572935435;1295.7925222383676;1761.9963505245444;1.0027394529927556;0.0352843864229093
a_ws[1];-0.34083885161237415;0.512226840857298;0.013273214345920518;1483.723182662266;2182.6754524874323;1.00448631204705;0.04040173193101184
a_ws[2];-0.5543386081033775;0.4390179023569677;0.013527639073251253;1039.516373803741;2181.587844096111;1.0052506658932463;0.028305995594783497
a_ws[3];-0.18392249022883084;0.5306937054280294;0.011864840249370132;1992.9083614998601;3016.3019989380205;1.0021142280099387;0.05426682707748535
a_ws[4];1.069601907983882;0.516948376874515;0.013812454817191977;1340.350784695256;2640.523793188299;1.0026702862262629;0.036497706398044207
a_ws[5];-2.014861759884613;0.5704818934003643;0.016672481126631295;1132.4742724459784;1924.5554506499618;1.0064358924165033;0.03083723602136698
a_ws[6];0.32973817817846107;0.42582372067869756;0.013075690007157224;1049.2882496880088;1983.2301227926062;1.0044657724035022;0.028572083443617204
a_ws[7];-0.481707485983368;0.5550933400195287;0.013661825903685582;1647.1462265999012;2384.0997653858562;1.0030276623178258;0.04485173587357424
a_ws[8];0.8028281948136641;0.39911845480320696;0.014505243720562076;710.2520127234302;1001.5795041086118;1.0069461427743354;0.019340138212321417
a_ws[9];0.41097040797322587;0.4651466737395137;0.013195397017331618;1238.8722953643507;1916.0442010885215;1.0018663544354875;0.0337344505760554
a_ws[10];0.33598482663786583;0.6264604006984293;0.013396755202410479;2201.7830628249944;2395.6615145690807;1.0027496446213402;0.05995447810883622
a_ws[11];0.18331217673722097;0.6352316658503284;0.01454062252466276;1899.090823153568;2685.4273862001496;1.0025084629472476;0.05171217869092232
σ_bw;0.04321518455940213;0.012440905450500705;0.00028795441763096355;1836.8424386662864;2725.0029477285434;1.000063884543308;0.05001715729300825
b_ws[1];-0.27935576638731474;0.5153578494361104;0.010064794860308583;2632.13996891035;2776.628692431778;1.0007381873723673;0.07167308206238646
b_ws[2];-0.9200214399555399;0.557560387214787;0.011041108996006061;2565.881167550823;2590.1565732306767;1.0011621895346523;0.06986885714908798
b_ws[3];0.13314897444626722;0.7564282763997288;0.013814542524790098;2996.150957036597;2539.280072378066;1.001493344396403;0.0815850889205869
b_ws[4];-0.45875077162962496;0.5662023909262163;0.010197950150573384;3081.6512089340895;3004.2033013099153;1.0016894026546843;0.08391325787929946
b_ws[5];2.095137211328133;0.5857510623194054;0.01377894624824982;1810.6922932830748;2394.45502267895;1.0014059146213787;0.049305089721324295
b_ws[6];-0.1758953903539143;0.5841605432969;0.010400435608660465;3153.2219178210435;2882.4961215865005;0.9998852719679044;0.085862125854372
b_ws[7];-0.4732726766894898;0.6185242870465535;0.01160384253255392;2826.3859702055674;2847.466101291628;1.000799125394889;0.07696239408817741
b_ws[8];0.19096579280173118;0.34527119944465845;0.008296796763933202;1722.3403501379962;2134.2495504273093;1.0009739721547772;0.04689926930667894
b_ws[9];0.1447316061101784;0.623757742060423;0.011153666982053124;3134.9012058961257;2485.3197434056615;1.001994102696895;0.08536325349015667
b_ws[10];-0.18986743655356275;0.791888821351611;0.012953026971788925;3741.373337558039;2928.5021485645707;1.0017371925304144;0.10187746906173567
b_ws[11];-0.37961579444362886;0.7282017022782082;0.013177608477444886;3051.171904373242;2739.7790433953787;1.0002318984617997;0.08308330745006812
σ_ap;0.16050868735861445;0.02594222875971859;0.0011567286602425309;504.87719275285923;1138.492007482124;1.0089895072811605;0.013747788831527552
a_ps[1];0.10037421605553704;0.18359801662486971;0.006093020966982335;937.5886386558332;1506.8935786933503;1.0072777895930154;0.025530506824437627
a_ps[2];-0.28711132580568266;0.18454781865461226;0.005059226901055206;1334.0210238918721;1746.84157585446;1.0038797840791114;0.036325347226094845
a_ps[3];-1.5543356678084168;0.29117148724230024;0.010419480144917838;778.574525933454;1660.1704613783807;1.005796135472408;0.021200557929300878
a_ps[4];0.2788654741810125;0.18728020353311678;0.005917665705835717;1020.9556105630644;1703.6336653838678;1.0055209157605096;0.027800586641383396
a_ps[5];0.42280441272439073;0.1900730706226209;0.006479509107396903;865.8417725409549;1912.3559433826297;1.0081569911459267;0.023576842094024553
a_ps[6];-2.0790071634673364;0.351921300966603;0.012995582497402125;733.8684903521159;1395.9828562300072;1.004652352446501;0.01998321409700016
a_ps[7];0.22858742851767805;0.1861141623544657;0.0058365031122232704;1020.2463079704327;2079.3730473508745;1.005671022165404;0.027781272355847965
a_ps[8];-0.05815704834632654;0.18638219599069977;0.005289254412523289;1245.3333238662342;1957.3608030537396;1.004430232667259;0.03391038416298186
a_ps[9];0.5169489041596376;0.20002886958944646;0.006629968143470687;921.1003269031344;1928.1136409846995;1.006788179588502;0.02508153065475064
a_ps[10];1.2096329130475403;0.2579565655060427;0.011249554620197794;529.3964832247584;1518.8581948307997;1.010296964618519;0.014415448279300549
a_ps[11];2.1498529119296337;0.3667222176980735;0.016050662665019883;515.3212816872189;1373.4044676785384;1.0103919538876203;0.014032181018911533
a_ps[12];1.0444883948509904;0.24096865747300197;0.009890997246680635;597.473936662289;1617.7712574778125;1.00824093261748;0.016269195026988273
a_ps[13];-0.7475986516668222;0.20771918131632203;0.006504310086447953;1040.0718206390286;1687.1186817703506;1.0039449686684552;0.028321120393265748
a_ps[14];-0.6217694799325043;0.2040179068020452;0.006136288090522122;1116.8982706593574;1880.8207927157684;1.0027964373217504;0.030413102021107672
a_ps[15];-1.754403598357891;0.30926145134301064;0.011008554900649763;793.3542999686813;1614.8555209858625;1.0038188370479768;0.02160301067490046
a_ps[16];0.24755498201962603;0.18916680382201845;0.006899583939534719;777.8454349383807;1750.1765790265533;1.0089903658785466;0.021180704806238248
a_ps[17];0.038267584774783765;0.18362987125037275;0.005371371552036992;1172.5798604744548;1861.849073642279;1.0045665676442346;0.03192930982286593
a_ps[18];0.5216264744845823;0.19921151986364033;0.00683732615420436;850.5338007614756;2056.6292709534955;1.0068126816379468;0.02316000654176723
a_ps[19];0.8012522345403682;0.2196826885807614;0.009123827993719;596.9428994918092;2055.447208706028;1.00971540949539;0.016254734902850673
a_ps[20];0.5340067285434901;0.20227803410725745;0.007803337005361773;675.7993951988248;1673.466867432011;1.0068035026140105;0.018401994605875098
a_ps[21];-0.4444314475116098;0.19263231413094856;0.006177506390161913;983.7138322639096;1417.7262997406442;1.002617436792096;0.026786494281663815
a_ps[22];-0.569562917686726;0.2005657170029233;0.006238019037095553;1067.155308592218;1403.8706854421157;1.001612560356093;0.029058602851468076
a_ps[23];-0.9034624128667978;0.22146071910923507;0.0068876605936282;1044.736396710273;1741.9643264961676;1.002597287482647;0.028448136641447623
σ_bp;0.05496145008351333;0.010316078731154232;0.0003078859956798538;1088.5659935813444;1776.8152086813786;1.0021009855716463;0.029641615077399527
b_ps[1];-0.3762468490069729;0.44149301112837924;0.007805852484119678;3234.210572933399;2725.851865332557;1.0031484683691312;0.0880674441856738
b_ps[2];-0.6477348555031196;0.4343860055611263;0.007545817108601083;3341.7314265189207;2678.6365700892325;1.0011232380074386;0.0909952333813385
b_ps[3];-1.0083394489564148;0.4364549831933265;0.007904179579242422;3078.2181003588003;2672.180889984013;0.9996362108293178;0.08381977444925692
b_ps[4];0.7405735047643281;0.43815756927613864;0.00834054006608526;2757.1308006935865;2587.8148929799686;1.00039653140622;0.0750765781717345
b_ps[5];0.22475493710662914;0.44058128420292114;0.0077761108797472596;3218.3883176217687;2725.811596065228;1.0020017246604764;0.08763660471028224
b_ps[6];-1.5447999251181554;0.4898803933455754;0.010125352561598307;2392.529673527694;2294.2013317936776;1.0003824577211462;0.06514850184750401
b_ps[7];-0.18365913166743755;0.42169019153664905;0.007836628809214504;2889.9371858246736;2947.4117672303214;1.000673579007695;0.07869289153361465
b_ps[8];-0.21046524880724465;0.4234428117382995;0.007518731796919573;3164.4695514929144;2628.6555688819417;1.0027484874750288;0.08616839853769948
b_ps[9];0.5396299345119071;0.4394779762678905;0.007519306007157797;3450.2859747812267;3101.836754303836;1.001410199012106;0.09395117004798564
b_ps[10];0.8610214235892447;0.4390429641565574;0.008350643358569268;2819.4970248111345;2264.1895189864126;1.0001202537628548;0.07677480833878321
b_ps[11];2.104401985371542;0.5046198940096077;0.011215848039804088;2057.7566765978404;2647.0535513220716;1.0002941670563126;0.05603264449773035
b_ps[12];0.7782581523715572;0.4432714391855;0.008092418843401495;3027.4218353409433;2812.2646641778833;1.0003805087838946;0.08243659387600086
b_ps[13];-0.3924796373168633;0.44487334263673184;0.007954511457619703;3136.12829216441;2648.8846160050102;1.0000982355136652;0.08539666700761515
b_ps[14];0.21452743931405024;0.4336419611679828;0.008049744283858412;2892.164747705132;2743.2493913270746;1.0007689286128127;0.07875354796805314
b_ps[15];-1.2253151949773382;0.4591088825814253;0.00909819079745424;2607.4417428499096;2520.618047444914;1.0011289474446887;0.07100055020460758
b_ps[16];-0.8639584405998084;0.4448143114824268;0.008488390470692374;2759.112514620075;2642.042816026302;1.0005008565911628;0.07513054017472638
b_ps[17];-0.027660489344726792;0.4372751691249713;0.00712114129797917;3759.287230100777;2696.296649595588;1.0013815134481066;0.10236526374797492
b_ps[18];0.5694778003460567;0.43965764334151763;0.007445968532065562;3522.793737953871;2733.1938023660186;1.0008640639842505;0.0959255539794695
b_ps[19];0.5991953823899023;0.44498466037350054;0.008722486918400158;2644.0234471370118;2325.058305289287;1.0009370443117769;0.0719966687713709
b_ps[20];0.8452510195336767;0.4577182579944945;0.008431600376427926;2968.82976572549;2776.5522307064452;1.0010814352676651;0.08084113380801217
b_ps[21];0.8348825955897441;0.4426056073550274;0.008378905579796937;2800.930584348622;3003.406275444797;1.0010206324868582;0.07626924479482511
b_ps[22];-0.9046142096680632;0.4429923257964823;0.00792222006690667;3194.639166686602;2480.0239694768347;1.0006623890801745;0.08698991613596875
b_ps[23];-1.1807411371832734;0.4553429208113469;0.008610594993270855;2853.6093339859417;2775.7043771170415;1.0008627057459558;0.07770368536040893
σ;0.9871137277409116;0.0035068042992489838;3.940508627121121e-5;8011.4498365620275;2837.947734040269;0.9995988503378788;0.21815150727425472
