parameters;mean;std;mcse;ess_bulk;ess_tail;rhat;ess_per_sec
σ_aw;0.030188986089408728;0.010977528994341271;0.0003384838392984425;1155.2312938221348;1638.9201245417844;1.0048533310554948;0.026473048643989302
a_ws[1];0.09738365538316139;0.7032295539962617;0.011528696016240032;3730.376758269825;2654.1786470425827;1.0015854480586308;0.08548456565381869
a_ws[2];-0.4210761821842684;0.6415557878988356;0.011995522791276515;2916.7375240834645;2803.379957721526;0.9999299653340527;0.06683937214108993
a_ws[3];-0.4840263393877863;0.702592765756575;0.01154440498883832;3720.5935125851347;2724.724043028811;1.0002287048244474;0.08526037475776876
a_ws[4];-0.4071764520620737;0.6267540096794737;0.012512454009860874;2496.756855341991;2677.468630027888;1.001338377544937;0.057215179364643216
a_ws[5];1.688165807076306;0.6319098666467412;0.015128055361551443;1713.8781058573124;2179.83896186742;1.003744707786541;0.03927488695022705
a_ws[6];-0.20009584217342966;0.581666162914047;0.012567299206958506;2135.272841223355;2499.3349816872014;1.0027184725109932;0.04893148419384693
a_ws[7];0.5930256046701636;0.6870760132943058;0.013124158963524363;2720.7877705666538;2412.9992897851334;1.0027114147978315;0.062349026887832865
a_ws[8];0.23831823489808535;0.4937310963638484;0.01193747218086808;1704.408187536424;2376.809383244655;1.0035879170324589;0.03905787620120723
a_ws[9];-1.1609804773420707;0.6720103866572632;0.011753519501717692;3269.951381457345;2691.913885442271;1.0013212396573394;0.07493355005852913
a_ws[10];0.011696530404238206;0.7806792779761793;0.012365301946978545;3992.8569294023023;3080.7169198708425;1.0000807284215933;0.09149950861427364
a_ws[11];-0.17701681102456815;0.7664249029562128;0.011655678874502017;4319.765215711546;2908.941254516183;1.0010176040410916;0.09899087334085994
σ_bw;0.011312100734982896;0.010626986523535695;0.0003213189072318533;1216.3119445115392;1591.4270138889294;1.0005819031632552;0.02787276058527271
b_ws[1];0.009980153574263387;0.8700552642337539;0.012337853163896276;4957.199973581777;2731.241672288102;0.9996088897514294;0.11359820041268552
b_ws[2];0.2979595677837714;0.9088874954573537;0.013888156523967906;4344.5393074294425;2389.566511343605;1.000989833100084;0.0995585914581459
b_ws[3];0.3886556978279229;0.9356572434176946;0.015620925798287296;3603.344947546846;2983.2074095212024;1.001303784157459;0.08257353015591672
b_ws[4];0.17514402643007632;0.9047587857279411;0.013274121917820911;4611.232650038836;2814.715750961857;1.0025476000430098;0.10567008261120119
b_ws[5];0.02315741520779705;0.7929100303273151;0.013160602363393337;3634.754049656519;2807.965787590213;1.0010207112209788;0.0832932948406686
b_ws[6];-0.1596418934354214;0.9130701828146506;0.013249072198791288;4768.95943734427;3058.9129102059305;1.0006245610816247;0.1092845180364934
b_ws[7];0.3491707241116138;0.9300548256480548;0.013744743873216964;4637.71502075833;2660.8671799202084;1.001751714991994;0.10627694730748706
b_ws[8];-0.15703496908661752;0.8045171544530599;0.0125045709017412;4137.741166183158;2748.765140735383;1.000404170036473;0.09481964672735821
b_ws[9];-0.016476430656837283;0.9285157145447187;0.014081146334486743;4338.859375882216;2623.0165373382265;1.0010996036681612;0.09942843128593765
b_ws[10];0.4952620025406648;1.015200022099484;0.017337154107043295;3432.892611692449;2626.7821061752907;1.0021500611171916;0.0786674786122249
b_ws[11];0.04914740873440536;0.9279792853916663;0.013762378085081179;4546.735551240135;2743.712269993331;1.0039185047217105;0.10419208003022444
σ_ap;0.21642782444287728;0.03415621024779794;0.0015306599873500667;470.3590158420947;1006.5921023237878;1.0011393740759298;0.01077865287506993
a_ps[1];-1.054111322281855;0.19842023144013296;0.007939837989682364;640.3000792875246;1447.4423970094344;1.0003867655013927;0.01467298820277514
a_ps[2];1.0757835077132423;0.2035993429885691;0.008019312710268367;646.984173376859;1346.2390666609049;1.0006082973311148;0.014826159562410412
a_ps[3];-0.8650598681722967;0.17553780673654593;0.006437963642423803;747.8157696864098;1929.1415271054304;1.000541706608182;0.01713679620134898
a_ps[4];1.203050057444186;0.22086122228461524;0.009063743718244647;595.665123399634;1357.0142449216596;1.0008660129598919;0.013650142505327844
a_ps[5];0.6905122792316514;0.16127973280740607;0.005401605272285796;890.8825253364362;1990.8686313203636;1.0000043920796515;0.020415285281340963
a_ps[6];-2.8510714346449615;0.444972462093317;0.019932882065165795;516.8932370971997;1090.2266625106454;1.0009540890481854;0.01184502175676872
a_ps[7];0.03990886385811441;0.12428846689233812;0.0023386675597660035;2819.0861539671487;2596.8583692627867;1.00137686547314;0.06460161292779125
a_ps[8];0.3928766533171961;0.1355265217191325;0.0038546799084690866;1249.4685319369312;2214.3891846913884;1.0011860026976396;0.02863257029305598
a_ps[9];-0.28572257368159126;0.126264385089611;0.0027625679461947433;2146.415499723419;2583.7261494933405;1.002497694429058;0.04918682712133948
a_ps[10];-0.28861300039424415;0.13002527255483942;0.0027729103713515406;2181.461983496455;2652.3834854533866;1.001165295001999;0.049989945314800756
a_ps[11];0.547499765493582;0.150357402493802;0.004508649409913469;1128.0093314075893;2085.635730759999;1.000505454059704;0.025849235612747035
a_ps[12];-0.20613241027809448;0.12575956125573431;0.002432027089841724;2758.624654971302;2392.3060003405285;1.0021244699008882;0.0632160893425446
a_ps[13];0.36268191299808633;0.14108119828054635;0.0035780149585775836;1582.1470505904076;2032.4601670981895;1.0005292349907775;0.03625616450680462
a_ps[14];-0.1504063762416367;0.12133148251145133;0.002283524619859121;2886.977376452058;2525.7359942229;1.0003002704280084;0.06615739456645904
a_ps[15];-1.0626675720879484;0.19896555485586334;0.007633079565967324;697.8527796398324;1458.7495788296683;1.0012384747326626;0.015991854341675084
a_ps[16];-0.4987629080936405;0.1411951781465629;0.0038728173253621983;1389.9708017380467;1863.7595801778236;1.0010155256996933;0.031852292129649955
a_ps[17];0.05650848747914032;0.12327647957809565;0.002429637369082401;2598.2269399678617;2728.468595014223;1.001294114402434;0.05954044747378774
a_ps[18];-0.0655264586514457;0.12279977809910811;0.002204344355673728;3128.9186709779897;2748.414912070793;1.0016133793078932;0.07170167274973414
a_ps[19];-0.600156022021222;0.1476531727751957;0.004663597060996454;1019.9476695248682;1818.6528265904499;1.0005425977037603;0.023372916241145895
a_ps[20];0.7604416430076525;0.1734629579380709;0.006264851855497328;787.0737726967458;1271.172468789088;1.001582627627652;0.018036424725018905
a_ps[21];2.122191087283441;0.34091575084551135;0.015464796320252874;494.156385880508;1042.2172193370939;1.0005848287869736;0.011323988634233432
a_ps[22];0.27978617525199917;0.1297021718227121;0.0033420242227176905;1555.1062720671098;1706.8819678704854;1.000772250149814;0.03563650344927719
a_ps[23];-0.6281663631394485;0.1517959020648916;0.004751971462082981;1023.6531076493303;2102.950019686429;0.9999903636789652;0.023457829318068897
σ_bp;0.055049231710571085;0.01088777323562186;0.00035224849079493913;1029.2606152172018;1773.608093795721;1.005588120818592;0.02358632983689111
b_ps[1];0.11422708336418473;0.42020641392832947;0.0065255723681831865;4181.584987010482;2232.4756521172185;1.0014127675412856;0.09582436293242216
b_ps[2];1.7751067355331656;0.46985339728441505;0.009305620911220149;2656.2024002880635;2298.552643164347;1.0017353608181938;0.06086900149532612
b_ps[3];-0.3141120175824129;0.418746239245279;0.006536079904698194;4112.941362174895;2665.0404103437445;1.0013368132612543;0.0942513393923829
b_ps[4];0.19676811667423635;0.4061722201390989;0.006174405173360873;4346.062638699326;2806.3816015697375;1.00110574683913;0.09959349981201772
b_ps[5];1.001088487967173;0.42960124909194297;0.006871390263904933;3935.0873982676217;2971.18916269223;1.0007377240649966;0.09017567362465093
b_ps[6];0.8695243456572072;0.43436166118367914;0.006558328598901715;4366.680557264003;2943.9314035408547;1.000890671691532;0.10006597589885799
b_ps[7];-0.1115648717476835;0.4127129372450935;0.00644180245584624;4098.522084140111;2874.652099005041;1.000453245363794;0.09392091010876893
b_ps[8];0.9820617309772631;0.4280283357043198;0.007373141528185811;3422.833442101653;2752.325277895115;1.0012473758841938;0.07843696469928005
b_ps[9];-0.5883843314460804;0.42703668897590996;0.007294762647464316;3647.5190884774715;2283.725097434181;1.0013934404991223;0.08358581591022121
b_ps[10];-0.9980448797171957;0.4285674091408349;0.007681217368082714;3153.7652750397883;2536.350861793857;1.0010685259371688;0.07227105254535039
b_ps[11];-1.3448206399846532;0.4598327075077089;0.009458012582824415;2500.0061684335;2612.258907103101;1.001262134716281;0.05728963997178836
b_ps[12];0.320796143907752;0.4046646965561635;0.006496172524386433;3928.83742758783;2496.090387148094;1.0007956007052967;0.09003245055000393
b_ps[13];0.505991236879819;0.4027238407313611;0.005750243852275208;4987.717429543958;2140.2652279415947;1.0024930078027299;0.11429753231314389
b_ps[14];1.4694959065431517;0.4516797190583748;0.00853242266455507;2835.6001334544594;2450.442648397598;1.0014855891754766;0.06498004396979239
b_ps[15];0.7992314846338695;0.412442578464062;0.006548961388421416;3997.2708080281964;2733.5887026011787;1.0011828492885364;0.0916006561716475
b_ps[16];-0.24928600082193553;0.41564779447051087;0.0067577495429059255;3886.5196869117267;2550.8118395289084;1.0016395663177529;0.08906270569162522
b_ps[17];0.9085631991751578;0.4241876835189811;0.006012963891451448;5086.258218366504;2808.292202002198;1.000056610671192;0.11655567326713884
b_ps[18];-0.23956851089793108;0.4199648457464208;0.007090178274943489;3866.4279473625747;2171.252514169627;1.0004423108025537;0.08860228741757788
b_ps[19];-0.6676141795678691;0.4159457619713841;0.007162985288094895;3450.2376273458667;2572.7893673175176;1.0003202153209116;0.07906495351234163
b_ps[20];0.012141491126665726;0.4142978772111135;0.006001008823584227;4798.293249915164;2833.5719810662636;1.0005039197449572;0.10995672580238042
b_ps[21];1.7698847962594864;0.4588116526584977;0.009024419158681444;2596.405105212145;2627.0112457600417;1.0018805794803514;0.05949869867390038
b_ps[22];0.6115016945184896;0.423897645173713;0.00658116335043203;4155.876788663358;2819.3870994360905;0.9999623963474492;0.09523523901495881
b_ps[23];0.8810258699534516;0.42906388207979407;0.006863898266917792;3908.06701903229;2714.0332394963275;1.000735049905574;0.0895564800331154
σ;0.9801692472671121;0.0034618277717574667;4.5399757526378814e-5;5813.300733064353;2910.9839892631417;1.0002006190018697;0.13321643372331105
