parameters;mean;std;mcse;ess_bulk;ess_tail;rhat;ess_per_sec
σ_aw;0.06558203480657757;0.019733434519536023;0.0005240877598145394;1607.8479038265668;1978.7659463323619;1.0003690219283325;0.034102413462381756
a_ws[1];0.9899308626673057;0.49518585513771657;0.010544761589176816;2166.851593489428;2637.4417915036506;1.0003211747506902;0.045958867612373375
a_ws[2];0.5323556026640489;0.4255786778305752;0.009758121514489295;1876.5997296460916;2769.342370269362;1.00184547554712;0.039802632905436765
a_ws[3];-0.9876055809347952;0.509909620985215;0.010950318128941643;2139.4081522015936;2892.1091201026675;1.002161983194529;0.045376792915257445
a_ws[4];-0.671714869152803;0.45199332568830586;0.01076766218237445;1754.9845396702542;2353.000163083897;1.0013107200064348;0.0372231777952913
a_ws[5];1.6684492222024123;0.5188818048512677;0.01348695319901762;1428.256021597289;1510.8526678504238;1.0017864948365809;0.03029327417271743
a_ws[6];-0.39672984177190346;0.3884373313971731;0.009884689239209368;1517.3079971556133;2209.192136441387;1.0038664007630913;0.032182064326875856
a_ws[7];-0.789884853330934;0.49818514236484596;0.010391660092683209;2268.595411855687;2702.8095617059826;1.0011712443442078;0.04811685143217994
a_ws[8];0.11729013640773257;0.3278609082859007;0.009698714557002393;1145.508989608619;2186.9991386948773;1.0035639764393702;0.024296216760016413
a_ws[9];0.39277013941090894;0.4234915513930703;0.010206272536962335;1720.932889921012;2672.4584503838687;1.0012471260452038;0.036500943163482416
a_ws[10];-0.49323988883430797;0.5719011489279991;0.01057516837532886;2908.4781859759596;2993.7258361568615;1.0003603068924058;0.06168874892234154
a_ws[11];-0.8374060430050209;0.5643801444871054;0.010882597568626622;2702.4448411509106;2751.2335143456326;1.0007957246992525;0.05731878687833269
σ_bw;0.023869443431611195;0.012751620564604051;0.0003797360740651518;1031.3645906751235;1300.4271053600405;1.0015638630910044;0.02187521693933624
b_ws[1];-0.12437853042377683;0.7476167874016866;0.011967218952134574;3981.9336656703235;2372.4716526908333;0.9996633786105252;0.08445671255551443
b_ws[2];-0.5493206228301712;0.7766461492499185;0.011342061718643973;4735.040213109096;2758.2103248614253;1.0041419375670662;0.10043008342029627
b_ws[3];-0.0007856671755766769;0.8950554317173335;0.012604404424540654;5124.84963214221;2683.9729674364617;1.0027208149274682;0.10869793136024171
b_ws[4];0.7328256526461008;0.7938086421957693;0.013637548630504846;3524.080394310653;2728.1148589279305;1.0010504102444413;0.07474565622496752
b_ws[5];0.3751428282258593;0.5686663118806439;0.011223757698821599;2752.1285852841097;1905.6814252366937;1.000601736621339;0.058372577837513054
b_ws[6];0.3623935191372349;0.7852994085104299;0.012078254113253696;4318.029826990218;2719.9999334578088;0.9999729375960342;0.09158530365494141
b_ws[7];0.04171515804270877;0.8064589365779433;0.011379818884429805;4991.477032413539;2715.541386702651;1.0014532247633932;0.10586910188596421
b_ws[8];1.1803421783103765;0.6147693467803003;0.011984984943669945;2899.8147847745972;1984.0965434378857;1.0006130744958937;0.06150499840150171
b_ws[9];0.6194088694423974;0.7927048607340962;0.012482174210187661;4243.090147328954;2359.492568766724;1.0005481055303185;0.08999583494060304
b_ws[10];0.5549933883652857;0.9489785819531125;0.01496797672453372;4047.939376894014;2940.4849240179487;1.0003021024969883;0.08585669202476133
b_ws[11];-0.0753499562399384;0.8564858126985043;0.012397362431662404;4786.791501992335;3028.876397282507;0.9998790953473248;0.10152772695144568
σ_ap;0.21440534014187573;0.03503598654863045;0.0014214826167454281;565.6523696251327;1013.0915028020266;1.0102986975547903;0.011997472484196506
a_ps[1];0.1953039537005943;0.14487476664251409;0.00407184430292368;1277.3610693476408;2243.5797394564484;1.0041491440099692;0.027092796043687306
a_ps[2];-0.8423593653681688;0.18745629245270123;0.006139244432624303;955.9504643322297;1554.9272461949893;1.004690079598648;0.02027568522285426
a_ps[3];-2.009219122675351;0.3355530876473715;0.012995375909595494;672.1931836109931;1324.0528751853608;1.0083935195016944;0.014257200460031481
a_ps[4];0.40448450428236077;0.15840854037955943;0.00492175372872731;1063.5901691326826;1304.1732940737386;1.003970366912675;0.02255872064513368
a_ps[5];-0.5662741051928717;0.1614542025496903;0.004871023405714298;1121.1175409281445;1925.3157282384632;1.001712123574524;0.02377887474907846
a_ps[6];-0.4185595716811002;0.15631943137972343;0.0040845998462434975;1478.2441334756522;2254.716485759721;1.0011916863122756;0.0313535207640913
a_ps[7];0.49387705008098554;0.16359713969335515;0.0054511083848005175;954.4298366683978;1099.038590745462;1.0057689800592176;0.02024343274848096
a_ps[8];0.4067246863636708;0.16195972744328274;0.004841088947218135;1191.3314111957482;1694.5874631920096;1.003817456338137;0.025268109165444086
a_ps[9];-0.24438705165015795;0.1467733182465365;0.003573612756005051;1734.6483550015419;2007.3268446736604;1.001663959621138;0.03679184783169881
a_ps[10];1.3463527223393872;0.25386739054736396;0.010591901263780597;587.5674630663528;1256.320676467486;1.0083112604645728;0.012462291063006455
a_ps[11];2.2746759966997177;0.3813514386581962;0.015957268913068978;583.7286229192849;1090.2290359186802;1.010496165753936;0.012380869360369199
a_ps[12];0.8106477856591753;0.19243923242659824;0.007429883827822035;744.9549957982705;1494.633881006909;1.004958780812311;0.01580047666021015
a_ps[13];-0.4403447618273193;0.15891448499075958;0.004266144534533013;1413.9018193036875;2004.0892090057328;1.0025535649366186;0.029988821904331806
a_ps[14];-0.35169063363699454;0.1503546438722151;0.0038831540058099044;1538.779897576051;1890.8043938986937;1.0016120745979378;0.03263748279290002
a_ps[15];-1.1339943833739077;0.22085912833050533;0.007580929255836449;852.0076925298814;1695.6519374656632;1.0050212958661122;0.018071061656163942
a_ps[16];0.9816912281928952;0.2098455533963996;0.008398071000214904;661.7856150548481;1656.622198656909;1.0074656935744233;0.014036456193614833
a_ps[17];0.5456061399130381;0.16706395197174337;0.005343132981474709;1005.4109649353993;1407.3687603300918;1.0043154235162697;0.02132474119239677
a_ps[18];0.03444229328614389;0.14194560741472514;0.0035112898248408856;1642.1008101907703;2035.0684505718352;1.0032889095046014;0.03482891674191479
a_ps[19];1.068022502105433;0.2240456871378309;0.008768205621859693;674.578028380055;1166.9162625756958;1.00718332242847;0.014307782957396183
a_ps[20];-0.4892923083174262;0.1610446290773298;0.004437178203967965;1331.7423437895386;2074.095903492692;1.0016738157726421;0.028246221502162074
a_ps[21];-1.003685836775662;0.20812098438895346;0.007150602049950078;864.1783694720281;1249.2060282075452;1.005456361577986;0.018329201406951545
a_ps[22];-0.9853239769625596;0.20544953549869277;0.006809290430256528;921.282396783671;1546.2711802595675;1.0030428430295384;0.01954037638507861
a_ps[23];-1.2535712944720243;0.23582860665958827;0.008407676327003365;798.5650788956059;1427.7705515721957;1.0057595063002553;0.016937545169729555
σ_bp;0.04098819631972109;0.009319711880860499;0.00027031139995615513;1175.523302252153;2066.3633937836944;1.0036373409971713;0.02493281957370481
b_ps[1];0.36838359126471265;0.532137465274871;0.007385135069515141;5235.756550211453;2872.9085900159203;1.0010431587771242;0.11105026429349645
b_ps[2];1.4340606282334405;0.5553966544700021;0.007767744461570333;5107.084637118426;2601.4082442569897;1.000489452706387;0.1083211362641282
b_ps[3];-0.5616002911788027;0.5324567671663498;0.008557186316252486;4090.036169326292;2378.212157533019;0.9999479904623579;0.08674956392983953
b_ps[4];0.5112116952859794;0.5422534837140056;0.007993947756947012;4638.0530676321805;2594.530156338399;1.002689946087806;0.09837298851242698
b_ps[5];-0.2661837740994862;0.5470613321281376;0.008083059235703712;4616.939389182743;3008.176253183358;1.0020791804669413;0.09792516792536718
b_ps[6];1.696142115905986;0.5508576498950285;0.007326451413488744;5679.39306581219;2599.320567178152;1.0004627545804254;0.12045978359318925
b_ps[7];-0.04571521672991958;0.5492857087488738;0.008396589786024245;4479.985993281622;2408.657529429655;1.001320602497685;0.09502038985464172
b_ps[8];0.8460150986840826;0.5358775103222762;0.007429551166970798;5179.466631469417;2957.762669574235;1.000351765889132;0.10985635653758483
b_ps[9];1.3862614257411499;0.5246818794040298;0.008104833356581501;4225.40771309722;2526.432607703078;1.0006560232882948;0.0896207909568053
b_ps[10];-0.6290502574676001;0.5566128969869995;0.009169798283124031;3734.5528703183936;2215.807011212492;1.0008572445370878;0.07920977212932948
b_ps[11];-0.9629720487512615;0.5615182161896172;0.010461351198532219;2949.354401209831;2544.4588542895594;1.0013236843578275;0.06255573241584562
b_ps[12];-0.7663896995666195;0.5515045908380649;0.009047142764891275;3692.0943552699077;2853.9046395990717;1.000642846459222;0.07830922809669041
b_ps[13];-0.4521691443732489;0.5481774790216478;0.008137816795462056;4549.17447804258;2917.1216528318987;1.0014493241573312;0.09648787587028938
b_ps[14];1.1955493351097184;0.5576329120709236;0.0074263881946765925;5644.35196064983;2627.3292230509655;1.0008590824356633;0.11971656263703936
b_ps[15];0.9882216579399126;0.5750280694752223;0.007690876221290861;5562.331341097945;2725.792986501327;1.0020241898213318;0.11797690736632489
b_ps[16];0.6687820237138686;0.5223982796963121;0.007639795321050039;4684.3432961980925;2918.042711889284;1.0003786162069943;0.09935480309206844
b_ps[17];0.6778628919374106;0.5541627161599892;0.008387914124684728;4402.260014542758;2617.8641638040594;1.0008760474018819;0.09337182380718619
b_ps[18];-0.5428150912589879;0.538680038827766;0.008308078014081732;4184.233477975504;2923.1450679020572;1.000200452201284;0.08874748646900124
b_ps[19];0.7323653482345704;0.537566440952966;0.007125752242180475;5674.7929716789195;3222.2407456933884;0.9997162386666059;0.12036221571271666
b_ps[20];-0.7257536438630354;0.5588115877770266;0.008459853605407764;4467.328493421267;2819.6625428744287;0.9998703128902919;0.09475192460204504
b_ps[21];0.3699414790597436;0.5469651752630094;0.007819771892692269;4888.052226312499;2286.805491296967;1.002789948285465;0.10367546435872659
b_ps[22];0.2770094961081741;0.5289256409684417;0.007927053994344383;4485.227623682086;2549.7777695458694;1.0015230718293922;0.09513156470315084
b_ps[23];0.18144277039826165;0.5341447724140572;0.007793157031586929;4716.349272531731;3057.0502515632334;1.001458938882181;0.1000336490423597
σ;0.9751369707246983;0.0035036363544975074;5.0852389365060444e-5;4787.106204225371;2542.049825854557;1.0005990036985553;0.10153440177786613
