parameters;mean;std;mcse;ess_bulk;ess_tail;rhat;ess_per_sec
σ_aw;0.06004878489605562;0.017593981407682858;0.0002240307892297337;6378.324236347761;5993.9396656068075;1.0008861323949247;0.01231243901733447
a_ws[1];-0.29040386816402514;0.5196738997673294;0.006871390932108651;5728.777736651229;5808.542784364322;1.000025169204255;0.011058582773893325
a_ws[2];-0.48551766796565926;0.4662180409188864;0.006068703828907599;5901.357540074466;5771.981720007972;1.0010266420352183;0.011391723302115967
a_ws[3];-0.14795031043012952;0.5682727139068834;0.007355210375121005;5974.7763878778815;5997.144947501243;0.9998183374257297;0.011533447844927878
a_ws[4];1.104039035272906;0.528729243354697;0.0068400120646863035;5990.534749801222;5497.357551230068;0.9999399357922057;0.011563867099735989
a_ws[5];-1.9500476358488545;0.5913722385913688;0.007590416113701721;6081.015615745445;6102.2871232635425;1.0000261985099232;0.011738527418480112
a_ws[6];0.3831675786449555;0.45269421751769195;0.005750010881734037;6208.655568602908;6000.33532462728;1.0002371740036786;0.011984918018502797
a_ws[7];-0.45617678350358803;0.5490576495717453;0.006979910142191822;6191.708255795031;5929.878462098872;1.0000953949208304;0.011952203664744237
a_ws[8];0.8717579852201262;0.44134023540107453;0.0057137763442958785;5944.661172320944;5567.77554087764;0.9999274119305035;0.011475314745809827
a_ws[9];0.47990026596392976;0.4774428109359622;0.006220947478102336;5829.647906792194;5408.723133427698;0.9997872483465936;0.011253298152495641
a_ws[10];0.3700917168073523;0.6487705119407381;0.008405624125328408;5959.510020934705;6035.491497415522;0.9996246737238889;0.01150397831577899
a_ws[11];0.20612889370416562;0.6461487197279724;0.00848196202439264;5788.279046381914;5956.765225140411;1.000684411160701;0.011173441508000276
σ_bw;0.04608510637536148;0.014237597833572624;0.00018239998074079885;5996.3133424567595;6011.050125817676;0.9999703485860348;0.01157502184305742
b_ws[1];-0.21900964495718578;0.5605923697542426;0.007231156078803434;6015.126244333113;5839.685485239817;1.000270923228948;0.011611337448615965
b_ws[2];-0.8572904445051174;0.591531021473494;0.00803064273060066;5414.373115808568;5899.950739593728;1.0008128567382626;0.010451669801543394
b_ws[3];0.13837836799103442;0.7734622782591174;0.010141693877937931;5814.784538253179;5493.747168498269;1.000523505895865;0.011224606553895821
b_ws[4];-0.40081288426402456;0.5882319422790916;0.007751510562755323;5763.138922979833;5891.282560038923;0.99995052518111;0.011124912109868955
b_ws[5];2.0447488016934696;0.6288714294449423;0.00817563002838107;5923.400158272178;5929.022286040597;1.000692699681569;0.011434273411248882
b_ws[6];-0.12612557955521972;0.5922197181931946;0.007949965084220533;5565.652765568946;5426.145469908973;1.0006962603608536;0.010743693441800496
b_ws[7];-0.44320001673629844;0.6407450662091811;0.008160340072933866;6172.126766029222;5862.724302453462;1.000670789694332;0.011914404410633548
b_ws[8];0.22585032676800892;0.43670226164530135;0.005617341440782909;6035.922528905156;6130.039009439732;0.9998369386423626;0.011651481689656778
b_ws[9];0.19166672851992939;0.614725591022962;0.008090612750198158;5756.369824189146;6099.244479863026;1.0004442226055756;0.0111118453366893
b_ws[10];-0.17661646282566862;0.779810083385016;0.009929819337465737;6170.207316498492;6058.354218409082;0.9997926796865444;0.011910699188945493
b_ws[11];-0.3518463290992666;0.7195972998376177;0.00942485167126071;5838.042471741094;5876.075549919689;0.9999496057903181;0.011269502654678423
σ_ap;0.16516027021803661;0.027221007318946243;0.0003631480465545421;5597.492505414211;5622.865592951397;1.0000994027300512;0.010805155487417213
a_ps[1];0.13751099335108385;0.2523423751240846;0.0032630112106104116;5978.347425516758;5695.096392491447;0.9998110924876236;0.011540341220292323
a_ps[2];-0.240672058928505;0.25778833283419117;0.0033823402218321518;5804.71309652505;5983.162177478422;0.9997132115574953;0.011205165081888555
a_ps[3];-1.4769773227055114;0.33682385368594425;0.004498584453629439;5623.540546593281;5749.680982016529;0.9998949587120874;0.010855437490440933
a_ps[4];0.31091676406662944;0.2583835935736549;0.0033776610446425966;5860.249693637214;5891.343840822755;0.9999584131943926;0.011312370507614189
a_ps[5];0.45550695274886915;0.26430521562369796;0.0035201085194916082;5645.96456977586;5794.417391810304;1.0000560663912028;0.010898723847127763
a_ps[6];-1.9864747297246006;0.39602474178890085;0.0053662812974961055;5439.643432636536;5784.237241815524;1.0003857447029905;0.010500450519387746
a_ps[7];0.2618854982947363;0.25471392163484224;0.0033497082341736165;5788.314429711829;5789.132547573216;0.9998935378103032;0.011173509810437667
a_ps[8];-0.022908556266353155;0.2560174886359387;0.0033499116698347407;5840.018118893199;5890.976185068812;0.9997516428807931;0.011273316357804621
a_ps[9];0.5431307133840902;0.2645925581442544;0.0034951407603163592;5733.969605068396;6012.5725431000155;0.9996851608721301;0.011068604930325592
a_ps[10];1.2139253916989343;0.30962410571124277;0.004072614117908741;5783.723496054789;5667.318222490345;0.9999384639525016;0.0111646476722662
a_ps[11];2.134680164892739;0.40998318756091995;0.005475407532457651;5616.138677883263;6012.925037723691;1.0001826229762922;0.010841149245797134
a_ps[12];1.050489920387562;0.29667155282853325;0.0038874061136552405;5824.66208977734;5577.229883872587;0.9996138417071224;0.011243673748706768
a_ps[13];-0.6899228664955658;0.2731072301741417;0.003710198109271884;5438.846369659985;5648.803869304203;1.000121849675039;0.010498911903768955
a_ps[14];-0.5676333939573003;0.2664352599158516;0.003501580372369479;5781.996434561297;5931.903635030087;1.0000226064725564;0.011161313828057304
a_ps[15];-1.6710073506343814;0.359637074410884;0.004825949952119534;5533.145807277119;5809.3292495372325;1.0005487829807884;0.010680943426784587
a_ps[16];0.28064194858669006;0.2595976242818886;0.0034205749473028664;5767.243073085532;5654.004519517849;0.9999816940344446;0.011132834582296185
a_ps[17];0.07158747170993286;0.25619373415197005;0.003317878087447796;5967.140399549334;5479.273807323147;1.0004559535099342;0.011518707665979849
a_ps[18];0.542194964609606;0.2661194759729275;0.003542439126459309;5655.555067542223;5733.510176487681;0.999946537214272;0.01091723692587991
a_ps[19];0.8219849559364408;0.2831611087039769;0.003716809139612167;5813.516422407559;5898.8207282738485;1.0005529108995013;0.01122215863835601
a_ps[20];0.5615846099299859;0.2679410584299424;0.0035539560738673944;5689.207829911939;5846.263413674096;1.000322008339239;0.010982198751131872
a_ps[21];-0.39334843799445585;0.26301320220769536;0.0034741559668132822;5725.438839735027;5779.478065158457;1.0000705456046464;0.01105213751285883
a_ps[22];-0.5150961960697752;0.262431026492954;0.0034865333585473376;5660.4794207448085;5617.981077391965;0.9999853631749963;0.010926742682605342
a_ps[23];-0.8434431923895791;0.2845386800180427;0.003757117908007618;5755.481670234487;5901.907162120118;0.9997056364075652;0.011110130883017844
σ_bp;0.05567825220894791;0.010633895218567727;0.00013527818965522557;6136.093792222736;5951.381633805421;1.0008652155296336;0.011844847928998866
b_ps[1];-0.37437260211666185;0.4452741097043999;0.005689752189695556;6059.218073771229;6184.470836267994;1.0002402569949216;0.011696450393803957
b_ps[2];-0.6359663830477563;0.44984908071778684;0.005736030216015283;6150.210671704811;5824.200499944479;1.0001769724098375;0.011872098537669339
b_ps[3];-0.9961009156264646;0.46008581711016255;0.006052742703031705;5773.616779694249;5565.4964182822005;1.0008597233399334;0.011145138107646465
b_ps[4];0.7500940747073416;0.45550172923400245;0.005896535777469624;5968.863962912176;6016.507199474043;1.0001152916904574;0.011522034757549853
b_ps[5];0.23316474727322353;0.444114618311198;0.0057454440121471224;5977.036522030484;6099.948556479436;1.0000364869688776;0.01153781070935649
b_ps[6];-1.5111978008583051;0.48570377736244225;0.006137004749100958;6274.701073988954;5388.0519528517125;0.9997762740700162;0.012112409382582519
b_ps[7];-0.17411877485231608;0.44204318936778847;0.00567156070801963;6085.596207600099;5450.544923937201;0.9997957075864194;0.011747369593287146
b_ps[8];-0.19785475306004466;0.4526763047922848;0.005681287330921368;6354.096245440137;5753.437754332711;0.9998636397290673;0.01226567036000239
b_ps[9];0.5550565424772781;0.45097167844836683;0.005817427580180607;6015.622526982554;5761.571711355511;1.0000741727620137;0.011612295451005021
b_ps[10];0.8567415914055198;0.4532097375106808;0.00584774861540045;6015.9881691701;5921.561297638788;1.000403630547332;0.01161300127074223
b_ps[11];2.0880871899976845;0.5087086790767567;0.006550444268161291;6024.101014571221;5922.049943829687;1.0011703887415895;0.011628661953792667
b_ps[12];0.7806125911370279;0.45525123874166257;0.0059210680676255074;5915.27757669187;5744.305462248455;1.0003553966369572;0.011418593933902632
b_ps[13];-0.3667598963987819;0.4477450191745798;0.005711081307603895;6146.919203918827;5891.418415327007;1.0001722184958413;0.011865744831759955
b_ps[14];0.22892832399146062;0.45179101038752306;0.005844266476201829;5970.795218744839;5849.136561780858;1.0001155395693837;0.011525762769608417
b_ps[15];-1.1955553395733858;0.4696975314656055;0.006035995787205648;6054.705886264352;5807.713106986125;1.0003575106497797;0.011687740263767512
b_ps[16];-0.8505203222126485;0.4476800088726555;0.00571868635285895;6136.811214741763;5850.625110346064;0.999685331772427;0.011846232810150696
b_ps[17];-0.021873869054983237;0.4416141048677751;0.005867877713533126;5689.508295973729;5812.550772583209;1.0009379356015247;0.010982778757717533
b_ps[18];0.5817549698910797;0.4585011902718074;0.005839853701083554;6152.28360488639;5886.114539729884;1.0002177841267121;0.011876100037505262
b_ps[19];0.5875344645115639;0.4431665386685804;0.005672072709132498;6101.474097463257;5765.228085462853;0.9999435689326976;0.011778019579618984
b_ps[20];0.8463118437503332;0.4599783817934454;0.006014127900244372;5854.1041807887295;5565.342662814879;0.9996931057250679;0.011300507477549645
b_ps[21];0.8371689893232601;0.4543680429156142;0.005780508497887864;6171.97764138889;5931.576350370061;1.0003055287941967;0.011914116546929535
b_ps[22];-0.8936870206703214;0.4626929612019433;0.0058892121794983186;6161.921278116626;5973.21387208694;1.000116332495908;0.011894704181716065
b_ps[23];-1.1619122210461246;0.46410658751431444;0.006277194498496393;5525.138937504099;4926.571011350712;0.9999065239532913;0.010665487314466204
a_e;-0.010149518703033256;0.040456449824945805;0.0005429944288269883;5571.859260855111;5546.154306078963;1.0000354071608595;0.010755674189703966
b_e;-0.0031272037672210496;0.020631120576338768;0.00026490954109592785;6064.062955659029;5973.293171426764;1.0002146622428145;0.011705802742568197
σ;0.9871031414463404;0.0034994736534215455;4.524998766723753e-5;5978.861017078083;5238.631818740813;1.0003408297606808;0.011541332635050229
