parameters;mean;std;mcse;ess_bulk;ess_tail;rhat;ess_per_sec
σ_aw;0.03030585806991903;0.010945286984550174;0.00015150073270802028;5433.128562471288;5999.979112565513;1.001476590700496;0.008903014653411166
a_ws[1];0.2092100612319896;0.7030348722211046;0.009165171960662124;5885.872127879121;5803.726390548869;1.001647389832883;0.009644904441351345
a_ws[2];-0.9361167932012624;0.6532858689524618;0.008646749567604589;5723.549668605016;5584.379516291753;1.0003442034329522;0.009378914189716704
a_ws[3];0.11539007454068557;0.6832336546472739;0.008617708097838853;6287.349530270522;5761.374936317009;1.0003666185740436;0.0103027867563758
a_ws[4];0.706842898523814;0.6320187233194968;0.008136344302785911;5961.493686312222;5814.722069859617;1.0005026886849382;0.009768821966052336
a_ws[5];1.5158810308302897;0.6094396830797988;0.008014315882875666;5754.379500577561;5704.918907611708;1.000215553736004;0.00942943359905108
a_ws[6];-1.0801591177490637;0.6058589560285212;0.007967983607383041;5787.422701078836;5720.262599272282;1.001363287617326;0.00948357995227572
a_ws[7];0.001993386117880866;0.6935222181578945;0.008909879512247547;6043.7406186427215;5344.581792055133;1.0004998800922225;0.009903596182292028
a_ws[8];-0.03748884918441038;0.5005983377020615;0.006481517372797801;5972.297108023906;5358.428717292124;1.0000411181976;0.009786525029894865
a_ws[9];-0.32222509254560094;0.659307000429791;0.008471013470043398;6054.5833907786555;5497.744046573259;0.9997487860876813;0.009921363727841494
a_ws[10];-0.03736932702029891;0.7872027453798601;0.009982762392024596;6213.54986188592;6010.816907024647;0.9999831275171571;0.01018185467801796
a_ws[11];-0.207933151714559;0.7720772494525037;0.00992976009923129;6041.557120318593;5884.765497422772;1.000178124355034;0.00990001818531443
σ_bw;0.013571390475962081;0.010120871877637496;0.00013014318390072542;6174.8815782324355;6036.432526273478;1.0005966913875701;0.0101184907630966
b_ws[1];-0.04304755562423215;0.8679873509160246;0.011722224686623543;5496.554946250878;5420.631014740724;0.9999565273724632;0.00900694851356369
b_ws[2];-0.12317425403385755;0.8786836673922641;0.01173420367596336;5598.0210765182355;5596.101263021869;1.0004477362218724;0.009173216334066784
b_ws[3];-0.2596178171812476;0.9473235716205106;0.012106331086211036;6121.985761789186;5885.933030619358;0.9999487041900152;0.01003181285303364
b_ws[4];-0.15166050566547284;0.8725765729734865;0.011358112430249314;5902.264355291621;5714.3252932458245;1.0000015385292778;0.00967176562072111
b_ws[5];0.7640541052171963;0.7934818946249267;0.010468835853699166;5679.195461710943;5811.903916399234;0.9999811128779338;0.009306233017280258
b_ws[6];-0.22726394090345264;0.9134052113156491;0.011757343343092653;6036.880204724983;6042.6800044934025;1.0000667152674831;0.009892354341622181
b_ws[7];-0.2683352466958759;0.9132425342547266;0.011988671985034881;5803.690598921091;6014.699183753563;1.000196703160425;0.009510237398571066
b_ws[8];-0.18802579917488402;0.762491621151556;0.01022246304039751;5580.37495076192;5851.373915792756;1.000807754807731;0.00914430044989839
b_ws[9];0.34590199635809527;0.9186207460623348;0.0119260252710101;5935.930191356931;5679.975032556397;1.0000100914466687;0.00972693225783681
b_ws[10];0.47093849649667224;0.9617584464170019;0.012459212776748604;5960.4796523163495;5226.4451068062945;0.9999515385775877;0.009767160315785733
b_ws[11];-0.30139800312222137;0.9248337561661305;0.012086298084846379;5852.394114197928;5891.313200189579;1.0000466566762596;0.009590045580026114
σ_ap;0.24477559394614684;0.03949252747877696;0.0005077673310868173;6071.406746925281;6011.59517246107;0.9997910550902842;0.009948931377782183
a_ps[1];0.5805645610918443;0.24015145204165264;0.003273696071055774;5381.745846232049;5688.393817572669;0.9999547818231173;0.00881881619015928
a_ps[2];0.5420959597805795;0.240504278164742;0.003207439443895296;5620.397295933213;5874.097831736011;0.9997758385453998;0.009209883202345136
a_ps[3];1.0169050868635074;0.27310046884330175;0.0036728970095139556;5530.427384330054;5768.901743320156;0.9996780038656561;0.00906245369977421
a_ps[4];0.5209752330971623;0.23936396909444532;0.003252658562722106;5415.979132370745;5847.402913297929;0.9996108751885511;0.008874912681273526
a_ps[5];0.5791504873284558;0.24370286598196353;0.0033672356719427914;5225.75881726729;5770.454636152226;0.9997200141377784;0.00856320751301367
a_ps[6];0.31865710940119274;0.23310761024500826;0.003280687619266713;5044.628600849634;5715.943280873288;1.0004478877040937;0.008266397865975163
a_ps[7];0.8879442288845566;0.2617020441499085;0.0035444438554137238;5453.218288678777;5626.918907136936;0.9995795631969546;0.008935934751794949
a_ps[8];-1.8618167464757158;0.3636927661764117;0.004674053492438416;6049.073606070473;5929.208570622846;0.9998499380083772;0.00991233510033341
a_ps[9];0.027273920706670025;0.2284064915180977;0.0030990458179731084;5428.02771972311;5955.890777174033;0.999951499713119;0.008894656140040903
a_ps[10];0.14571649110593282;0.2276093212657103;0.0030566442067099576;5542.7378423385335;5796.576814262487;1.0004415745074882;0.009082626273785572
a_ps[11];-0.4952954808890588;0.23934220545670992;0.003188674355689523;5632.154143448418;5683.4936121197625;1.000114717492324;0.009229148600633112
a_ps[12];-1.8740723410664513;0.3666535050693228;0.004719018097007349;6026.058628609231;6099.74894537546;1.000025766285514;0.009874621529003494
a_ps[13];-0.6747129801845662;0.24998054751376106;0.0032610628376307563;5874.757841963704;5655.583929666453;1.000250320546214;0.009626691978820889
a_ps[14];-2.1480673707770452;0.3959733736882723;0.005105466530748703;6012.50444545921;5930.590123058249;0.9996513960837373;0.009852410920546114
a_ps[15];0.3492020331852615;0.23431619334407422;0.0031473676389511345;5544.133306421954;5850.8358891068565;0.9999283701171771;0.009084912955766342
a_ps[16];0.7128881742858266;0.24842509407004854;0.0034631191888862918;5128.488546070865;5575.657981964815;0.9998674143744092;0.008403815251290867
a_ps[17];0.5798395434323376;0.24330561518015034;0.0032788255065994616;5507.721181818293;5921.18630226474;1.0001381104246443;0.009025246103568613
a_ps[18];0.1286295197430015;0.2270872327521771;0.0030626857636622206;5491.142907616214;5667.019400924381;1.000019983087102;0.008998080057992425
a_ps[19];-1.4966738746907304;0.32274536587439073;0.00416269072949427;5990.916547716103;5971.584064383974;0.9998399034944803;0.009817035838264645
a_ps[20];0.20471062989115119;0.23129674920809232;0.0031094199149950814;5531.791178068644;5210.85342618289;0.9998521871244243;0.009064688485036382
a_ps[21];1.1321566483993766;0.28486888695535567;0.0038109497251500113;5588.571175779701;5691.013962944787;1.000091290863382;0.009157731221984293
a_ps[22];0.7142100092058219;0.2521875656320616;0.003426047107200106;5417.557764347891;5730.994110388138;0.9998561576274388;0.008877499511948205
a_ps[23];0.14149069617047003;0.22915522626239626;0.003098603717571231;5465.921113791457;5851.137041654286;0.9999683455950866;0.008956750279500126
σ_bp;0.048593376640434296;0.009937317947296787;0.00012828065717984064;5981.084311756571;5998.910112593077;1.000560649936612;0.009800924211267971
b_ps[1];0.9176121133279853;0.49733613341578015;0.0064753072826240305;5905.1117287017905;5858.2960753470925;0.999981867085103;0.009676431478873185
b_ps[2];1.1065420050195516;0.4991101313911552;0.006599617772574166;5714.465029491836;5508.704223386889;1.0002546789973332;0.00936402761484265
b_ps[3];-2.1995237741282065;0.5488644806222757;0.007259463950826297;5721.171150372456;5649.764914525606;1.0003054707274628;0.009375016622700868
b_ps[4];0.8331022000831572;0.48681504390679803;0.0064350036994876144;5726.909870714824;5798.57051347509;1.000239078090913;0.0093844203963669
b_ps[5];0.3489180741102217;0.484849981634999;0.006468205116857426;5633.641477091011;5579.168784306745;1.0003855839203921;0.009231585824980423
b_ps[6];-1.6526789210536985;0.5325770293023476;0.006864277232662444;6015.4666578245;6030.901629448925;1.0004945096670965;0.009857264959943756
b_ps[7];0.21649322787432213;0.48272335865468996;0.006154951535495151;6152.488897124693;5888.312466540812;0.9998765338070242;0.010081796919809241
b_ps[8];-0.2236306998734194;0.48340366311789273;0.006351424103116488;5795.8004600643135;6166.103814086722;0.9998917552212007;0.009497308195617072
b_ps[9];0.43633145760590325;0.4916882877423462;0.0062370635592967376;6208.854807056075;5906.033331026238;0.999955435210397;0.010174161110404372
b_ps[10];0.0783542699535594;0.4817998860485111;0.0062360523080719965;5962.337617088957;5664.971481562685;1.0000379369492558;0.009770204876098608
b_ps[11];-0.33895092835240176;0.4906549383806998;0.006294395817192583;6059.114120854868;5565.762078607673;1.000282675006346;0.009928788024136964
b_ps[12];0.9820656326269734;0.4947207519420843;0.006304206051950439;6129.06712283727;5820.115558988818;1.0002605416238808;0.010043416749472364
b_ps[13];-0.012038398529215651;0.4765913386190199;0.006176419590317496;5925.195672819326;5772.985905954381;1.0003028257046322;0.00970934210241554
b_ps[14];-0.0883132436582836;0.4886150296535492;0.006280621269621278;6056.370424136116;5668.198141252889;1.0006216435092206;0.009924292056148963
b_ps[15];-0.9177454667226208;0.49576088568229576;0.006463157688392852;5890.362411473904;5724.102296691074;1.000397612211543;0.009652262459882044
b_ps[16];0.3535556938804653;0.47661659167911513;0.006571288540318606;5246.204292026024;5790.824734593442;1.0001943765490364;0.008596710559974546
b_ps[17];-0.8787001737437506;0.4914631487669118;0.00642277137122092;5863.175350884605;5859.578895845068;0.9996615353513445;0.009607712290301737
b_ps[18];-0.15986350838727978;0.4792866040628797;0.006247509062158118;5887.071743420019;5779.720947329076;1.0000010859358703;0.009646870195449794
b_ps[19];0.03167497836579919;0.47392077526103676;0.006270497509972157;5722.339373530047;6021.3902506562745;1.000074613450509;0.009376930935563318
b_ps[20];-0.352879197107532;0.4931335636337303;0.006323473672234384;6077.381057207517;5901.09435342409;0.9998972205824194;0.009958721201706868
b_ps[21];0.8669347439087023;0.4900634602816129;0.006463327953417367;5756.432625957647;5709.776464072516;0.9997746809077798;0.00943279795995917
b_ps[22];1.2687671472919224;0.5065888655880533;0.006922059977843494;5354.97686320444;5744.916537079046;0.9997765810226883;0.008774951104801662
b_ps[23];-0.5446232302355711;0.48997548256653956;0.0064226518249395825;5811.914351015621;5610.155975032263;1.0005317716452284;0.009523713277995189
a_e;-0.007900809336048769;0.05229000542012092;0.0007123318236551382;5388.963948829491;5809.135652439265;0.9999730576593913;0.008830644158604337
b_e;0.034022633870718515;0.013304983110575017;0.00017105580207865567;6030.614280958186;5847.189272854712;1.0000943171728145;0.009882086664266213
σ;0.9696202654663556;0.0034607641975873933;4.479011335754529e-5;5971.650822408923;5618.110614433888;1.0003652616679326;0.00978546599176714
