parameters;mean;std;mcse;ess_bulk;ess_tail;rhat;ess_per_sec
σ_aw;0.05539925065674833;0.017050469356846638;0.00022662603279891984;5770.836284205867;5844.554784170905;1.0007142881571105;0.009482031035198103
a_ws[1];-1.1745733534968068;0.5701579331740295;0.007291735116177322;6113.703733101987;5796.283574801385;1.0000554119432807;0.01004539475429893
a_ws[2];-0.1075326901601345;0.47209676423518876;0.006202779610976908;5793.276717397607;6042.746181403898;0.9997705719763629;0.009518902794071202
a_ws[3];0.5291111340106337;0.5883826594445789;0.00743629088308994;6269.705268283935;5809.329383872864;0.9998787768320119;0.010301720064060741
a_ws[4];-0.9790137342692873;0.5584094326997471;0.007315743566353229;5831.48676866353;6011.065815256036;1.0001682233730198;0.009581685530249594
a_ws[5];1.8169150632446471;0.5895470878515284;0.007728111982323192;5844.965450053716;5609.710422316758;1.0002658616015112;0.00960383228142413
a_ws[6];-0.4280538190585669;0.46906139359694204;0.006176982615858725;5770.026948812223;5870.701798885876;0.999730510571452;0.009480701220429068
a_ws[7];0.6167736324443494;0.5821076413857487;0.007490229510651225;6101.330717128921;5792.256295619274;0.9998898191817707;0.010025064716211259
a_ws[8];-0.17699501392536687;0.39133774192481297;0.005066899368093122;5964.384820399649;6044.400406500964;0.9996890701848682;0.009800049626719999
a_ws[9];0.06889921769376887;0.48971103476463956;0.006303916933514733;6036.865495298893;5927.68268567094;1.000064133002718;0.009919142246056247
a_ws[10];-0.3416662745098575;0.6551607586492613;0.008705028216674232;5647.910179991872;5891.726889455258;1.00012279536489;0.009280051793752077
a_ws[11];0.15931389634119028;0.6456474285765501;0.00830880849948188;6038.544134216962;5517.622909899945;0.9997468212154496;0.009921900408917597
σ_bw;0.03849417811793046;0.015127003748059137;0.00019289471815667336;6168.908548314182;6032.4411970552;1.0000288709698093;0.010136101498582602
b_ws[1];-0.30033102739948414;0.614575418192054;0.00782626862893254;6140.5170120462;5850.745552526731;0.9998141795469968;0.010089451513247418
b_ws[2];-0.019258887796680734;0.6293005663985314;0.00826812978960774;5793.31752772403;5973.483502757691;1.000162656638105;0.009518969849305944
b_ws[3];-0.7659595586176071;0.7999571766399654;0.010190149135205705;6160.305270760216;5776.252454492124;0.9998517968608612;0.010121965498052768
b_ws[4];0.9867582821905532;0.6495884801254388;0.008519575607963846;5822.778927086888;5767.484458763096;1.0002402200636509;0.00956737772111883
b_ws[5];-0.8817749994055518;0.544246580433927;0.007068050410320559;6005.831635277103;6027.899833628058;0.9998017612878307;0.009868150672326461
b_ws[6];-0.9130283026604781;0.6612700202714387;0.008751530566613883;5705.604124559571;5890.731119826105;1.0000648200570355;0.009374848413512571
b_ws[7];0.35539143806052137;0.6820666876890334;0.008797489023030082;6006.9935320893;5276.045615527439;1.0002898066455754;0.00987005977892564
b_ws[8];0.6243154983597144;0.4952104990512089;0.006477255698107783;5809.593239068947;5914.582383507812;0.9997438482032396;0.00954571238582787
b_ws[9];1.122589517709529;0.687129702306031;0.008904477488188667;5956.2194101601635;5973.769033946568;1.0000635276337364;0.009786633083693501
b_ws[10];-0.025836172519989462;0.8106653263280276;0.010395102321336579;6073.346299139574;5550.221390957197;0.9998177392697366;0.0099790836647988
b_ws[11];-0.1425953934877249;0.7761979561956243;0.009896868882584271;6151.2192960411585;5927.729285057755;1.0005544978564382;0.010107036380325599
σ_ap;0.2091876502181743;0.033890464699757476;0.00044697253713265174;5762.167999477178;5849.0052024649685;0.999914356636905;0.009467788221718136
a_ps[1];-0.2778445075835384;0.24147887963605075;0.003160957735348318;5834.438683155915;5767.995141834896;1.0004078868678918;0.009586535805573927
a_ps[2];-0.6244134810879037;0.2567724755359973;0.0033336776716214305;5938.814393862943;5655.471732835464;1.0003003322875386;0.0097580349920876
a_ps[3];-0.44123397017096133;0.24880431463018807;0.003295625167918686;5701.0612042048215;5459.866833181883;1.0000970151942754;0.00936738396474419
a_ps[4];-0.16534687367755796;0.23913345073756728;0.003101531384863758;5934.0530826121485;5904.937397355839;1.0000894455260467;0.009750211706375644
a_ps[5];-0.3479839498261631;0.24119572339410247;0.003189996377886946;5712.964834922146;5521.3593726561285;0.9997495223123809;0.009386942758363432
a_ps[6];1.0490298452524434;0.283845628601257;0.0037531938491180985;5711.585944776593;5734.585116318091;1.0001932610132396;0.009384677111148652
a_ps[7];-1.3188964072697105;0.30601714489476706;0.004049831754105828;5722.347669155478;5359.28259235641;1.0001550664129326;0.009402359644412004
a_ps[8];0.5040735446586605;0.24757626584492534;0.0032319421086787325;5865.597462858303;5880.2709178001105;1.0000623743342492;0.00963773263418013
a_ps[9];0.9924936562596213;0.2773734464295117;0.0036241519861265332;5860.017757345007;6130.407626241735;1.000315464245429;0.00962856464911891
a_ps[10];0.31839485401273304;0.24135034370253175;0.003122001805871669;5992.153336363373;5849.526423395608;0.9999067803084882;0.009845675930638904
a_ps[11];1.9052302866838335;0.3716138950779294;0.004871389575500597;5821.196158932318;5992.719205138079;0.9999466617299134;0.009564777083009544
a_ps[12];2.165751089455068;0.3982386180009373;0.005387254107015723;5490.719218233488;5982.226092420604;0.9999553908908849;0.009021772143378884
a_ps[13];0.15649038105554502;0.2385700688479208;0.0032107670932471945;5532.290764932822;5580.4338258463;1.0002000102834119;0.009090078135192081
a_ps[14];1.3616142725148912;0.31201159367189774;0.004085554516536601;5834.131887254483;5972.960135469054;1.0003569957205969;0.009586031710826549
a_ps[15];-0.5410937740453983;0.24944292782040497;0.0032461865654373682;5903.28194070534;5854.1609225958955;0.9999973715489968;0.009699651803411945
a_ps[16];-0.3059165315851897;0.24207657937318894;0.0031577630403370415;5868.540924956837;5375.122269537281;0.9999699662534629;0.00964256902142016
a_ps[17];-0.8846194892975925;0.27222989047081825;0.003550374807135249;5882.786054344001;6058.189915264091;0.9997750503702482;0.00966597511930569
a_ps[18];0.002879579913094465;0.23673269999333005;0.0031441360666919745;5674.4409780300075;5890.5387914356415;1.000024584335679;0.009323644409795386
a_ps[19];0.23132546477092053;0.23736692151547448;0.00309456520600939;5883.722146088436;5606.475671752744;0.9999308441091926;0.009667513206774368
a_ps[20];-0.3117708721391386;0.24233134478492616;0.0031759476172467777;5818.400938666379;5673.823111437234;1.0002590053201565;0.009560184271152381
a_ps[21];-1.3943261716990698;0.31641543063585803;0.0041325018688949545;5873.374540243984;5714.2442273040715;0.9998967105316052;0.009650511109517574
a_ps[22];-1.2514815613574604;0.3067904014147629;0.004029168480277164;5796.076265441602;5714.479492838718;1.00028766524006;0.009523502716877944
a_ps[23];-0.7371715965322363;0.26393926512677457;0.003398651674896048;6035.561798865248;5969.530077034621;0.9999356730882548;0.009917000149237779
σ_bp;0.05943364384037072;0.01105063022949555;0.00014202167311026372;6035.906229346052;5998.781577797062;1.0001517619290152;0.009917566081166465
b_ps[1];-1.2373538385924363;0.44717659552809136;0.005798380729058235;5928.722204595894;5561.439894399536;1.0001575103538953;0.009741452568478538
b_ps[2];-0.5710954575853869;0.4277165869458042;0.005436653607017488;6183.659313254748;6016.297256971308;1.000076235724514;0.010160338403611803
b_ps[3];0.1512235595249373;0.4183428236269155;0.005485954018689586;5797.2836216473415;5977.367700607745;1.0006913960659776;0.009525486517569829
b_ps[4];0.08613762483510932;0.4177780019587122;0.005361717530048209;6066.702123055414;5530.914791178388;1.000589968421155;0.009968166653687993
b_ps[5];-0.5687336551988793;0.4329000923615496;0.005758420025810428;5646.121048328432;5403.682779923541;1.0003683385617632;0.009277112080836427
b_ps[6];-1.1671455659352434;0.4431221063634625;0.005747033257529017;5946.309208418909;5593.215118424183;1.0002801687974123;0.009770349682840001
b_ps[7];-0.5419481988128364;0.4239618138436376;0.005530714996668794;5886.82322574992;5768.538503430845;0.9998326897323834;0.009672608574610966
b_ps[8];1.049640766024997;0.44921506396362193;0.005934288100167639;5739.726186990274;5806.678385130181;1.0000238190109059;0.00943091419653234
b_ps[9];-0.26856330491918506;0.4219261907452842;0.005441807877395911;6017.620018629145;5705.988314183834;1.0002164338731814;0.009887520103600193
b_ps[10];0.7705008601693538;0.43645562777405195;0.00564406679068234;5978.635647814874;5970.560821100656;0.9996171714647274;0.009823465087005753
b_ps[11];1.3826514808031036;0.45693646625580847;0.005917908083668082;5968.677284510483;5795.434698154899;0.9999461171234527;0.009807102552138763
b_ps[12];1.4739061441294319;0.4611300978265706;0.006038647577796018;5793.68976859517;5348.109526380698;1.000101586124187;0.009519581476342113
b_ps[13];0.756025220907554;0.43634093517651057;0.005792156822878218;5675.35020632204;5931.7633635038455;1.0001563412075893;0.009325138358065367
b_ps[14];1.4898187847758915;0.47046163510937283;0.006078970509353448;5989.525473862092;5788.5735588151265;1.000103281728;0.009841358103452996
b_ps[15];0.3268091007974569;0.41795364653218486;0.005522003448060099;5718.681007769195;5563.00696813197;1.0009994581482193;0.009396334972189809
b_ps[16];-1.1758596869103368;0.4510256784502738;0.005855997170406698;5933.385447930957;5817.309217217869;1.0000003914923767;0.009749114719309044
b_ps[17];-0.9574292081380488;0.43509837861688183;0.005648376668577531;5935.0860299930155;5893.810866218933;1.0007081753663267;0.00975190893683597
b_ps[18];-0.26827848376289065;0.42497758351225734;0.005612292742863166;5729.910059910233;5875.523428316786;1.0004416138041257;0.009414785369264595
b_ps[19];1.0906131675907456;0.44277155089814907;0.005626026230220572;6185.513173796563;5996.330857874182;1.0004048160674655;0.010163384472210307
b_ps[20];0.03859953153600544;0.4272779551469336;0.005571243706106251;5878.768358893776;5835.082700111886;1.0003383519869236;0.009659373664841755
b_ps[21];-0.887558795645198;0.4369099298145665;0.0055449549181158155;6189.76529914287;5972.753998328724;1.0001322920501565;0.010170371117215223
b_ps[22];-0.8134956603640054;0.43735781379428795;0.005666189268768948;5952.026960403064;5715.910826488174;1.0007310032691783;0.00977974449133833
b_ps[23];-0.20267973402694778;0.421048224359729;0.005548137651345423;5747.559613955984;5888.664610249879;1.0003610740877147;0.009443785259571177
a_e;-0.00620022522672598;0.04796607905392575;0.0006349166730885189;5711.622038770172;5683.728391725367;1.0000155385632308;0.00938473641700147
b_e;-0.03068887600832654;0.019528646192836188;0.0002563028606664144;5815.241069412889;5974.356088057615;1.000068018239838;0.009554992306443426
σ;0.9731054918985099;0.0034372607889634637;4.380312833100249e-5;6161.991210335653;5807.659225283664;1.0000471047908037;0.010124735656586205
