parameters;mean;std;mcse;ess_bulk;ess_tail;rhat;ess_per_sec
σ_aw;0.05901970794679559;0.018039692790240768;0.0002465783645897182;5500.956013315004;5591.38739661687;1.0002849958733697;0.009774788760106026
a_ws[1];0.9391952736053176;0.5206608758479474;0.006738854625412069;5983.117263630724;6005.915554987386;1.0001371171795694;0.01063155335861162
a_ws[2];0.5485396558102557;0.46486419133332657;0.006096857874534525;5817.628969775064;5973.356613177727;0.9996812623528158;0.010337492996959208
a_ws[3];-0.9145325050023422;0.5239451296728556;0.006901140607298198;5764.304196408158;5433.734621942273;0.999905349038805;0.010242738849847253
a_ws[4];-0.676353520797554;0.48790235135495585;0.006314626470329804;5948.565497140792;5847.905663524161;0.99977258177684;0.010570157445263085
a_ws[5];1.7843738308785748;0.5601274512574381;0.007834462294966945;5142.141638220438;5680.500930474628;0.9998441108468558;0.009137202363823385
a_ws[6];-0.3666830782705294;0.42484665239478053;0.005541705124815468;5871.904565101075;5854.627469191706;1.0001633064612556;0.010433936683812293
a_ws[7];-0.6987350875105139;0.5170040985248181;0.006689275312165353;5979.57109956532;5759.475168446686;0.9999759814917315;0.010625252089420573
a_ws[8];0.11083934214796815;0.37389392471202904;0.004842629268285136;5984.37077440268;5850.263829005377;1.0003153068723794;0.010633780753808879
a_ws[9];0.4442577743268771;0.4693058200326275;0.006130334941001198;5856.080504160257;5847.270814045747;0.9998864977164286;0.010405818507144612
a_ws[10];-0.4400362810048849;0.5911693630019083;0.007724130445217471;5881.736426853255;5792.622622919784;1.0002197092983292;0.01045140716921765
a_ws[11];-0.7063685116438194;0.5945875364707321;0.007561315212906995;6189.290686237721;5886.052169245398;1.000133820800899;0.010997908161132029
σ_bw;0.015753186522399175;0.011168786260355106;0.00014419981416729545;5977.253883497515;5956.556569597341;1.0000780712234603;0.010621134569207815
b_ws[1];-0.36303838674473005;0.8605180193247515;0.011042977314079758;6070.4377828348;5685.084382103002;1.0001170270677706;0.010786715411821397
b_ws[2];-0.6944714464673744;0.9064101224644796;0.011602053961789262;6106.769497013597;5888.236167630689;1.000093071176612;0.01085127415952465
b_ws[3];-0.0773670795643194;0.9503912897611079;0.012527823143108085;5753.619263731621;5848.350178340557;1.0004504923500348;0.010223752521002539
b_ws[4];0.37064390424952065;0.8764480089453015;0.011422385475786044;5884.175503288051;6093.301607089015;0.9999762615505152;0.01045574122621832
b_ws[5];-0.22188016832143936;0.7407805616188732;0.009750355854260784;5801.4122475028635;5487.222147908358;1.0003001513290029;0.010308677090377081
b_ws[6];0.08036774661894597;0.8850630668275092;0.011471056890589476;5955.983491587055;5915.710595658492;0.9998740374335813;0.010583338668410543
b_ws[7];-0.13606255163809272;0.8935610420376077;0.011597362150502732;5956.700413424375;5520.338589823564;0.9998239765406519;0.010584612585071639
b_ws[8];0.6448999984632825;0.7625874564813842;0.009964425189851668;5872.932923708523;5928.4793489533995;1.0000878327970812;0.010435764000397467
b_ws[9];0.2843023603169224;0.8876514582049777;0.011971658919169414;5490.798966237618;5806.088129851821;1.0007838154616326;0.00975674044461912
b_ws[10];0.34053503752571546;0.972216935242003;0.012739312677894434;5823.609083347577;5848.939519160329;0.999950015981091;0.010348119212982617
b_ws[11];-0.15586490535033098;0.9277188612390737;0.011759371541480582;6217.658484687136;5947.528895900235;0.9999287287765751;0.011048315624264093
σ_ap;0.21787687672205489;0.03551701832381909;0.0004599958044206062;6003.0225859475295;5486.920279080931;1.00002667570608;0.010666923632501766
a_ps[1];0.24076579431748463;0.2373389630924791;0.0031696429684129517;5606.277148638582;5520.607978199644;0.9999328487946351;0.009961936566282014
a_ps[2];-0.779178039525832;0.25841860889903795;0.0033912340309024073;5761.6120579673425;5891.834156586434;1.0005968410779755;0.010237955120526707
a_ps[3];-1.9290703719766091;0.3709283777147236;0.004857243980598825;5788.026263729403;5362.171670799476;0.999949440184635;0.010284891195086321
a_ps[4];0.4466517586767828;0.24424550465296962;0.003187690066212603;5873.63609814722;5848.058909796582;1.0002687312453988;0.010437013488956025
a_ps[5];-0.5104961304053003;0.243744975728568;0.003304581228104567;5438.830264121438;5617.4242734186555;1.0003699306842186;0.0096643959350297
a_ps[6];-0.3633674660437028;0.23916598194722608;0.0032275540288677286;5488.970073171895;5809.92607151449;0.9999395358918098;0.00975349063797842
a_ps[7];0.5332758616439303;0.24927621692823668;0.0032437943908429833;5904.144530932882;5919.304012831759;0.9999790349599063;0.010491224699727374
a_ps[8];0.44875729406880144;0.24356351583037242;0.0032395387380640176;5658.50338166428;5688.694626479008;1.0005129526301593;0.010054738689099686
a_ps[9];-0.19157768101935813;0.2330202650071029;0.003146861675371623;5482.553829868928;5808.433846619714;1.0006508065412338;0.009742089451935823
a_ps[10];1.3696771659735838;0.3156276328951493;0.004170902821353889;5722.81298329576;5850.674559642382;1.00013759995335;0.010169012057160209
a_ps[11];2.288378478140704;0.42148075156430764;0.0054847306218391255;5902.110086911125;5690.653565116367;1.0000896338644805;0.010487609644360853
a_ps[12];0.8426864907618875;0.2687128021990291;0.00352339988853249;5807.439537218248;5735.85469676128;1.000077810908499;0.01031938713488957
a_ps[13];-0.38376680298580435;0.23643358823429925;0.00317051301176378;5556.918899023561;5731.0080194895445;1.0001052978518352;0.009874230636187751
a_ps[14];-0.2992688050024607;0.23496576462389132;0.0030543159304454908;5881.56016217702;5888.891078641749;1.0000196698432373;0.010451093960027849
a_ps[15];-1.0669716323269987;0.2806916489723275;0.003698223512182562;5756.988377695166;5654.689116512864;1.000318359280085;0.010229739185361
a_ps[16];1.014782707568005;0.2823634609383526;0.003745033301553733;5679.145716327102;5798.522099543924;1.0002216072557089;0.010091418578987208
a_ps[17];0.5840742362155719;0.25116693683727576;0.003305911356973061;5769.719346324693;5756.180497662142;1.000309796217273;0.010252361167569904
a_ps[18];0.08073454634173476;0.23174468337262832;0.0031183292163336706;5517.421593611467;6015.190550222843;1.0005815354079712;0.009804046868845836
a_ps[19];1.0999961982066189;0.28746908134645816;0.0037803354269166397;5780.714032362549;5426.289241159027;1.000114962989429;0.010271897905046734
a_ps[20];-0.435767025870239;0.2409481700137486;0.0031641162462033596;5804.376931221;5808.483801755661;1.0002789629106748;0.010313945112338203
a_ps[21];-0.9399031956084334;0.26967174315936926;0.003510513434029706;5897.737834343501;5768.158724259424;1.0004127565073215;0.010479840477483147
a_ps[22];-0.9225261367079794;0.268353607088219;0.0036360218178462514;5434.164912767322;5515.603843585363;1.000111326213864;0.00965610595345781
a_ps[23];-1.1836055636424956;0.29147026839467105;0.003837149683429468;5740.6921032154705;5711.147193965325;0.9996309892542978;0.010200781920436474
σ_bp;0.03817122872329013;0.008657176116183487;0.0001106209153421483;6122.01004561883;6013.279741476306;0.9999559295144296;0.010878355478270645
b_ps[1];0.10474444181140918;0.5615935657648501;0.00725661733286369;5991.289417196225;5933.078332732402;0.9999862122185192;0.010646074666294244
b_ps[2];1.1995757532836038;0.5826512418877269;0.008116167170631516;5128.138396064692;5731.858356389672;0.9998059834025083;0.009112319646401593
b_ps[3];-0.8577691665321542;0.5737166965092887;0.007628854902924214;5601.903965518353;5875.716539845214;0.9998758134578701;0.009954165745881701
b_ps[4];0.23743043141168998;0.567799980094704;0.007286077238522115;6069.8851477899925;6079.042434588625;1.0006940518986147;0.010785733420543635
b_ps[5];-0.576598561228922;0.5608462419715997;0.007189466914805715;6086.0496010624975;5606.687919721051;0.9999014101272719;0.01081445644900976
b_ps[6];1.4741280399794507;0.5914355984744215;0.007683635024413995;5944.965818892736;5856.181621945689;1.0003694452614729;0.010563761085358746
b_ps[7];-0.35269806016245714;0.5704887583479042;0.007355234807728329;6017.183292374162;5448.6355071015;1.0004363770666915;0.010692086152194557
b_ps[8];0.582611934913041;0.5700918274751635;0.007278410134487457;6160.206346146089;5672.050280747632;0.9999617627638672;0.010946227456917222
b_ps[9];1.1479961561829375;0.5855657735907229;0.007752526132640962;5705.269647501627;5765.459112988813;1.0003122745897113;0.01013783885724365
b_ps[10];-0.9238627037907733;0.5708872425429088;0.007325893945538019;6071.648200483581;6058.682864614783;1.000813573341995;0.010788866233751204
b_ps[11];-1.28370003308142;0.5809058920425189;0.007554430627411301;5921.187343505548;5846.736933263812;1.0008106781140607;0.010521508507191505
b_ps[12];-1.0745050405648395;0.5764062140043258;0.0074956246596129365;5915.215857684612;6096.956040852624;1.0005599328158796;0.010510897622039482
b_ps[13];-0.7474811751305551;0.569586934358091;0.00745219235364124;5835.322957897868;5693.363339115694;1.000145145742072;0.01036893389483325
b_ps[14];0.9543885989447018;0.5670804898078563;0.007583596197208057;5602.491377520731;5827.1607801062755;0.9999451103067011;0.009955209533220571
b_ps[15];0.7506882134787903;0.569986762836762;0.007516272131567346;5761.084720355259;5889.812400034672;1.000866605169996;0.010237018080901068
b_ps[16];0.3928712832909837;0.559347777684729;0.007087864743291588;6225.55398297463;5512.781725576274;0.9999068423513903;0.011062345336141307
b_ps[17];0.41200691379573906;0.5647573287312093;0.007167494281831673;6231.428078114499;5786.112255128072;1.000013029663096;0.011072783165313183
b_ps[18];-0.8440304846654203;0.566182010449904;0.007327549093026414;5958.734391184553;5918.356847421733;1.0001834056667527;0.010588226811926092
b_ps[19];0.45208921097093485;0.5692095843430399;0.007472253555864682;5824.526608981438;5906.043985648964;1.0006277737678;0.010349749587635905
b_ps[20];-1.032503032476214;0.579036214477639;0.007594586482132644;5801.425136718661;5387.146667157784;1.0005184968057796;0.01030869999355271
b_ps[21];0.08743778263403233;0.5625039603800536;0.007368764721797137;5824.301869017841;5850.911172828092;1.000294782285717;0.010349350241474113
b_ps[22];0.008701181709250603;0.570864775355424;0.0074509738031075575;5876.074932077525;5434.0996221139285;1.000488737597647;0.010441347115044292
b_ps[23];-0.09877981281594615;0.5669631665858939;0.007441909639673309;5833.493537866703;5496.7696557637255;0.9999747489353557;0.010365683151814242
a_e;-0.00965297756251879;0.04942806752597745;0.0006484459134774965;5811.703576650375;5807.666618861663;1.0002635064084455;0.010326964015092378
b_e;0.028880148190109176;0.01265924556753822;0.00016370769410653096;5984.716543403926;5564.507994604749;1.000537920423644;0.010634395159548317
σ;0.9750952759743525;0.0034338318082679413;4.44909800448471e-5;5944.367975606556;5758.943403839976;1.000420552716992;0.01056269876240617
