parameters;mean;std;mcse;ess_bulk;ess_tail;rhat;ess_per_sec
σ_aw;0.02931796438959273;0.010687254780272161;0.0001366027409211422;6106.676669494489;5915.582285885734;1.0000618795181428;0.011464107986385952
a_ws[1];0.0198615307574973;0.7160052508773501;0.009345953070530776;5867.380626636381;6013.153120458687;0.9999747722748068;0.011014875805854068
a_ws[2];-0.4636056901153747;0.6497997339803963;0.008291921392556273;6130.525867643014;5809.876550773861;0.9999451538618351;0.011508880257419918
a_ws[3];-0.37127080753760994;0.7102376758431973;0.009262146067476083;5867.904955026859;5884.9218183268695;0.9997315667511554;0.011015860131308664
a_ws[4];-0.32759996720676493;0.6319910526064871;0.00807774964655833;6132.433694625633;5360.299362054658;1.0003864590606628;0.011512461834721585
a_ws[5];1.6210465274474257;0.624488176554155;0.008191486177539072;5842.463090733194;5769.071974288309;1.0003529120420802;0.01096809793667757
a_ws[6];-0.14458556849212306;0.5951373837746727;0.007677515042811847;6009.466147386058;5815.459617504915;1.0005351050151936;0.011281613974801699
a_ws[7];0.705238149774186;0.7072649516841965;0.00904577657120987;6169.044175409073;5955.733366842419;1.00075977790017;0.011581190953332283
a_ws[8];0.16390490011986344;0.5104498737908735;0.006593580266952497;5998.431403147201;6014.185595164165;0.9995823606496527;0.011260898370160578
a_ws[9];-1.1450363103294554;0.691948009988189;0.009124382694380706;5746.902781323743;5753.700422311481;1.0002857536470047;0.010788701881249424
a_ws[10];0.10417249502627919;0.790826964263093;0.01033153068659341;5859.777172718777;5971.988132732863;0.9998668724843096;0.011000601787185885
a_ws[11];-0.08718400989085621;0.7907208606518673;0.010428783330931928;5742.680220457381;6115.058654044872;1.0003908846008802;0.010780774837397098
σ_bw;0.01296826570651449;0.011554447199238468;0.00018296740510980152;5867.8790361693855;5453.355375636028;1.000195165026585;0.011015811473651308
b_ws[1];-0.14762791717898138;0.8978996375299899;0.011533029841931308;6069.373196333754;5372.0096190475115;0.9998083447038375;0.011394077908206405
b_ws[2];0.18034326839686424;0.8904799613035791;0.011538656352772632;5941.918224217339;5730.600759541366;0.9998163827910894;0.011154805773324348
b_ws[3];0.4119977522045089;0.9619500017040954;0.012592429147382154;5841.391199812528;5877.906531836044;1.0002440385335696;0.01096608566815097
b_ws[4];0.03612908519139511;0.8858291250410559;0.011710149766517271;5726.6826676767605;5534.784052255651;1.000203200530965;0.010750742516624149
b_ws[5];-0.31574512098779844;0.7819864826158409;0.010228693217092731;5821.6568640706355;5900.15949203432;0.9999569578397846;0.010929038257877097
b_ws[6];-0.26395974057007804;0.9177246054863879;0.011722867013667366;6125.670033469134;6274.710159477294;1.0003050287465662;0.011499764365037498
b_ws[7];0.27974115392843724;0.9099798946337821;0.01164178592864392;6116.381668332535;5921.638190782342;1.000368667832769;0.011482327250432285
b_ws[8];-0.48583114931812954;0.815046076092571;0.010422347520564987;6116.342232528457;5724.675579744013;1.0002246834125998;0.011482253217313956
b_ws[9];-0.12500522379954038;0.9241651427237576;0.012079462530150516;5848.3109785982815;5810.497849664632;1.0005352983067985;0.010979076218582118
b_ws[10];0.5324840135870471;0.9975350504299083;0.01294349250025147;5937.745402020809;5905.143719423221;1.0004446892160004;0.011146972104234255
b_ws[11];-0.005530048616792926;0.9170644325934884;0.011777277333715568;6057.354040436042;5847.50953082721;1.0002088216408331;0.011371514260485395
σ_ap;0.21973760856947971;0.03574081582731706;0.00045806029605182714;6051.3658289703235;5551.5560442276155;1.000711458367922;0.011360272548077198
a_ps[1];-0.9936731225145126;0.282133923452502;0.0037662292889853524;5613.501995200308;5689.692216449181;1.0000550490420186;0.010538267627012998
a_ps[2];1.111170861845509;0.2874142194586426;0.0037474744646258714;5877.309267937705;6010.6550189762565;1.0006441321476058;0.011033514915503521
a_ps[3];-0.8041705500138921;0.2661869119890582;0.003666984194044766;5254.1522089268865;6045.988543015906;1.0004404492689327;0.009863657691415369
a_ps[4];1.232388236082943;0.3017499248339406;0.004096064352684673;5459.5541566260745;5756.8369961292265;1.000349697593135;0.010249260243585929
a_ps[5];0.7295623178939438;0.2577450913113821;0.0034753279570382393;5492.969564045148;5793.326652212828;1.0003906604244754;0.010311991228014003
a_ps[6];-2.761745962997607;0.4793523294025001;0.00626846273209386;5851.680373852801;5890.623913489239;1.000873035380079;0.010985401608501578
a_ps[7];0.08409634693638797;0.23618063404320597;0.003418096619148666;4752.9879650675475;5403.214779679571;1.0007422972814384;0.008922818455694948
a_ps[8];0.43443436435368327;0.24515005470824214;0.003232400787435094;5748.818488875675;6057.040165645156;1.0004369844014913;0.010792298252800482
a_ps[9];-0.23804681843873168;0.23837643909570533;0.003220290878685068;5489.862197985187;6040.365036462968;1.0004581470931881;0.010306157747384092
a_ps[10];-0.24062281311404546;0.2410880141898131;0.0032902068116287633;5344.852793932497;5706.528327830607;0.9999717882866754;0.01003393055130444
a_ps[11];0.5886708790987264;0.25056456827302304;0.00339654938476835;5455.813055414293;5416.852232219655;1.0001144455952005;0.010242237047402297
a_ps[12];-0.15382869923558143;0.2377706295779048;0.0032223160814689547;5442.10393592832;5759.257286816653;1.0003276143496203;0.010216500818895137
a_ps[13];0.40480556554740027;0.2426920219149386;0.0032610622900229457;5534.055426395873;5523.618724672556;1.0006994044632924;0.010389122012595314
a_ps[14];-0.1033124223127888;0.2347478934498661;0.0032187548706721094;5321.52607123512;5084.316783876081;1.000428458206821;0.009990139127188753
a_ps[15];-0.9996325013096123;0.28009348792634675;0.0037265870138455414;5645.24308073599;5669.546378480016;1.0001735668761234;0.010597855394939851
a_ps[16];-0.4444941206666847;0.2437187277597792;0.003261169205878797;5590.2224551696645;5763.449123955173;1.0000751522511067;0.010494564779256562
a_ps[17];0.1041451629515349;0.23609893527074632;0.0031571336408404145;5587.904647600407;5713.411962927398;1.0005968251844477;0.010490213542454004
a_ps[18];-0.019826717516016546;0.23250369034696336;0.0030938474718034937;5641.9582054775055;5212.165299491145;1.0003408922736579;0.0105916886750162
a_ps[19];-0.5391098165671836;0.25083899097446377;0.003478812841186538;5190.414543580804;5556.332701617293;1.000537667784986;0.009744002514324078
a_ps[20];0.7974488435161299;0.26227359418434193;0.003524901475210226;5536.21890521784;5779.005150613094;1.0004457664099984;0.010393183526931776
a_ps[21];2.143787818289853;0.39811393270054857;0.005368808926225129;5488.80487037571;5836.6100944266955;1.000474511318134;0.010304172818666222
a_ps[22];0.3235376736990668;0.2408024781240929;0.0032160222848651118;5601.932175154999;5831.7386025827545;1.0009861015570685;0.010516547520716055
a_ps[23];-0.5771044770487219;0.2502134459010566;0.0033283022465008948;5649.418547876064;5796.764075219751;1.000520333555929;0.010605694029401463
σ_bp;0.05117351604987122;0.009901943917790324;0.0001281439200093724;5960.966269767792;6098.0616483204085;0.9998127103548652;0.01119056480609103
b_ps[1];-0.2402038255026183;0.4648013894872138;0.005934659337911651;6126.131597373154;5977.879923576554;0.9997795722544228;0.011500630862270721
b_ps[2];1.5075731885750008;0.4986675426771061;0.0065328674938883394;5834.816130090643;5476.812188742111;0.9998686500232458;0.01095374224252206
b_ps[3];-0.6776522480550837;0.48061085159051187;0.006053790028801141;6303.082165267853;5601.656426934824;1.000263559660069;0.011832821434719202
b_ps[4];-0.1389807334189832;0.46542653913213083;0.00624595821448275;5546.638430775461;5714.650312830583;0.9998724806103196;0.01041274417712244
b_ps[5];0.6966497562618603;0.4712587160414733;0.005984588072060364;6209.917958509136;6016.539500268716;0.9998541943951665;0.011657923600012597
b_ps[6];0.5594254549040161;0.48160184536503864;0.006151269955563826;6134.186634928445;6099.543660509878;1.0003507588288603;0.011515752642146434
b_ps[7];-0.4631035540659632;0.4732960611756588;0.00609414527475695;6050.299709991909;5847.575328762076;1.0000324841398711;0.011358271115259257
b_ps[8];0.6735709094870781;0.47897261178022293;0.006100988898279003;6169.780006946423;5641.168093023694;1.000483220208867;0.01158257233516409
b_ps[9];-0.9621840923222056;0.4811268763296932;0.006183801786471828;6055.1322927644915;5934.642405882629;0.9998667786898947;0.011367343357618964
b_ps[10];-1.3893274719641315;0.4968248434965823;0.006534726773360378;5785.856665407977;5889.298192668746;1.0005918388434938;0.01086183028771339
b_ps[11];-1.7531024202165864;0.5159688162098494;0.006771812092711045;5806.209664157411;6144.959678430337;0.9997800520747117;0.01090003911849624
b_ps[12];-0.01101282706509791;0.4759083510447798;0.0062550198356220174;5796.9718888674515;5563.882407297091;1.0001572397652898;0.010882696976573599
b_ps[13];0.1732349422423946;0.45962207972671876;0.006250424380481376;5409.886168171705;5449.059561975539;1.00013165263526;0.010156018172010098
b_ps[14];1.1784527786113341;0.4830776589323844;0.006479156806469756;5552.054764817588;5554.242644537346;0.9998138308704019;0.010422912299934554
b_ps[15];0.4873996049198187;0.4683723437967306;0.006042965526918051;5993.097778923242;6078.2943895142125;0.9998372068148267;0.01125088551908436
b_ps[16];-0.6172273399342462;0.48414576051720654;0.006414985268935493;5701.413034690301;5400.753642552906;0.9998010955551053;0.010703303653063505
b_ps[17];0.6104291811149408;0.4775573912868763;0.006108871233549476;6094.303577858474;5528.394303958959;1.0002507556375477;0.011440879892560497
b_ps[18];-0.5993335169063566;0.4739404002105707;0.006086600961294031;6063.918669118803;5727.991901702129;0.9999391081055032;0.011383838085076543
b_ps[19];-1.0484393458973629;0.48973920203226584;0.006286555725392618;6063.658173692104;5579.868783959453;1.0003581386565343;0.011383349055140414
b_ps[20];-0.3245434207199333;0.4697015010136324;0.005986750404264668;6152.215897202284;5978.552759866667;1.000457305598676;0.011549599105748262
b_ps[21];1.5102922344860186;0.5065873701977562;0.006620303714878087;5836.65164170219;5628.427817592261;1.000489614534317;0.01095718806165805
b_ps[22];0.29280344966023425;0.4687321905422414;0.00622867409131506;5670.08060128662;5860.0649999282905;1.0001380061870737;0.010644483050720107
b_ps[23];0.5593424162441899;0.4763840447221627;0.006308396250168931;5712.109873965804;5731.416899122819;1.0003063796210392;0.01072338490628917
a_e;-0.009117956592815094;0.04806318775728796;0.0006650622712615422;5212.402852234338;5834.2339273356265;1.000940369959582;0.009785281324139134
b_e;0.027103809313385886;0.014205726339749475;0.000190364124057277;5874.65498431059;5303.095979090818;0.9998423426058407;0.011028532009780063
σ;0.9800596412079653;0.003475142094800172;4.445618470350388e-5;6104.405875158499;5642.734278191759;0.9999811423340618;0.011459845007863982
