parameters,mean,std,mcse,ess_bulk,ess_tail,rhat,ess_per_sec
a_ws[1],-0.016408045333010334,0.2932802270836036,0.018212683694935946,260.6905821462528,308.62895592337577,1.0305847342326773,0.00936613285012783
a_ws[2],-0.042963250314337356,0.29174068170676737,0.018123923326977813,260.8670216235599,302.7306150751247,1.0310820182020723,0.009372471995834054
a_ws[3],0.01818162843390421,0.29308566740737413,0.01814295261694489,261.11606589179695,319.9836285750956,1.0232131846990844,0.009381419698058918
a_ws[4],-0.0329651205383355,0.29164395696406203,0.018042263822844688,262.59072212863214,287.06873425438,1.0268884347438025,0.009434401382739491
a_ws[5],0.034710585420657934,0.29073553686506676,0.018120732065299253,259.5385722772302,299.69477656393855,1.0304384692535946,0.009324743255654981
a_ws[6],-0.10571895047144982,0.29924942368731955,0.018388590120544168,263.5003250952276,302.1157440437061,1.0314679656753605,0.009467081743325835
a_ws[7],-0.037438615922913775,0.29065854889784265,0.018094115147766623,259.03426229970506,314.90404222934706,1.030070814269227,0.009306624326278027
a_ws[8],0.06072785922256035,0.29150816001275015,0.01800573079389349,263.62090536511187,332.2182127795942,1.0258165324988144,0.009471413970510809
a_ws[9],-0.012817891879757558,0.2911252859399203,0.018140611996004953,258.63208986471574,319.6333509394643,1.0319093004401492,0.009292175010833804
a_ws[10],-0.07608077721312247,0.2917457736274231,0.0181195591195042,260.6951776435147,314.2771530995662,1.0335322575334283,0.009366297957887048
a_ws[11],0.14611821279537232,0.29526810669480646,0.017909169430587776,272.185726226212,296.45337465166074,1.0296632749692107,0.009779132221635069
a_ws[12],-0.034736458168659834,0.29631557958431914,0.018221947925945083,265.7461800037092,248.27010454828172,1.031795814904942,0.009547771176989954
b_ws[1],0.0018562192659549559,0.27096853716785746,0.015037397648357416,322.606569521367,396.7485356399715,1.0100589973100333,0.011590660328365667
b_ws[2],0.02791198113216465,0.2678462755241252,0.014734565219497831,326.57300445736496,424.59695607431297,1.0100582764133,0.011733167035919463
b_ws[3],0.10349142423380467,0.2763068618631188,0.015406024839529832,321.23816536519075,457.69622994094703,1.010508088092475,0.01154149608540033
b_ws[4],0.011781569892030924,0.272504020464786,0.015046004701189384,324.952390239443,393.9147346757792,1.0107269726139734,0.011674941349594717
b_ws[5],-0.0004917280983629401,0.2692911750274991,0.014884789511076907,324.9785792718189,395.85633904052975,1.012232193650817,0.011675882273330548
b_ws[6],-0.007306118181768398,0.2831905942376746,0.014660731827411747,375.1369607984868,453.525582331918,1.0070289508688286,0.013477980611745426
b_ws[7],-0.016207438209865907,0.26996481687622376,0.014911811535574552,327.0780027540377,438.21004739820205,1.0112895074591253,0.011751310695336633
b_ws[8],0.07260373739158865,0.2720523346770987,0.015073308665108877,324.3348312716537,437.76543231893044,1.0122219593483277,0.011652753592417292
b_ws[9],-0.002770893626564952,0.27043069983863177,0.014931492532367733,325.26551904398957,383.0203235999514,1.0108739031557632,0.011686191491270106
b_ws[10],-0.006738525168175037,0.27033640364518285,0.014902497290481336,327.75185312420047,442.2176176873303,1.0113239116963928,0.011775520899004487
b_ws[11],0.22685985569399839,0.27514766367165977,0.015042497544244283,333.05552418167355,418.01881986547227,1.0054175133509022,0.011966072039397438
b_ws[12],0.002197253885301458,0.2720623735353451,0.01459761836241979,344.1721345879062,409.10977185026906,1.0096368283514716,0.012365471392648625
a_ps[1],-0.1901656607698133,0.21040508297197064,0.012242377444664403,299.73622380199794,273.1626572586935,1.005024518018043,0.010768970896502
a_ps[2],0.2628708863995289,0.20961723526782594,0.012138962950062199,303.13737422755037,297.1626439148039,1.0055622895073684,0.01089116797192654
a_ps[3],-0.15152504642125197,0.21162183220059527,0.012187112650917466,305.6019277920904,315.09896509885226,1.0050424514148348,0.010979714845817012
a_ps[4],0.2941626669315578,0.21106958599789707,0.012214518049943175,301.8156845419019,297.15325300271604,1.0075685200281523,0.010843682093915487
a_ps[5],0.18236582125088105,0.21122764999305357,0.012158076457421906,305.9597789355288,306.6392546617502,1.0052652585819057,0.010992571778823259
a_ps[6],-0.5752252311797579,0.20957762469682326,0.012209600783308011,299.50890838892275,277.16002003888235,1.0073665612482192,0.01076080387205403
a_ps[7],0.043699008579266625,0.21014389592437288,0.01211711593948058,305.30163269484774,307.95199140571344,1.0064885375381574,0.01096892579562632
a_ps[8],0.11863805070348421,0.21161447702845632,0.012240327231173815,303.7777820176152,348.22403241009033,1.0057591147053664,0.010914176645238102
a_ps[9],-0.023784999506317014,0.21026130877705845,0.012115529584601747,304.21927829519154,318.87039235347703,1.0044969190286779,0.010930038793976167
a_ps[10],-0.028266307151754877,0.20999797150406455,0.012106413426301222,305.6505422287628,311.21930833178004,1.0066756533048076,0.010981461473058238
a_ps[11],0.15265314318263815,0.20910708046963977,0.011970908502567889,308.49311792722347,285.3047014947988,1.0048891905926502,0.011083589986520957
a_ps[12],-0.011858140069188757,0.21042854880391104,0.012132980657258513,305.11236364427793,314.6901752603089,1.0052366242303508,0.010962125706963892
a_ps[13],0.11513550484558648,0.20985584676806116,0.012045593739447476,306.9634667665748,321.54031930605174,1.005834938249462,0.011028632435438617
a_ps[14],0.0035583339390237493,0.21189658079683696,0.012206214062870736,304.47114596083134,276.9779862290921,1.0075299594530318,0.010939087935673624
a_ps[15],-0.19129700796597285,0.20983085869467458,0.012202772629345519,299.44046364290296,303.059089278249,1.006502066462747,0.010758344778293003
a_ps[16],-0.06954235966545642,0.20871646570511065,0.012056784749315902,303.6291621316878,293.75003986714523,1.0037414835262886,0.010908837006251887
a_ps[17],0.04896427595782105,0.20996511407619245,0.011979835551605596,310.4353465948425,300.1765995155526,1.0091572157113395,0.011153370688134646
a_ps[18],0.01970629967774349,0.21056736586696742,0.012249984987691288,299.9199226940174,285.5002592187452,1.0063057637390742,0.01077557085961885
a_ps[19],-0.09182733113573392,0.21091919614966462,0.012075673777569207,310.55530162121113,320.60556056801147,1.0055278000949044,0.011157680451470779
a_ps[20],0.19614450966624478,0.21076138144624945,0.012056117595025923,308.26453129720824,326.2377265559748,1.0082140117222327,0.011075377289587837
a_ps[21],0.4900393224460861,0.21095396148584208,0.012176470425657395,302.90912295509594,306.956884688019,1.0054566766429296,0.010882967323773399
a_ps[22],0.09485906849192362,0.21041454350840325,0.01207338804967227,307.8976626794625,348.0930630455923,1.0051769067999523,0.01106219637532519
a_ps[23],-0.10106414120292731,0.20981017307132413,0.01212281829738237,303.59873798476286,284.8826423271005,1.0061052257250696,0.010907743922644476
b_ps[1],-0.03210392333200582,0.2216717622515848,0.012385329083200274,335.3472935645933,260.51131995150075,1.0099590509649392,0.012048411095628628
b_ps[2],0.07404908196115298,0.22313546136885568,0.012370754610934218,340.74360419492905,297.26909034546554,1.0090443758399614,0.012242290605383708
b_ps[3],-0.05997259724879522,0.2220736302376608,0.012363271927557637,336.5080005115852,296.9287586339068,1.0097754325412234,0.012090113160107096
b_ps[4],-0.025703291501677022,0.22294130706061974,0.012260077985727948,346.5234112057754,290.9504624145309,1.0103716229697073,0.012449948434316387
b_ps[5],0.02536359010398048,0.22206559594620756,0.012326153066472114,339.62819535553166,271.15696443368955,1.0103100773600455,0.01220221601854596
b_ps[6],0.014587080161618093,0.22144829198329158,0.012258225463699257,340.08965900015926,304.994653292429,1.011415913918617,0.012218795558034892
b_ps[7],-0.04719857696643593,0.22157386828760567,0.01234213878477227,336.4526914001091,288.9508780122646,1.0103821263506663,0.012088126005520831
b_ps[8],0.0229833171969748,0.22195496273188753,0.012311211350823158,338.3879788912469,283.9121130459404,1.0096921098986642,0.012157657323437866
b_ps[9],-0.07798522349055766,0.2218615130706421,0.012321574073972795,338.9042679362304,307.23714261845925,1.010145316343706,0.012176206638662717
b_ps[10],-0.10413366848444458,0.22291272798022513,0.01243771158718665,334.44380164398956,282.89341682796726,1.0102617241172003,0.012015950293678199
b_ps[11],-0.12539920935747492,0.22143988887080027,0.012274287093036435,340.68326733317787,292.17996246700034,1.0124682732128796,0.012240122812982967
b_ps[12],-0.019361286366346157,0.22164301742669087,0.01234791600561802,338.4916941687596,273.337265379166,1.0101196509187298,0.012161383622484704
b_ps[13],-0.004788296041004888,0.22301195501503968,0.012342351346313268,341.32003424131153,274.16827656021616,1.0089793990955578,0.0122630006761073
b_ps[14],0.0500969997166013,0.22152839443197975,0.012286275418400494,339.71849779585557,286.26301371351104,1.0086374890589067,0.012205460419037152
b_ps[15],0.011065559442982953,0.22280237930105184,0.012322992860885455,341.93828927289053,281.5032930051143,1.0096216937164741,0.012285213441575675
b_ps[16],-0.058916949035341615,0.2217391484395286,0.012323579064031314,339.905510130713,282.40650293475375,1.0107870923783289,0.01221217942805722
b_ps[17],0.017792358424119765,0.2222279707196488,0.012312059294422951,338.0474470119427,254.35990553461534,1.008850056308906,0.012145422639718153
b_ps[18],-0.05515742488297433,0.22303607460014083,0.012433474739808185,337.4633537853878,269.78836126116875,1.0090853844368382,0.01212443724503403
b_ps[19],-0.08255880264671653,0.2225903065463387,0.012294086738168095,343.63699328913987,260.3102014622185,1.0089793707066788,0.012346244750640424
b_ps[20],-0.04223803458429501,0.22173462002851804,0.012285758246001567,338.52356241683395,269.43476362149465,1.0105578943815623,0.012162528589988739
b_ps[21],0.07434501499508625,0.22267906005930743,0.012348449718485074,339.76016760822995,264.0688402417015,1.00911973858664,0.01220695753870801
b_ps[22],-0.0006948359006671295,0.22225930624291015,0.01239208652099395,335.13149354470295,270.92063312319755,1.0097639993907674,0.012040657798065239
b_ps[23],0.01723978297864326,0.22269753943380638,0.012341028663452125,341.392784735796,288.2484535407862,1.0096317261190693,0.012265614467486507
a_e,-0.013504129126781516,0.32825364989065303,0.020571885138524985,250.4111146699435,371.1813691981088,1.0066253166498391,0.008996810501698432
b_e,0.03442627753136928,0.3441933752531796,0.018010998085761575,370.60909149800875,354.7579177205845,1.0122611530235142,0.013315302600721227
σ,0.9795763941363094,0.0034211070991093284,0.00010945059952071172,987.6424041178054,792.9068527655445,1.0069771258113378,0.03548417395530362
