parameters,mean,std,mcse,ess_bulk,ess_tail,rhat,ess_per_sec
a_ws[1],0.07208383889796041,0.2763777599942574,0.015994526294449488,299.836319722233,451.8677749939851,1.005376834304677,0.010785500464919372
a_ws[2],0.07305895880119197,0.2746361455539646,0.01585454275079844,300.50966799880837,434.3570766798671,1.0038377821574969,0.010809721673866922
a_ws[3],0.09441828715565315,0.2769933910570224,0.015767858593104825,309.04829592286103,481.5806794992694,1.0075051712362677,0.01111686717088329
a_ws[4],0.02888363548464048,0.2770847550158925,0.01603725431817614,300.03306160559976,392.9403631407168,1.0050976269215701,0.010792577525085023
a_ws[5],-0.03686188897073652,0.2742210049870243,0.015939651378959495,297.22285583039985,413.7463626229454,1.0038517627857444,0.010691490786417018
a_ws[6],-0.077046243328529,0.28466665561417615,0.016315114080394485,305.5179747607742,414.1623824994047,1.006762286332194,0.010989876949784405
a_ws[7],0.03485362558464075,0.2751879572787164,0.015948187260206928,298.7191824012541,412.20331767021156,1.0036493092101326,0.010745315589698257
a_ws[8],-0.015461559998617048,0.2773464176709908,0.016081878220545784,298.21955090881903,460.1392705230674,1.0065811246416374,0.01072734319829838
a_ws[9],0.05573313979096281,0.2744307878478759,0.015906851914903507,297.87123671085084,437.89403104217524,1.0035789161781092,0.010714813885813473
a_ws[10],0.10345901756734847,0.27410297740068185,0.015840449255062197,300.7765072489044,478.68685386925665,1.0047535234699376,0.010819320227032981
a_ws[11],0.011676594285401147,0.28134618112792925,0.015861591826533246,317.96107235376036,445.23714332865825,1.0051054450986043,0.011437471273909369
a_ws[12],0.02839748530436496,0.28002891236056104,0.016115817198510636,304.87143795875784,379.48480844728556,1.0092797955499109,0.010966620184275827
b_ws[1],-0.007510646922585919,0.2717583354486365,0.017338270658822985,245.84615691659687,424.06918713120723,1.031230162981143,0.008843404435389958
b_ws[2],0.022360458796169283,0.27264955425055426,0.017476513625047672,243.79498359905452,390.34806690566035,1.0309665707957032,0.00876962107655445
b_ws[3],0.046405750760193515,0.27504888652908793,0.01769875671220099,242.06291653621506,375.7291766556329,1.032875627131077,0.008707316382684033
b_ws[4],-0.012687755736954758,0.27091101978539456,0.017324776740121395,244.85130037488466,435.9527155902352,1.031277145678847,0.008807618158053358
b_ws[5],-0.03843679361451767,0.27083350917381555,0.017446659222228184,240.6557824267309,366.55791664268844,1.0328655335720787,0.008656699947670073
b_ws[6],-0.03277883207202433,0.2787843957718654,0.01730464595499706,260.14279663807196,460.671289009867,1.0318139276012859,0.0093576730687083
b_ws[7],0.008912510036776351,0.2718120311939801,0.0173161693944395,246.64761423302744,323.8645427265211,1.0323912723664768,0.008872233892298256
b_ws[8],-0.051353926199439966,0.27346354139330825,0.017521815971175716,242.38891060279613,343.6991930142411,1.0321363999581044,0.008719042811156501
b_ws[9],-0.0069437268669102345,0.2708492609686505,0.01732890540803952,244.03487175816934,405.0673812773426,1.0315400378237125,0.008778250164098143
b_ws[10],0.05821102482512618,0.2715151633840447,0.017552311958462512,240.08889582448487,395.0804472328428,1.0322762877618172,0.008636308302929552
b_ws[11],0.023163420986715526,0.27974030508196535,0.01780509338238513,247.80821434326197,427.1544847321057,1.0314165539786102,0.00891398218029791
b_ws[12],0.0036749955159917284,0.2742161406235638,0.01737915304431751,248.01045101864582,415.7948815612588,1.0313153872490486,0.008921256895243708
a_ps[1],-0.09765657796696024,0.21316232273488508,0.011355250456279609,340.86267477941135,374.19075665890523,1.015414011606474,0.012261271552134774
a_ps[2],-0.21318706935676196,0.21366067110864484,0.011279871560892664,348.49712194511443,336.74585430254575,1.010141563683292,0.012535892497093588
a_ps[3],-0.13149306590989535,0.21276048235395392,0.01122576460471731,350.63790721225206,406.0397160539039,1.008716766991864,0.012612899313730731
a_ps[4],-0.13059990605687785,0.21330174431584586,0.011346943864236902,341.7190206795543,412.79823599442386,1.0124148231807841,0.012292075422435343
a_ps[5],-0.12237383098989087,0.21277226234299262,0.011345249565221545,343.3054440305642,371.2879686672032,1.012481200134938,0.012349141123500936
a_ps[6],-0.15054994245417047,0.21340362378944921,0.011299586882925776,345.4640038232765,446.1008851840704,1.012923556470902,0.012426787312826574
a_ps[7],-0.06890030772426384,0.2137825922510039,0.011366162227592897,343.37837995166035,357.2338212535528,1.0133516265590075,0.012351764722975543
a_ps[8],0.31428431056554695,0.21204538781093585,0.011324159768394494,340.1493713042259,379.8735078000033,1.013015445838993,0.012235613102983689
a_ps[9],0.04340833986782328,0.21286857590414038,0.011223864003496013,349.6496151210962,407.99878098040944,1.0146067765926376,0.012577349168176275
a_ps[10],-0.02525692665216917,0.21140545714942113,0.01126279570526723,340.91521322061146,393.9962537055002,1.016609060975259,0.012263161427859352
a_ps[11],0.23370194344295606,0.2137528660863736,0.011236568556547148,349.33153146226346,386.5666730084658,1.011460881361213,0.012565907287308067
a_ps[12],0.40613694822777424,0.21387608875737357,0.011445590889121827,338.9544609023913,406.69879847879025,1.0087885283569011,0.012192630629391221
a_ps[13],-0.08032031811349212,0.2133268579233107,0.011248606537628368,347.2239835015871,422.88297729397954,1.0158786630957484,0.012490096059599654
a_ps[14],0.24215967429590735,0.21410392864593392,0.01144459333202446,341.4939512866388,407.3727057232167,1.013857130856903,0.012283979385090106
a_ps[15],-0.1072384624380147,0.21322758766257102,0.011347850920550474,340.8633007562441,386.35967994462635,1.0128100559175184,0.01226129406933158
a_ps[16],-0.015209241702744146,0.2139089773539912,0.011429690178836188,340.420335209242,367.2957744936403,1.0090770744664,0.012245360025325303
a_ps[17],-0.35285583079907906,0.21176913408995438,0.011344488785572527,337.8599451511052,341.59400307835796,1.0135271238428172,0.012153259481308513
a_ps[18],-0.06364218989806589,0.21383468104663397,0.011615733254177649,328.1922362175744,399.0577071656206,1.0117802830563485,0.011805499479138337
a_ps[19],0.6659821712387984,0.2124581746498492,0.011307637346894333,342.3613510231019,362.21890815635646,1.01223564537846,0.012315180876188853
a_ps[20],0.09303157016262369,0.2139426949647993,0.011380147184239603,345.40710539225415,386.4943761863732,1.0126217390769812,0.012424740602625443
a_ps[21],-0.10276185319450139,0.2141578578156535,0.0113250412103849,349.4573837369131,420.24874692117703,1.0168310699006413,0.012570434356503693
a_ps[22],-0.24727753745943498,0.21244401264162338,0.01123537288988236,345.94574536344936,398.99575111675324,1.0120046724877605,0.01244411617949062
a_ps[23],0.05526261160942687,0.2121987069321919,0.011239331386005386,347.1932526266163,442.6478140502525,1.0120382955559095,0.012488990630255431
b_ps[1],0.03009579316401824,0.2224689562713767,0.013490977382575967,277.8344959163937,318.6499322192603,1.0394988792748179,0.009994066388131117
b_ps[2],0.06623289261285299,0.22333413158539528,0.013505830212558806,280.1258038957506,288.5529770269606,1.0379970687228919,0.010076487701531446
b_ps[3],0.0695067101491922,0.22190441581293852,0.013362462025814023,280.0595301812483,321.221822985447,1.0386794352614792,0.010074103750250165
b_ps[4],-0.02346869095991752,0.22148049694257127,0.013354040861495066,278.06358124561706,330.11175419533544,1.0414233249068414,0.010002306883902723
b_ps[5],-0.019590296928654525,0.22097296581860962,0.013336203480302275,278.5615289887123,311.49724572285066,1.0393065852625916,0.010020218708659758
b_ps[6],-0.05112904127407098,0.22154361151582122,0.013271415801360254,283.22874926222966,327.8907209226321,1.0381845838216388,0.010188104662157773
b_ps[7],0.04633851534105965,0.22296970215470704,0.013427100839512431,281.6842211046892,322.689203951874,1.0390090745830927,0.010132545985421525
b_ps[8],-0.039397703851254115,0.2206864786798842,0.013264323370288386,283.05538878630233,322.51583857067465,1.0392812961635345,0.010181868661477652
b_ps[9],-0.07052244914856147,0.22083557604601886,0.013352594786484836,280.2166582304455,323.7408568020809,1.0370836539219643,0.010079755849532994
b_ps[10],-0.0009842098844973666,0.22328240949208583,0.01339761774592587,283.58998224490904,309.3316466167813,1.0403737760138776,0.010201098680048074
b_ps[11],0.0026163932639240075,0.22189173361644654,0.013297716992954898,284.0082607367012,311.93483533803186,1.0375382713611012,0.010216144698728762
b_ps[12],-0.0859157222712814,0.22329280140466173,0.013536629441550074,276.8910279148201,321.8491836349292,1.037946695767265,0.009960128623089724
b_ps[13],0.022332272801917814,0.22281011351851618,0.013369528958704734,285.2913322953823,320.049644705495,1.0419108168063969,0.010262298443230096
b_ps[14],-0.043213498365843955,0.222460432007578,0.013417089094618353,280.08412932513727,309.25348080403955,1.0400512491547436,0.010074988613291763
b_ps[15],0.055655363539828764,0.22273029526595245,0.013396797624581513,279.7805108906536,306.77930292836976,1.0341465541833055,0.010064067065264108
b_ps[16],0.02455271581866784,0.22228791118190455,0.013427786977748832,277.66894108528777,300.7543769156249,1.0449547366044691,0.009988111166597192
b_ps[17],0.093054824999875,0.22216897559078894,0.013285813214303636,283.275780617296,318.8141205285614,1.0426029597690543,0.010189796440866915
b_ps[18],0.032913814498215656,0.22141275173794187,0.013276587170362463,283.44118708732356,313.41723341412904,1.0382734658936459,0.010195746325660844
b_ps[19],-0.011762485045284968,0.22155025150605556,0.013211610594163802,286.2776994363403,318.74841546476654,1.0353994748968154,0.010297779345834687
b_ps[20],0.040191588476739294,0.22147926089970282,0.013332498024261698,277.26079464101156,324.6087175402949,1.0391059659523239,0.009973429610778423
b_ps[21],0.05166442800658925,0.22064547855105168,0.01325672052583245,282.51449128195003,315.1812684348771,1.0388459544052424,0.010162411878223141
b_ps[22],0.03370139087310318,0.22329945340569157,0.013530311200181713,277.2688853932553,313.0718953868975,1.0376455373677027,0.009973720645607583
b_ps[23],0.0015421068337597003,0.2221531919585206,0.013521969953780893,274.2640491492897,313.24751877323956,1.0392364479808254,0.009865632797089696
a_e,-0.03810112579949755,0.3264163370686318,0.019473550443705193,277.78381180670146,386.0666060653376,1.005647104043828,0.009992243215110731
b_e,0.002847313434384053,0.34538438468909854,0.02212491550806566,247.01362884377113,201.29713072743593,1.027109963477563,0.008885399911538356
σ,0.9730766398062363,0.003595338765214935,0.00011736331352460619,947.0868701853286,688.1615323486285,1.0129500983929347,0.0340679404288508
