parameters,mean,std,mcse,ess_bulk,ess_tail,rhat,ess_per_sec
a_ws[1],-0.08399929141722019,0.23895156230705575,0.016933752471111264,197.54929743727087,239.0888348439575,1.0162855386859253,0.0074349295488436665
a_ws[2],-0.013466172385316957,0.23812123320786507,0.017222568831430793,190.049237816259,266.80260951814745,1.0173730320718337,0.007152658664473364
a_ws[3],-0.003059327999754667,0.24187867620837297,0.01716895027926245,199.01915065004243,239.79621016238698,1.0179164456081367,0.007490248677921148
a_ws[4],-0.05686973526618856,0.239432218719665,0.017171303656473513,194.4055964704139,241.27154842562834,1.0178134596922392,0.0073166137891096435
a_ws[5],0.09268450499557157,0.2388360313991204,0.017094400730859594,193.40700072629636,261.5274505004607,1.0171888311007007,0.007279030820698193
a_ws[6],-0.06375914985028262,0.2462455391718079,0.016895949852814948,212.25669757649507,280.6165018134056,1.0160131357419466,0.007988454594492121
a_ws[7],-0.04458899663529472,0.23801771304632108,0.017214270191689227,191.59843786813775,230.63644339601845,1.0172815951175285,0.007210964076804384
a_ws[8],0.05439573913512045,0.2409692212116626,0.017010965714382584,200.81431320705263,308.7724175055637,1.014939007891614,0.00755781109050999
a_ws[9],-0.016684937311345016,0.2379328947613905,0.016995591614630313,194.45698836206245,260.07280235130906,1.0169084487548326,0.007318547965027986
a_ws[10],0.0021995756489173574,0.2384601529199978,0.017029063394937722,193.94454035153012,247.21681712335325,1.0160948666805687,0.007299261564594379
a_ws[11],-0.04686822341434647,0.24158943868456204,0.017206959206508943,195.58718246854986,265.49510514707134,1.0169662243018784,0.007361083745550923
a_ws[12],0.003105353263542351,0.2445963878809885,0.016676619136697123,213.85789104674305,308.6238448258718,1.015473225453526,0.008048716821692106
b_ws[1],0.02498385236203515,0.26474764120920613,0.019731670194211435,178.87343063257964,247.89338398907617,1.0296263862426533,0.006732048011132511
b_ws[2],0.03189340360263512,0.2657767939963287,0.02003030551642511,176.8684969683488,247.94832302564564,1.0301163344726423,0.0066565906911772495
b_ws[3],-0.041032168021684835,0.2677977577944866,0.018917032351315494,198.98117978654903,275.9456716503953,1.027313468447075,0.007488819613385639
b_ws[4],0.07639481979923232,0.265071082927178,0.01990117599075735,175.1225904327226,259.476017893342,1.030175358767534,0.0065908820692806395
b_ws[5],-0.0020923176676623115,0.26346015983647664,0.01996181876958422,174.02548312935753,259.33725591963247,1.0298088538934824,0.006549591537682413
b_ws[6],-0.27452989392922517,0.2820658274826401,0.021098497517814424,185.15134271507435,320.50386809981796,1.0275992579123323,0.006968322372280284
b_ws[7],-0.02528773297687432,0.2641706191510939,0.019906525536715704,175.45562876291126,235.32947291295307,1.0296776398013192,0.006603416239506193
b_ws[8],0.07197603504183979,0.26731097622638866,0.019837214820794046,180.32594732851575,230.70957572907116,1.0294412036206946,0.006786714666204941
b_ws[9],0.056395884906149406,0.2637202883806289,0.019896042151953317,175.14770241527984,238.457661330126,1.0296382268586852,0.006591827179304148
b_ws[10],0.1029307325673226,0.26657910470335217,0.019895554299837127,180.57175467925828,254.004222078177,1.0280807493143367,0.006795965827100306
b_ws[11],0.01084194035937637,0.2700160216780689,0.020498760189627936,174.33780247891238,272.93380851587233,1.0294499290135082,0.006561345932108535
b_ws[12],0.02512420959498856,0.2678338148253784,0.019515850635808893,188.0010744959872,257.0870221995368,1.0297760014799866,0.007075574361019529
a_ps[1],-0.06578373581336427,0.1964881961549713,0.01431662923554569,189.34665476887724,256.03666789013556,1.0143511329751729,0.007126216376258424
a_ps[2],-0.1378103146603105,0.19807684899189545,0.014345319886735612,191.48037059582305,219.4400396023717,1.015475583743679,0.00720652051834545
a_ps[3],-0.10039041604098692,0.19732787604450855,0.014390313069598655,187.45638370805256,242.47580378890868,1.0148960347882663,0.007055074477260215
a_ps[4],-0.043826149236565796,0.1965903577794212,0.01423016732949053,191.46417110548163,262.7701639968009,1.0135049720402618,0.00720591083726342
a_ps[5],-0.07842660861279473,0.19670211677841618,0.01429555160759554,189.96244160373485,241.85336762478047,1.014298228347409,0.007149392017952242
a_ps[6],0.20684971889537931,0.1966851799835834,0.014176425103659358,191.83944055003062,233.7462299627644,1.0138717597131766,0.00722003441005386
a_ps[7],-0.2809980728836553,0.19591653841988946,0.014298680289230273,188.0564295691526,217.51158169845837,1.016002212647128,0.00707765769451904
a_ps[8],0.09470998655208446,0.1963921603931312,0.014239452553641329,191.0196573920903,232.05515392862134,1.015220557354642,0.00718918119972265
a_ps[9],0.19565685181088915,0.19790517878104377,0.014257415580722415,193.32109984482108,260.4457965011376,1.0150694616182494,0.007275797870694131
a_ps[10],0.05839346797363195,0.19634618523765524,0.014226405724735137,189.7378242389827,244.07223020109757,1.0134356210153712,0.00714093835952853
a_ps[11],0.3823681595333548,0.19678295458252945,0.014201686367033948,191.60297811955417,243.11255037490815,1.015057654974645,0.007211134952883687
a_ps[12],0.4399742066386097,0.1953017940268754,0.014170210859021037,189.50070608269004,220.72305538367618,1.0146781121985495,0.0071320142235804
a_ps[13],0.021098033141345292,0.19735472379835498,0.014232093711432964,192.78039513834133,248.16465816682557,1.0141623644239979,0.007255448006373902
a_ps[14],0.27218819781009035,0.19635649860171334,0.014214279774877728,191.01770753683627,227.23863536638305,1.0147205812313405,0.007189107815323757
a_ps[15],-0.12254771777235134,0.19528528351542204,0.013952654781712157,195.96012220424902,255.36871830115882,1.0134009303866456,0.007375119637841394
a_ps[16],-0.07467283411397202,0.19688215304353426,0.014401397836738286,185.6819449696657,234.48142242194285,1.0149528810747865,0.0069882920225525
a_ps[17],-0.19268012070547402,0.1973454288260857,0.014210409562358707,192.23022094769382,259.01727693781487,1.0136098288671804,0.007234741750264055
a_ps[18],-0.007445883880612565,0.19664255446612683,0.01413075125631484,193.33759237367536,247.04739775618978,1.0142605591214882,0.007276418580520512
a_ps[19],0.04244818208125504,0.19618168028761462,0.0143692684390594,186.29367649219208,229.40994151366868,1.016088546383924,0.0070113150392465216
a_ps[20],-0.07276982238105506,0.1962232587500437,0.014040448438361115,195.58923298412796,231.99950635182108,1.0124927781161117,0.007361160918383527
a_ps[21],-0.29551552198219044,0.19692138460226066,0.014290989827259888,190.14969725487845,224.06281449211502,1.0135836655376536,0.007156439537695093
a_ps[22],-0.26916566568075767,0.19620707336121862,0.014308331826727467,188.05377385266365,247.04807237786477,1.014415477622332,0.007077557744454659
a_ps[23],-0.16579751589342562,0.196637272269768,0.01432711935755374,189.4213150244218,248.9235713531051,1.0164094311540675,0.007129026276102531
b_ps[1],-0.10134528763155798,0.2103548083459456,0.015806267114155472,180.49586835149893,370.95996831967125,1.0144269070065997,0.006793109783024572
b_ps[2],-0.05796697956554019,0.2094921622195467,0.016117672433852915,171.0757695962731,358.8564073885133,1.0171003628497601,0.006438576653842001
b_ps[3],-0.00623253315300886,0.2096588258001423,0.015851995925380908,177.2179046959174,278.93509375889107,1.0155908218315328,0.006669740937075335
b_ps[4],-0.014472222041152703,0.2107645848586035,0.015995712579913203,175.7486070429234,354.0260988657236,1.0146404027133922,0.0066144427169449365
b_ps[5],-0.056503387066902284,0.2100729629548449,0.01600027869482982,174.9055821883755,349.95084964236156,1.0160766954271956,0.0065827147863331955
b_ps[6],-0.09842194963816493,0.20970935162220483,0.015727186327807095,182.90632153537626,314.58819244807415,1.015443834602905,0.00688382916211325
b_ps[7],-0.05434894581222319,0.209312869909387,0.0158300044563477,177.2982933374618,368.8405585253663,1.0155497267713463,0.006672766429416555
b_ps[8],0.05447659398552814,0.20982126934388548,0.016042805833692858,172.0886517487014,380.1387262829913,1.0156420775611543,0.006476697302926957
b_ps[9],-0.03579360087826274,0.2086927703525823,0.0156559421005312,181.77811907236926,382.3334761671872,1.0139423464049238,0.006841368338723319
b_ps[10],0.03196271779209589,0.21004853324980433,0.01577822043666174,180.6001986253477,360.07270864812637,1.0152546850926603,0.006797036338299331
b_ps[11],0.07700654659467535,0.20990908211535575,0.015843480398778607,179.26915305789467,325.38427659587927,1.015667332357645,0.006746941348599576
b_ps[12],0.08320201365002425,0.2096171834103643,0.015766111798671,178.80880847960572,385.9084425505782,1.0153458787081777,0.006729615903497159
b_ps[13],0.030897384520472925,0.20961718527020592,0.01601166149484364,172.88870900170843,316.91521649821397,1.0151425527940947,0.0065068081126757864
b_ps[14],0.08483961064926407,0.21096183377559988,0.016027530457305435,175.29090592183883,373.83573866583043,1.015680028161367,0.0065972167605186875
b_ps[15],0.004705467647276845,0.2087746253347029,0.01582063269179195,178.18975037207562,379.6912192594525,1.0169349204848708,0.0067063171447780175
b_ps[16],-0.09575056785217366,0.2078117348050663,0.015462423381462925,183.694176066036,370.9779690551626,1.0145927204493912,0.006913480712415789
b_ps[17],-0.08446690994551276,0.2096823590843257,0.015754965866957217,180.83570666669397,344.90612482811736,1.0151107123952718,0.006805899876253201
b_ps[18],-0.03610671744815755,0.210018152262573,0.016010894570758678,174.81898611363087,360.11025118876006,1.014433141155157,0.0065794556721612656
b_ps[19],0.05666773500443714,0.20948990187102365,0.01621871601306273,170.0884715849667,367.721728366709,1.016249519371722,0.006401418884854707
b_ps[20],-0.014814419599222894,0.20833575551424846,0.015802234063098355,177.92471350780718,365.1525557908413,1.01463170709517,0.0066963422653973
b_ps[21],-0.07896035160201824,0.20900177699569286,0.01573811612673356,177.40204183930504,336.9582752842341,1.0141171410112548,0.00667667108922557
b_ps[22],-0.07076033107690423,0.2092039635341199,0.015788287865006943,179.0749481932129,358.60524244282476,1.0147586264340165,0.006739632289515677
b_ps[23],-0.02959194882812454,0.20885169780316326,0.01578557582000701,178.80264443045627,338.71719110111275,1.0134789001326068,0.006729383914460719
a_e,0.010015638216991384,0.31977848519508917,0.02261322346526977,199.94221550343786,299.232156687006,1.0098460372730687,0.0075249889794207665
b_e,-0.04551841596190444,0.3325587189932478,0.023515216501969066,206.9235402690586,238.06931915727776,1.0254643409436324,0.0077877368528039646
σ,0.9731295725411757,0.003453634357438943,0.00010986430098786124,994.0074426277895,761.1724389501097,1.0065377641464168,0.03741028392829689
