parameters,mean,std,mcse,ess_bulk,ess_tail,rhat,ess_per_sec
a_ws[1],0.06887595881481423,0.2844456696671849,0.018866849192376876,228.9882932496237,218.796097319983,1.0132638827104035,0.008265078936608357
a_ws[2],0.031210697972448045,0.2862161137631412,0.01894066341275189,229.3700278426282,223.2746544980658,1.015389855699064,0.008278857224132326
a_ws[3],-0.1038050453917718,0.2891956698906523,0.019288860441157966,225.70206628450174,270.9594487228741,1.0127155019542542,0.008146466212416666
a_ws[4],-0.03590255956921927,0.28409966963798733,0.018678983996758245,232.9671586568758,223.87735819326858,1.0161933346290783,0.008408691678562941
a_ws[5],0.0975358470309944,0.2844981431066628,0.018731011831964905,231.24387441820994,223.2746544980658,1.0153672890558452,0.008346491641780888
a_ws[6],0.024333614586824277,0.298338092120599,0.019316884424116016,241.9305940465267,286.10244040934293,1.0119021701986033,0.00873221695571715
a_ws[7],-0.029330711308065607,0.2860579969729129,0.018920154195905793,230.1407155628164,223.87735819326858,1.012848085158633,0.008306674344179973
a_ws[8],-0.07472435712465286,0.2858844259947544,0.01850572763230494,240.73158382697096,229.80737317405146,1.013482764050012,0.008688940009241876
a_ws[9],-0.0028803167532797116,0.28411551920856987,0.018804861183048756,229.19634922038946,226.9575893115005,1.0139589638726636,0.008272588486538656
a_ws[10],0.025035993156882905,0.28435121481619247,0.018840911288036177,228.05890001526055,223.87735819326858,1.0126938860370236,0.008231533516726182
a_ws[11],0.008705329895861117,0.29029470236065247,0.018591483821278433,243.74405964390917,227.99205173943838,1.0096401049785875,0.00879767198880415
a_ws[12],-0.11592064897073394,0.286685354479135,0.01881945099781753,233.3470515221335,246.12735713273935,1.0097077034581832,0.00842240349096283
b_ws[1],-0.01621585472005526,0.28036668001555354,0.02115873818361843,180.86551756690588,154.93614854191313,1.029499861748046,0.006528140624077337
b_ws[2],-0.036411426284225785,0.280363213223966,0.02117820321298499,181.54173061372987,136.51074128669353,1.0291708708469895,0.006552547785380871
b_ws[3],-0.04335268694592343,0.28339304302269125,0.021910906949092476,176.4500930225265,186.4769007964987,1.0311121188541061,0.0063687707633737975
b_ws[4],0.03362605834989753,0.2798319005853696,0.021452374742132196,180.28052037411297,155.81456765581223,1.0302657113306113,0.0065070257980418544
b_ws[5],0.005336048000390313,0.2800484898267496,0.021383170656076044,176.63591847065527,142.4607922264181,1.0300190664060307,0.006375477927200468
b_ws[6],-0.05196072975969086,0.30447359925791156,0.022910640131216815,178.1018750374508,208.98391848197087,1.023071684649647,0.006428390006548544
b_ws[7],0.013738852302915654,0.2810057188082032,0.02168017301929785,178.79173996626272,172.06059395511156,1.0302818301153411,0.006453289917418715
b_ws[8],-0.015506122178071088,0.2819113207235397,0.021214564006576724,181.71257287033853,160.09819151650117,1.0300730558978626,0.006558714147497207
b_ws[9],0.02921207276194557,0.2806949716868517,0.021551168776066013,174.83829978082093,174.29596787777996,1.0305355439146262,0.006310594870697633
b_ws[10],0.03723881415485312,0.2811184480810718,0.02108463708752843,180.20962842004943,188.01902370735777,1.029710976191187,0.0065044670314429575
b_ws[11],0.08256569399115676,0.28456681824985847,0.021603025945573166,179.01695987824635,184.26079261844166,1.0285858274524726,0.006461418980805425
b_ws[12],-0.05222256192895244,0.2829352285838678,0.021455135417514683,185.79389671578517,179.18980915201678,1.0296304717750775,0.006706025013348791
a_ps[1],0.04536784249370744,0.2003878513691342,0.012694174628978493,248.49168190655132,226.10121876742173,1.0065270860630917,0.008969032158379112
a_ps[2],-0.17448115016943636,0.20099058310263476,0.012927626251140398,239.97871932016966,222.84098408253058,1.003283558359796,0.008661766198349716
a_ps[3],-0.42089234951913074,0.20180036120688224,0.012896081228373811,243.35971564945632,264.0312621705118,1.003085266002625,0.008783799517823718
a_ps[4],0.08728268588417377,0.2018778403937567,0.012940810550699676,242.27912958262417,219.60572481744632,1.0060492812624662,0.008744796960036053
a_ps[5],-0.11855687106084051,0.20151112983129355,0.01285311668321286,242.72241149112776,236.79356184508296,1.0067296978557052,0.008760796729775193
a_ps[6],-0.08597706346950643,0.20229000857250018,0.012963826753800393,242.33485621090338,221.28213162106624,1.0051315352279604,0.008746808350989987
a_ps[7],0.10567112213272703,0.201502788616334,0.013039119255569253,236.89649503121967,230.67587781856133,1.004823113386867,0.00855051672490728
a_ps[8],0.09040002283536967,0.20055692679914744,0.012732933200775716,246.02743426267202,270.5265208954316,1.0042819808213972,0.008880087867791247
a_ps[9],-0.05081759612087913,0.20115629184884523,0.012740398244296973,247.0216895235999,260.9487981586763,1.004637736070307,0.008915974410714858
a_ps[10],0.28932098772431886,0.2006386492396817,0.012839070754073246,240.9032665591934,250.8664121845802,1.0054419839653579,0.008695136707395018
a_ps[11],0.4861045866606808,0.20091030402400614,0.012625298463644977,251.18684340969665,214.00814496937787,1.0048557827210574,0.00906631102907719
a_ps[12],0.17355031732300572,0.20141474953083024,0.012907899423667109,242.56101664812834,232.4810978979623,1.0059609743859295,0.008754971361594045
a_ps[13],-0.09282955965041187,0.20094206156136066,0.012653404361910123,249.30971871946568,250.75900815898822,1.0057801223191762,0.008998558291509499
a_ps[14],-0.07484294130850307,0.20051608823313857,0.012721189191108534,245.12580005570862,207.5389264608526,1.0095755042592454,0.008847544379271618
a_ps[15],-0.23854308454500733,0.20192254493085696,0.012944319745380954,241.42855019568495,229.78883477558387,1.0057242692564676,0.008714096238723453
a_ps[16],0.2096676461150888,0.20120550871183251,0.01271899019429413,248.34414783892063,215.53220759769144,1.005424939399916,0.008963707079539918
a_ps[17],0.11886636313379186,0.2012902744222208,0.012707309354986363,249.90888836158615,254.96217213634824,1.0041198790269628,0.009020184656413431
a_ps[18],0.007403443574799342,0.20104618428651622,0.012799468330343533,243.67796015392057,201.7423459863474,1.0073189469587052,0.0087952862008904
a_ps[19],0.23007076705653956,0.19988260533771357,0.012847901704615954,242.57236196888127,216.60711726953838,1.0037851167337326,0.00875538085838645
a_ps[20],-0.10189436811483385,0.20100591023506448,0.012854164821043838,245.05737299072885,221.45634613504478,1.0069635975103628,0.00884507458011537
a_ps[21],-0.21007200474428314,0.20144402413567136,0.012907842480739718,241.5699102671641,239.5902416071261,1.004411454386525,0.008719198474006661
a_ps[22],-0.20505107974920234,0.2014364471839668,0.012818142901445164,246.8475785865818,226.5827197858687,1.0048425666676828,0.008909690069197833
a_ps[23],-0.26328718705436305,0.19987229359186753,0.012695698375565135,247.77468430748968,239.82875629113613,1.0042904221525752,0.008943152923814299
b_ps[1],0.007459149488753979,0.2052041345298184,0.012706802605897495,274.9903994281671,199.86844485761455,1.0065487366754706,0.00992547403113586
b_ps[2],0.06426575092648071,0.2025653281381033,0.012530452954734388,274.9109617186336,217.3779228435537,1.006172474839025,0.009922606814954103
b_ps[3],-0.04299328890610328,0.20326222223577864,0.012544268388723663,278.42032055281436,205.2265938956612,1.0070236386961111,0.010049273236934764
b_ps[4],0.012686015098808867,0.2025380812357596,0.012423991663031419,281.49621843274645,210.9500779396839,1.0078185204803047,0.010160294365647539
b_ps[5],-0.026471063421767718,0.20423808332334337,0.012703263891515383,272.47411587056394,203.7428722584878,1.0074317041607634,0.009834651561850023
b_ps[6],0.07983254346876754,0.20332479582476165,0.012523290854703823,276.62711745156184,207.71269361526967,1.0068837944599593,0.009984549556213381
b_ps[7],-0.014991703712967456,0.20266509915698674,0.012327712539894108,285.6182571041432,207.00218786275073,1.007159722882571,0.010309074788067243
b_ps[8],0.032558298562685224,0.2036271589747603,0.012658046532279029,271.82404053828776,212.58473091689595,1.0070449320393535,0.009811187812416565
b_ps[9],0.06346314621760014,0.2029052872220077,0.012526881845141604,277.9442338380436,209.08485946821736,1.008145170285511,0.010032089414030937
b_ps[10],-0.04795083474335339,0.20290791815725523,0.012531328368913783,275.9341115591092,208.7239591531299,1.0047445545219174,0.009959536275737896
b_ps[11],-0.06760328113358144,0.2024524457582484,0.01260835400310818,268.88894482833575,198.17625163280232,1.007411256285824,0.00970524878215003
b_ps[12],-0.05369584394994636,0.2020824810651288,0.01249654023813568,273.288495726354,207.44021793095115,1.0071320351589415,0.00986404570116155
b_ps[13],-0.03710170268353598,0.20345742571005102,0.012445983495544708,281.43204894524507,208.6604141674045,1.0062232875320298,0.010157978239036898
b_ps[14],0.051479552382037636,0.2031028326778358,0.012542630494921634,276.3436150636362,203.34204590133731,1.0052333886538645,0.009974316851380876
b_ps[15],0.040005785050272656,0.2027950913085295,0.012583223021601583,273.52327269236486,194.8059877067441,1.0091591022772715,0.009872519715832957
b_ps[16],0.022883168287469016,0.20447952925822588,0.012738084768995503,272.91770985824485,203.5409268102721,1.012001833031855,0.009850662595741572
b_ps[17],0.025537277011340575,0.20290463485905444,0.012482903602635188,275.6682393699743,212.893564203853,1.0067768933069308,0.00994993991341271
b_ps[18],-0.04025177334476951,0.2039356495277911,0.012656242519891617,271.86820324896786,194.8059877067441,1.0103433667793562,0.009812781816566933
b_ps[19],0.02486628475417328,0.20315051267874457,0.012477275408203198,279.7818993249697,213.97487233871686,1.0102688816946375,0.010098417915339815
b_ps[20],-0.05143526207152554,0.2036552913839477,0.012373416798843614,286.0072077851411,212.58473091689595,1.003774853238321,0.01032311353229855
b_ps[21],0.006477896309091227,0.20446374105807427,0.012643270558105444,275.8883004015978,216.91504585783574,1.0068561237874287,0.009957882772724112
b_ps[22],0.00015034410955734766,0.20427237365750764,0.01263410487328885,274.3321354345362,205.65628903066593,1.0054161650225801,0.0099017147210363
b_ps[23],-0.0031318031859821262,0.20339383879748188,0.012606441401825305,272.62094053192834,198.1390277290907,1.0113911247957597,0.009839951035455404
a_e,0.00544052368939745,0.3381290327740442,0.02266108983578911,224.4185420355812,325.15530522754017,1.0062452066820027,0.008100138825615215
b_e,0.014451683510885526,0.321370100693228,0.02398974187851177,179.01152432014197,241.45382618506224,1.019906368652173,0.006461222790353242
σ,0.975693704816178,0.0035540071606908127,0.00011078191443585654,1026.6943860417684,818.3694063085992,0.9996522683444637,0.03705739723190768
