parameters;mean;std;mcse;ess_bulk;ess_tail;rhat;ess_per_sec
a_ws[1];-0.060528667984845595;0.027153169811400722;0.00046983481747111237;3329.1946007971214;3132.6010452165942;1.0000185980775946;0.19270196003871187
a_ws[2];-0.006572974287956789;0.0232155425212557;0.0004497528063034273;2667.3919373669555;2793.330184601831;1.0000970917424192;0.15439519648355718
a_ws[3];0.02205984657001563;0.030738656215307074;0.0005221056786521972;3459.224176019614;2930.2578465182132;1.0009415178974197;0.20022839120689168
a_ws[4];-0.04611152892865453;0.02629855772057111;0.00047410340152008256;3073.646225434914;2853.646518643313;1.0009117919056265;0.17791019244266476
a_ws[5];0.09414498124903596;0.019796760080155858;0.0004193509772906418;2225.0575946762583;2843.866633762101;1.0003081257402948;0.12879179834980928
a_ws[6];-0.026360236586988186;0.023204435763141993;0.0004656370434793529;2485.6504109381217;2729.5219080499646;1.0002619575291065;0.14387555057433993
a_ws[7];0.03460849020694085;0.029238831044714277;0.0004911104018988873;3531.8638399866236;2764.092474874043;1.0001542161181562;0.20443295336124717
a_ws[8];-0.009731190719158612;0.019176127622659328;0.0004219144212398201;2066.595494398217;2699.520235068237;1.0015006877014383;0.11961962280076864
a_ws[9];0.004503607543423534;0.02444944177311248;0.0004346196219012827;3156.8833250148996;3031.1598356488994;1.00025170151965;0.18272816019773686
a_ws[10];-0.01799537248509026;0.03504654475483492;0.0005621079384922294;3899.544239277382;3048.9733060925023;0.9996655739884682;0.22571519789996558
a_ws[11];0.007413394836796797;0.0347183552010764;0.0005625737209394281;3830.3158685326343;3308.545044128934;1.0002404106879068;0.22170808977549447
b_ws[1];-0.013012864335865728;0.024680371816940095;0.00047133893245559534;2747.322652430395;2904.040978851456;1.0007041425119463;0.15902178258228888
b_ws[2];-0.0008016408014090501;0.025950685883558044;0.0004735882992425439;3009.307750692351;2829.3802928887367;1.0003385681567534;0.1741861235084473
b_ws[3];-0.04047632142847578;0.03504780838333417;0.0005658735660802363;3850.76868113702;3166.2680857313185;1.000188379917312;0.22289194880140598
b_ws[4];0.04378024844555919;0.026269049768595884;0.0005181041092338736;2573.606755398225;2989.4776276290777;1.0007382734344983;0.1489666798135991
b_ws[5];-0.03157902103712383;0.019578713302536552;0.00045392454480968;1871.2650337154485;2385.741900894956;1.0014203570882296;0.10831341600233708
b_ws[6];-0.041681447675569035;0.026916657133805134;0.0005199621583279001;2660.1658305378446;2651.947891817405;1.0012218974771874;0.15397693167287735
b_ws[7];0.016525161086016957;0.02859325175957516;0.0005076762129456394;3180.684212462434;3259.1228986094297;1.0004652124577984;0.18410581401848453
b_ws[8];0.022926025905119787;0.019814872306973087;0.0004569852739955608;1887.5581500800963;2306.813095129384;1.0021378059256791;0.10925650159362535
b_ws[9];0.052452408691526814;0.028319787963021835;0.0005109453687161758;3047.5414103082467;2631.475929407383;1.0006189998441992;0.17639918162937301
b_ws[10];-0.000909105544625365;0.036289754456814684;0.0005775794744566204;3942.343699472652;3218.774029686888;1.0009862835973633;0.22819253577209014
b_ws[11];-0.00763974457194602;0.03373656570099893;0.0005683999784333282;3522.12307057758;3385.331615911307;1.0002315021364439;0.20386913370439733
a_ps[1];-0.05937273187207255;0.048562205513623634;0.001988236216579034;598.8412734968028;921.6401758022938;1.003901651989705;0.03466240367183165
a_ps[2];-0.12977127421515977;0.04896812629874739;0.0020213001408719406;588.0554553483395;950.2339193110536;1.0036182996872467;0.034038094027291084
a_ps[3];-0.09327468666618033;0.04890228109272852;0.002008073641489904;593.7568398495854;976.2668247448316;1.0038151955875028;0.034368104164896544
a_ps[4];-0.03666585893256802;0.04992461028115318;0.002039839426286527;598.9667711832869;1138.2098126617204;1.0045706534803283;0.03466966778614927
a_ps[5];-0.07395088767007098;0.0495654706363767;0.0020207612811389713;602.0360414266967;1160.2774472528583;1.0038160912682002;0.03484732468600485
a_ps[6];0.21148962278542763;0.05058436159374433;0.002100301867915386;583.351123691472;956.6795755767516;1.0047614199742292;0.0337657957570928
a_ps[7];-0.27218533608164586;0.04949051222988176;0.0020553927974564616;579.5133966973366;1020.6798175366265;1.0042656174142086;0.0335436586931656
a_ps[8];0.10002558839924743;0.048894407962253805;0.0019833564398645887;607.2380758228081;831.6923827841625;1.0047191115926917;0.035148431213114874
a_ps[9];0.1999935925000831;0.04900939349107526;0.0020351132368252606;580.9772521475156;1075.8475378148435;1.005688016575897;0.03362839024186969
a_ps[10];0.06232534182515258;0.04890011604426835;0.001975620511574481;613.5004490259091;1037.846751014997;1.0041612568080682;0.03551091275457915
a_ps[11];0.38664239994123434;0.04945552431364171;0.0020850131276229917;567.9804977358751;1073.028070659138;1.0049625277889296;0.03287610617632866
a_ps[12];0.4385202377845794;0.049264620383196026;0.0020674438137086994;565.8901764130961;938.4665207813641;1.0057435809931583;0.032755113244310276
a_ps[13];0.028662826154330752;0.04958808659965547;0.0020171245415180426;604.93692204545;868.7172771609945;1.0041032994858539;0.03501523478081824
a_ps[14];0.2742734221972188;0.04945117054257125;0.002027886431690663;593.3142220399393;906.5766880669518;1.0040863830513733;0.034342484358999226
a_ps[15];-0.11389497020163458;0.049672919913357254;0.002025408751025108;601.8701667241711;988.3892967502766;1.0040477026707009;0.034837723450832275
a_ps[16];-0.06577356530615427;0.04910932467709658;0.002090268678405704;554.0392401195895;929.7563581802895;1.0071514987792731;0.03206915194559081
a_ps[17];-0.18405177336060535;0.048086271792641105;0.0019916911558835967;586.0930396266696;1029.8931438226562;1.0044076510335629;0.033924504585602686
a_ps[18];-0.0022558344439338363;0.04912548782386112;0.002074042282705756;563.0562393447759;940.5961848149952;1.0051588892294716;0.03259107800661017
a_ps[19];0.04403495061140316;0.04901336934267027;0.002025802676156212;585.8864838755535;1127.1129868186558;1.0050858271567267;0.03391254863142452
a_ps[20];-0.06747400965054565;0.04968619902824541;0.0020374911683993745;596.1787190260662;1125.5678313725105;1.0053212522224482;0.03450828847979753
a_ps[21];-0.28709454518875427;0.04953181366660881;0.0020187960092247154;603.4211752542917;1028.7442649162865;1.0048295274921153;0.03492749963385247
a_ps[22];-0.2576647051590583;0.04908449634165818;0.0020014607055348025;602.7497723269507;997.3883671308992;1.003598753269501;0.03488863718344379
a_ps[23];-0.15309387105138644;0.0488234590646014;0.002025786481869914;586.8899715721947;985.3603704220761;1.0048538624461172;0.03397063296388474
b_ps[1];-0.06884213093192454;0.022808280924484545;0.0003359206726980526;4629.281397724479;2956.1158792907067;1.0007583057586447;0.26795417687469
b_ps[2];-0.03199021086015615;0.023133838943294287;0.0003560798219388554;4226.626789543187;2974.1524153872465;1.000121979786151;0.24464753922828258
b_ps[3];0.008254521502232324;0.022835813030683917;0.0003800814943690744;3627.123237590666;3167.049190920174;1.0015480663930676;0.2099468012528696
b_ps[4];0.005289788437068582;0.02261690086440466;0.0003676756746029508;3783.1996634697584;2999.929201118914;1.001072705895409;0.21898088810845218
b_ps[5];-0.03195408465266163;0.022537716720290122;0.00036703107993671705;3778.4134323803946;2958.3986419663843;1.0017358119285902;0.21870384929795497
b_ps[6];-0.06454090103043982;0.023625477774603307;0.00033716014933426574;4894.460555106517;2635.344619790155;1.0019756668704392;0.28330339778736885
b_ps[7];-0.030868121890010924;0.0229274454512577;0.000363593690618906;3969.561431406439;2741.1501098240474;1.0015650178735014;0.22976796494351595
b_ps[8];0.058155748596706844;0.02285731034283673;0.00038289982139219213;3562.066052845189;2887.240038693097;1.000650918259644;0.2061811316185225
b_ps[9];-0.015260691750423123;0.02262811329574667;0.00037169163701567274;3703.2417352814055;2870.1018941079737;1.0001774672719579;0.2143527268472147
b_ps[10];0.04222422920053306;0.022098178355797294;0.00036185015617820377;3707.6065349754526;2703.5809558514557;1.0033376129595617;0.2146053721735101
b_ps[11];0.07670059873048267;0.022522370924914454;0.0003666541483800766;3766.7258892657665;2937.519700100716;1.0003300156975103;0.21802734559772471
b_ps[12];0.08241483619093352;0.022557003966806353;0.0003676856464254829;3783.513720947191;2902.4081495313326;1.0006792279467924;0.21899906652657516
b_ps[13];0.04173496374436806;0.022184270932722412;0.0003653151246206131;3710.3951876886617;2778.1457579656562;0.9999591105172613;0.21476678624151743
b_ps[14];0.08265309112537592;0.022300946544338764;0.00035096133348574775;4067.5247522098184;2613.4788018529803;1.0002739856761433;0.23543832255078598
b_ps[15];0.018050684061882063;0.023203966597983343;0.0003838378643963444;3667.357019427222;2395.7731246965277;1.0003865442029123;0.21227563136025288
b_ps[16];-0.0652695263665841;0.022706728534596946;0.00036250300178160505;3914.281397976701;2563.278919937613;1.000307164856941;0.22656822084013264
b_ps[17];-0.05330410196831184;0.023078195916323378;0.0003783065005241252;3723.324883738122;2503.6884827555486;1.000229135365772;0.21551518880435927
b_ps[18];-0.014811077354101474;0.022836431724936625;0.0003770922575372013;3659.2938915269283;2593.247646016114;1.0008363106331886;0.21180891771423851
b_ps[19];0.06069592405996094;0.022637088046666674;0.0003772415511858816;3617.8918596789595;2674.2835724985425;1.0004471320321213;0.20941246642695763
b_ps[20];0.0017924034314211602;0.022749081926410966;0.00038270581076417406;3533.0627844263354;2762.7413313271873;0.9998388816153563;0.2045023512100406
b_ps[21];-0.04922460572803531;0.023142564623887488;0.00035714349458633383;4187.450948733429;2873.0841112473445;1.0019393977583966;0.24237994534584703
b_ps[22];-0.04487293879572819;0.023295957402535074;0.00037506196354987996;3849.0230345289738;3008.263245861814;1.0003964413138664;0.22279090648840186
b_ps[23];-0.01119382696874802;0.02303723331434695;0.00035562964190129985;4199.75053599824;2891.9808033948625;1.0004257604325404;0.24309187566467813
a_e;-0.002783344025963551;0.04678704672489764;0.0021167465318017603;489.2009165287562;849.0172595632154;1.0055078455552375;0.028316150532400296
b_e;-0.030523078123963442;0.01998125511321647;0.0005133762264043653;1517.0835349274685;2256.8574567181863;1.002451850396103;0.087812520978192
σ;0.9731437515663113;0.003494544805907095;4.593681946206909e-5;5801.373394537232;2691.1139337745476;1.0007335998463627;0.33579774032316656
