parameters;mean;std;mcse;ess_bulk;ess_tail;rhat;ess_per_sec
a_ws[1];-0.0036311464724649006;0.027744876393389302;0.0004902342214528363;3204.0739696711976;3071.093580941119;1.0041430473815296;0.20676201825989113
a_ws[2];-0.025120325335583574;0.023751541243324445;0.0004468879348735338;2818.274432675252;3091.7856627412793;1.0015635244994272;0.18186599785958835
a_ws[3];0.0011636286416287682;0.03038518534948667;0.0005131209507359604;3500.6525729497084;2707.721452336093;1.0017453367181732;0.22590052478845835
a_ws[4];-0.015158079452404369;0.026548605081186085;0.00045820954440756;3360.518962386128;3004.288428159172;1.0003663672757406;0.2168575662236956
a_ws[5];0.04463493462745793;0.020361456864270645;0.00044177373991937286;2124.008600249402;2579.6536775734544;1.002763844888819;0.13706434656188657
a_ws[6];-0.017057254686363092;0.023417243393674066;0.0004519015951799148;2683.9776054764125;2965.6534634792283;1.0027940952142922;0.17319969261808313
a_ws[7];0.04310178383591712;0.03012184237998819;0.000513258130472992;3465.977959716323;2701.922683568927;1.0007589153235836;0.2236629381776687
a_ws[8];-0.0004040241062152056;0.019675557104845507;0.00042175609374481006;2178.491371453267;2715.5424147462613;1.0024409861764079;0.14058017292580133
a_ws[9];-0.05314172769756087;0.025015576321300075;0.000442607020334274;3197.152443587713;3202.747624715816;1.0011531356947123;0.20631536543102197
a_ws[10];0.0344266537357153;0.03498830735359569;0.0005512704407453958;4029.5732887379386;3273.2222007322116;1.0009190127178567;0.2600322944451568
a_ws[11];-0.0073653692128143895;0.03491756519724142;0.0005298603765712316;4335.721473237078;3058.799045742249;1.0008633336673982;0.27978833538329384
b_ws[1];-0.01836686396792534;0.025413376642769495;0.00048797828198191733;2720.2643048757395;2892.983242207762;1.0011348949709449;0.17554130872146068
b_ws[2];0.003525222758792718;0.025909057856802805;0.0004773558403930325;2961.0730986081753;2765.2716886627463;1.0014723414811326;0.19108093504661625
b_ws[3];0.034813322620197394;0.03554999006247297;0.0005745486043711858;3820.3339269898274;3018.484408809615;1.0003181610980796;0.246529874356244
b_ws[4];-0.007662154414968856;0.026010133598939073;0.0004803520623414712;2929.3017532580957;3165.818735308283;1.0001253757800979;0.18903069914395118
b_ws[5];-0.021620491460621644;0.019718348833892542;0.00044518898225390913;1955.9195043444574;2560.912209662285;1.0012925854601489;0.12621739326250528
b_ws[6];-0.02700361179555851;0.027252791230172144;0.00048146161735964965;3207.252230680895;2781.408513058642;1.000707804692159;0.20696711454266803
b_ws[7];0.022878430834424226;0.029016613649791183;0.0004997947413610149;3358.9730838863097;3102.9578921424722;1.0012583324412778;0.2167578091763763
b_ws[8];-0.02444558758737662;0.019950817647005323;0.00045461728054967956;1925.4425292011822;2967.519400900873;1.0020926718675809;0.12425068433171027
b_ws[9];-0.020245245423662822;0.02866815562871683;0.00048762332645151135;3463.9931521749972;2804.6039899465345;1.001372188170792;0.2235348566112047
b_ws[10];0.061177366272020396;0.03673029275136356;0.0005802345066383178;4011.0171861437652;3059.911147760995;1.001006121936673;0.2588348510466192
b_ws[11];-0.007634424022885586;0.03285731466296969;0.0005240056509871352;3933.3797713712834;3033.257915705873;1.0006492101500635;0.25382483295003766
a_ps[1];-0.2122523963438885;0.044868612454428594;0.0017527314129071583;655.7963690746005;1016.0575200517585;1.0030500400391456;0.04231917930761365
a_ps[2];0.238078435771463;0.045127567674772495;0.0017844277543260713;639.8689771430381;1142.9315633284318;1.0024284256196783;0.041291369171968094
a_ps[3];-0.17252364566295986;0.04505053693025545;0.0017348819408610644;676.5308669308745;1128.4801208999977;1.0027438691483943;0.04365719667704677
a_ps[4];0.2645665905256881;0.04528730296609681;0.001800509722987149;632.1210214983278;1173.3483588115287;1.0043177418016445;0.04079138603747984
a_ps[5];0.157341145766091;0.045222940464164064;0.001784357492446302;640.8965498117271;1132.6769887803157;1.0029221987868278;0.041357679438490634
a_ps[6];-0.591562943820528;0.045023377657952654;0.0017585171044594786;655.3213506156392;1120.4815613347585;1.0022425403049464;0.04228852590316193
a_ps[7];0.018020880427298654;0.04526453749560147;0.0017962840200800082;633.6439540722811;1208.2522764989599;1.0052119547805536;0.040889662361823446
a_ps[8];0.09330670399195176;0.04516916876204417;0.0017924357685301542;635.6066313674349;1119.267700355443;1.0029958829462469;0.04101631584191789
a_ps[9];-0.05059565883168938;0.04486482934747917;0.0017407046399030542;664.6373967718586;1119.4385853977838;1.0033026387703785;0.042889699447747696
a_ps[10];-0.05121165360961894;0.04562771246467648;0.0017765400739498402;659.2602547336033;1254.0005807742696;1.0034499558758796;0.04254270722758561
a_ps[11];0.1262447706887953;0.04508773089656852;0.0017477153768789516;667.7957581062523;1004.7684482786248;1.0031416960626711;0.04309351158506869
a_ps[12];-0.03320675902538083;0.04493407265412338;0.0017502247292240528;658.5274505938168;1174.25155409818;1.0036223594849654;0.04249541866172674
a_ps[13];0.08646940481609112;0.04483209072829424;0.0017842972945990283;631.2721785444792;1133.3123293519384;1.0031179472223821;0.04073660937377459
a_ps[14];-0.021140107663178;0.045042917290339386;0.0017381303523128094;671.5256372061444;1238.8264419410625;1.0029462091109813;0.04333420432120993
a_ps[15];-0.214624799965683;0.04511376914270784;0.0017552223461596971;658.3881843677709;1273.0017650137067;1.0032867157484295;0.042486431676330885
a_ps[16];-0.09572310853645243;0.045627672570773964;0.0017904305284954793;650.2080081623462;1150.4125225412672;1.0022601880517363;0.041958556927506434
a_ps[17];0.021898650411885066;0.04516206275647023;0.0017746212024696976;644.9493759796648;1203.006541412236;1.0027660968635066;0.04161921226390954
a_ps[18];-0.00426842416651092;0.04545000085265267;0.0017818177465459015;649.0902395311202;1043.7112825728007;1.0039121461221923;0.04188642622755147
a_ps[19];-0.11614430196528845;0.04538237355657714;0.001824663873802744;616.3499096382355;1104.4244855344784;1.004310147189043;0.03977366080726931
a_ps[20];0.17109899011843538;0.04487978082881878;0.0017317271347570653;671.7755530501279;1089.9643887680838;1.0037732793738061;0.04335033163437007
a_ps[21];0.4587254353713051;0.0451926300086373;0.001757980459015058;661.8731007367451;1142.7885925408657;1.0038716091645756;0.04271131672852897
a_ps[22];0.06903132982381296;0.044942901996445093;0.0017983548689158148;626.2193319909074;1048.3677534878602;1.0036966336808195;0.040410544257530955
a_ps[23];-0.12329085762524306;0.04473245730363871;0.0017262088689527222;670.4978941882028;1165.550587889114;1.0029410619856762;0.04326788306188397
b_ps[1];-0.01169942321415349;0.023837116864850745;0.00035694536219244157;4460.922372046518;2743.706149873281;1.0025650555780274;0.2878676714943914
b_ps[2];0.07606872300538166;0.02343655383479583;0.0003535948391535059;4377.26495535604;2851.788079950163;1.0001139372968928;0.28246917680261413
b_ps[3];-0.0339619084100153;0.022874754381720975;0.0003816765232495752;3599.947761058816;3331.111483705593;1.0013164263299903;0.23230814012170906
b_ps[4];-0.007311688943474275;0.02275936413243754;0.0003610286212234938;3978.553614932426;3105.926478687801;1.0006299350755918;0.2567399451339854
b_ps[5];0.035531938848525076;0.02329588965789631;0.0003761630401738928;3849.9571202590805;2796.423418388111;1.0029763100124618;0.24844148790999793
b_ps[6];0.02787499828982983;0.02320686126233927;0.0003722839279248818;3885.0541842881225;2594.3206182984486;1.0035206892687822;0.25070633568265593
b_ps[7];-0.02352209883694329;0.023067993210442877;0.0003792006104530791;3703.845247626666;2723.5943022838414;1.0011098142007868;0.23901274626321556
b_ps[8];0.03404235195362277;0.022231801526207788;0.0003565404027345575;3899.5071595970885;3274.568804518343;1.000149101486764;0.25163900027561753
b_ps[9];-0.047807757299826385;0.023849951744577377;0.0003576271839008253;4446.775138895;2989.8446069348024;1.0002319508351047;0.2869547367410464
b_ps[10];-0.0703900356269758;0.023608889175698727;0.00037786398423269587;3914.0625307068194;2843.716316181906;1.0008066970115346;0.25257827256947113
b_ps[11];-0.08861755959869068;0.022746860969436233;0.00034921679486771116;4203.7283565155685;2888.4977956421685;1.0001013823431673;0.2712706908257454
b_ps[12];-0.0010514653975766367;0.02257098599826828;0.00037257923893171306;3674.876773615746;2878.580229225878;1.0001799129537745;0.23714338238176255
b_ps[13];0.008583861228581622;0.023616251371533455;0.00037441936202609093;3984.534014868331;3137.37026697188;1.0018995234716974;0.2571258661746523
b_ps[14];0.059193520713009366;0.02302378499986242;0.0003597114199476184;4102.866864397589;2954.0500215704815;1.0011547233856792;0.26476200036715475
b_ps[15];0.024845524471254682;0.02337432796368208;0.0003677941925694055;4034.0710221072395;2983.2052069612264;1.0002548651327912;0.2603225375662065
b_ps[16];-0.030362372792520305;0.024247135074539485;0.00037420061026553075;4180.509529995172;2623.915284197234;1.0022952060652857;0.2697723573046013
b_ps[17];0.031109338234947787;0.022115560612892982;0.0003669766552497336;3628.062556830624;2751.652417045006;1.0016487123835198;0.23412241531378278
b_ps[18];-0.02983069310996297;0.022650735785730076;0.0003640084835814126;3846.9189525797;2625.133187505486;1.000415472969454;0.2482454319864622
b_ps[19];-0.0529397209252548;0.023371807784801413;0.00038253718826490655;3743.1045523810267;2790.3106657969793;1.0001236611719695;0.24154618748939446
b_ps[20];-0.016716566688641573;0.02269022244615109;0.0004038079172320127;3145.8165421725307;2893.0340013352616;1.0013650217567023;0.20300260964377553
b_ps[21];0.07525942838384411;0.02299500713603311;0.000350922556519671;4282.899275598827;3051.443469155625;1.0001376151754753;0.2763796674511586
b_ps[22];0.013929699035213261;0.02310731239489766;0.00038537794570911763;3605.8596016346482;2931.5067746164773;0.9999806808204135;0.23268963696000308
b_ps[23];0.02808866852348199;0.023079981152107177;0.0003604555392814337;4100.644137842863;3111.5486374695597;1.0017741396891577;0.26461856565470887
a_e;-0.0015927017751484476;0.042433273087323226;0.0017950353126592307;558.6814026434884;876.9113175808383;1.0056445026564518;0.036052255805657504
b_e;0.03878351343653928;0.020318864161269153;0.0005191179100163188;1533.1496218163747;1968.4950342190275;1.0011631932615015;0.09893564040710107
σ;0.9799613477481456;0.003510137896851025;4.1095589570742153e-5;7317.611554006912;2707.260826519876;1.0008813355940502;0.4722126105920183
