parameters;mean;std;mcse;ess_bulk;ess_tail;rhat;ess_per_sec
a_ws[1];0.055341583253073694;0.026954934494897477;0.0004839049800257697;3106.84263421027;3257.8341725362293;0.9997138379727716;0.2047287713259683
a_ws[2];0.03017717716922273;0.023567628766863625;0.0004522859683162901;2717.066254616579;3330.9031118160874;1.0014344906162482;0.17904403325542081
a_ws[3];-0.053764779406810896;0.03050902775816449;0.0005354941401388984;3248.258914123176;3086.904587616584;1.00215656874331;0.21404755075601106
a_ws[4];-0.027789933421555304;0.02634377820125275;0.0005066407283040267;2708.172504124392;2893.5730127418656;1.0012115013066913;0.17845796990264726
a_ws[5];0.0965965213806619;0.01956570162052341;0.00044871432808090306;1902.8807561695955;2555.0248987228733;1.0019285652726;0.1253923951283284
a_ws[6];-0.021031374614907932;0.023611142985650847;0.0004665054200438772;2556.8815387363834;2848.584262582178;1.0010929777053406;0.16848848734323213
a_ws[7];-0.04323572422583402;0.02946183627451561;0.000526922305475573;3131.366603874738;2627.4993148727904;1.0000219804443196;0.2063448049551444
a_ws[8];0.0021082097185732723;0.01918997935575556;0.00044240834590102027;1884.1131093039357;2565.031758574241;1.0012003227727222;0.12415568064489177
a_ws[9];0.02373158541929379;0.02426579565828839;0.00046720348310361415;2695.0637922902606;3092.3657566167476;1.0008364846734172;0.1775941570922021
a_ws[10];-0.011095777520584804;0.034592085036939904;0.0005885796608896067;3457.436314873603;3184.0824372738994;0.9995980896449678;0.22783152287395522
a_ws[11];-0.04589899240020649;0.03447844685155418;0.0005440015075602267;4006.4925897879934;3187.692099272791;1.0002777018297708;0.26401218272273097
b_ws[1];-0.01919358721015459;0.02477452289374514;0.0004954647967089066;2502.6138806380495;3035.6080440137557;1.002615461223088;0.16491246104474092
b_ws[2];-0.039130208304491536;0.026408150843885408;0.0005117881888867969;2657.696026649488;3101.3509698875;1.0004083781067137;0.1751317675708942
b_ws[3];-0.005376791710702053;0.035876882167245015;0.0006412895489242483;3150.70185755496;3062.9838544872805;1.0008409439284953;0.2076189225063972
b_ws[4];0.020594066867612427;0.026367375059838213;0.0005390120513458383;2366.0705862823365;2616.935758779812;1.0013904233623234;0.1559147922930531
b_ws[5];-0.0062794120192180124;0.019327169651390193;0.0004759348424204428;1648.748104737967;1710.9069730332046;1.0026562098212521;0.10864604791765513
b_ws[6];0.003732145819784195;0.028074862868730958;0.0005339223590481746;2760.82812201155;2564.102934552097;1.000832527801667;0.18192776905975444
b_ws[7];-0.007751083947626736;0.02887668550409792;0.0005791675279316761;2487.664648569331;3100.8899669762077;1.0006127254840151;0.16392736515349907
b_ws[8];0.014798846403601573;0.019660557912551994;0.0004962318288183908;1573.3568706236094;2409.88987292001;1.002531493549636;0.10367806062437396
b_ws[9];0.017067646693052992;0.028207683207081106;0.0004821498230335956;3426.24737208835;2582.895137520999;1.0010236582201104;0.22577629359871906
b_ws[10];0.03243357165782656;0.03615176043793275;0.0005991603778795556;3660.3281156967364;3274.542810976328;1.0007723042889598;0.2412012985546574
b_ws[11];-0.012462988245024086;0.03320884598279861;0.0005865715386891409;3180.6675066946905;2986.121743896398;1.0011478938451652;0.20959354151761128
a_ps[1];0.05365491728821908;0.045317850763724826;0.001746999547323548;673.9680638312815;1291.7974124599439;1.0038232427441176;0.04441185791059334
a_ps[2];-0.1637161547261285;0.04476109704314037;0.001686690586256146;703.2985599109318;1238.7400276899032;1.0016042298920371;0.04634462282074603
a_ps[3];-0.4078868368223057;0.04525414030849578;0.0017663223418787843;658.972188193077;1156.0925036388396;1.0040334039146845;0.043423688390656585
a_ps[4];0.09691097113943486;0.04533642762370773;0.0017707113847667683;658.0497330903906;1159.3031614825722;1.005246534037371;0.04336290220931066
a_ps[5];-0.10630419515396017;0.04562336263557386;0.0017115707507486726;710.3637579496946;1220.9645902366904;1.002586884617791;0.046810191722667004
a_ps[6];-0.07549242342941528;0.045786004389227475;0.001727903405099366;704.7352042870486;1441.7875132605147;1.003037951339405;0.046439292062990904
a_ps[7];0.11498987771752418;0.044791162801823464;0.001724396542876299;676.1982762539856;1302.0957655975942;1.0020793647020332;0.044558820181571764
a_ps[8];0.09738155285221194;0.04498849538311831;0.0017166936770326344;686.9042391254922;1372.0095955060385;1.002802624574329;0.04526430123825944
a_ps[9];-0.03873461051363128;0.04492248540899729;0.001774940390707269;639.9492814710761;1150.6643750084122;1.0006346618939947;0.042170153281616954
a_ps[10];0.29324055310900643;0.0450368389371917;0.0017290579425867907;679.2463408864564;1315.3143478467964;1.0037096325659867;0.044759675712604
a_ps[11];0.4877471790548014;0.044743141857496144;0.0017424567540004;662.9419364447527;1272.0118360279193;1.0016539376557279;0.04368527926529242
a_ps[12];0.1815004061963021;0.04452824514114187;0.0017156551490402458;675.2777643700007;1273.8137193381126;1.0017175708555885;0.04449816205073371
a_ps[13];-0.08060120194238116;0.0451703318870243;0.0017076760083454272;700.4196992045131;1490.3979081104817;1.0011177613957605;0.04615491716628068
a_ps[14];-0.06190033292353839;0.04516305472977125;0.001729812983063791;683.1062191015585;1298.7833016004502;1.001789688709251;0.045014026581793286
a_ps[15];-0.22431673962541224;0.04510370966399198;0.0017168499333143335;690.6253079891817;1317.5199556973726;1.0025624118362695;0.04550950511440494
a_ps[16];0.2172833375601231;0.045402575893855886;0.0017320500810901064;687.5492763207213;1176.7518765517275;1.001538993911949;0.045306806665146755
a_ps[17];0.1265983617975881;0.04528595833935481;0.001717228610784856;697.1951522776711;1498.7724157689652;1.0017306264533212;0.045942432142692384
a_ps[18];0.020112245584570636;0.04504632804439771;0.001731529005654176;677.3250582050921;1341.765135997692;1.004533352182122;0.04463307070261914
a_ps[19];0.23622025354141635;0.045628485247709856;0.0017462991858592056;686.0581679126541;1427.8743988530302;1.0033435174819496;0.04520854845633502
a_ps[20];-0.09087760263426221;0.04539938739658644;0.001711837028895646;702.304235146628;1203.8004837847127;1.0011228345800145;0.04627910070995311
a_ps[21];-0.1974989162568005;0.044329780881766596;0.0017344865053123772;655.1052807868829;1260.730069376142;1.003211502664001;0.043168874325282255
a_ps[22];-0.19411735446387376;0.04454446844613793;0.001698838699647423;688.7990985911555;1493.902509865631;1.0016799312171372;0.045389165061733794
a_ps[23];-0.24974164240216493;0.04512014998960073;0.0017054206064183173;699.7905789225133;1305.320020792775;1.0023687329181112;0.04611346060168618
b_ps[1];0.004252323209788359;0.02264370446053622;0.000381578294890733;3510.1143759520123;3000.1257780088827;1.0021005916175296;0.23130280094953706
b_ps[2];0.05135347980774982;0.022984396227161516;0.0003520317951659651;4268.44263068538;3025.6965000831774;1.00119243747011;0.28127366530675024
b_ps[3];-0.03621182999086712;0.023761868066676992;0.0003702765912120173;4119.305088097119;2561.2072690405535;1.0003488687419606;0.27144608488266797
b_ps[4];0.010592813818184678;0.022978155136947006;0.0003819808858088131;3628.675527722976;2763.4283587960285;1.0020893100735004;0.2391155168759203
b_ps[5];-0.024441813287191538;0.023073491374917328;0.00037141698205322244;3896.5781857614193;2694.393530317072;1.0024136885709025;0.2567692536346581
b_ps[6];0.06426368961655164;0.023407443674226244;0.00040201728617428296;3390.4269412174826;3073.002470567966;1.000294283615683;0.22341586738343264
b_ps[7];-0.014437149567336745;0.02339373108243156;0.0003458009423440112;4578.860920787909;2823.300570261665;1.000528957352697;0.3017290158385138
b_ps[8];0.02540756019921234;0.022419803497529558;0.0003883545263122806;3321.646065574466;2727.22578326834;1.0007031241040647;0.21888347684454124
b_ps[9];0.04902662058138247;0.02340602192577352;0.00035827571170153074;4255.048332610945;2823.677538863407;1.0012189733188555;0.2803910334806778
b_ps[10];-0.03982199009278026;0.023415902125349337;0.00037783624095890045;3846.08578530343;2790.904271803696;1.0002652159442018;0.25344200204063244
b_ps[11];-0.054700238646539674;0.023192004767009146;0.0004093294101676144;3210.34955894744;2753.500268652571;0.9999889620337781;0.2115494726037969
b_ps[12];-0.04647725690425501;0.023576020327678696;0.0003857630943110744;3745.4114349154;3181.3310469589273;1.000431187999546;0.24680795632746086
b_ps[13];-0.033206318103043746;0.023250941132431154;0.00036072176983940174;4168.96655042105;3137.8558400691977;1.0002096767338937;0.27471858090543927
b_ps[14];0.04150107809557601;0.023810760687395363;0.000377963727470708;3976.325793017999;2969.9292746591022;1.002894157408499;0.2620243088698504
b_ps[15];0.03209026323095501;0.023042379035917493;0.0003951319198244804;3383.98777041061;2737.8019738101216;1.0006149276425556;0.22299155122620823
b_ps[16];0.017656072529783698;0.02283877388960496;0.000394511191047984;3342.996010766053;2530.020922722806;1.0015591800566594;0.22029035468213132
b_ps[17];0.018381603305375534;0.023178898986540974;0.000375201049024879;3825.4174456731707;2827.0106589462484;1.002556606277173;0.25208003934214956
b_ps[18];-0.03613360112132458;0.023127248392894588;0.00037983408323858075;3716.540949705791;3225.7800525004145;1.0020539377468443;0.24490550433344468
b_ps[19];0.020567806244365633;0.023034030315669484;0.0003491115138088082;4348.566694637121;3038.8147076090227;1.0003267516304846;0.2865535275649341
b_ps[20];-0.04475773387611975;0.023631192676359023;0.00038840794500361747;3702.122490169331;2759.8081469996127;1.0003529144019636;0.24395538427496188
b_ps[21];0.0043771044126584184;0.022498964530962704;0.00036594413511133433;3772.5014481418457;3072.4305533021775;1.0004641932737528;0.24859308218545728
b_ps[22];-8.063277441132947e-5;0.023417199532978224;0.0003649791795111249;4135.840426140404;2685.831067984954;1.0004330255589076;0.27253569895059193
b_ps[23];-0.004500830256571765;0.022916887655848307;0.0003956841114850834;3373.588030254496;3062.7735282394187;1.0003703226396885;0.22230624904809784
a_e;-0.00916231845326829;0.04205360905754028;0.001738716999758198;587.3336144179113;1144.1106745898664;1.0016416833569075;0.038702986728126935
b_e;0.02982115027869703;0.02003649804720713;0.000543728169923159;1353.865534249646;1927.9337284111975;1.0031748871365382;0.08921444051123015
σ;0.9751433025514016;0.0035422943278616893;4.2307977970241736e-5;7072.868530278722;2755.2890842012107;1.000081986339827;0.46607435729429625
