parameters;mean;std;mcse;ess_bulk;ess_tail;rhat;ess_per_sec
a_ws[1];0.025159059716532282;0.02728546028017858;0.0004895771806440333;3101.9310644864167;2887.9282846973056;0.9998398742406742;0.1988638903799934
a_ws[2];0.029080731427650407;0.02403139006335708;0.00046759039033657517;2642.135233493834;3006.6671608784227;1.000035037900933;0.1693865145677021
a_ws[3];0.02589730957448303;0.030835890196151967;0.0005428625194359057;3231.8557615709833;3002.5050911589424;1.0000929778120717;0.2071933245877639
a_ws[4];-0.0070726400008264126;0.026994678854299084;0.0005179729555838558;2725.283244375465;3016.8023003071407;0.9999741491182477;0.17471710914815156
a_ws[5];-0.07292518970724762;0.019495683384879864;0.0004656352616161728;1757.138709202297;2495.999469668114;1.000441986586542;0.11264964706980155
a_ws[6];-0.004229250312913617;0.023339288189674595;0.0004929946645810834;2238.9285274549006;2539.7988707455806;1.0008438573593605;0.14353705095188812
a_ws[7];-0.029123141587207874;0.029234056646172367;0.0005569963134331217;2752.001731430167;3084.803270948555;1.000576773782148;0.1764300235135278
a_ws[8];0.016304616796562994;0.01892300013459707;0.0004774825073894899;1572.6791381108114;2508.9032455604424;1.000893592150766;0.10082399809099317
a_ws[9];0.05167058519124402;0.024383859463529098;0.0004871032370048095;2505.570080813701;2912.173213319935;1.000665138720654;0.16063136270013295
a_ws[10];-0.020539925465658672;0.03465793466065636;0.0005798387635071265;3604.2774188109834;3247.525827272543;1.0006621582098958;0.23106916775798375
a_ws[11];-0.005856973296125534;0.03463331850511261;0.0005833791019549454;3522.118204767223;2849.4933149097787;1.0017035325188683;0.2258019646526788
b_ws[1];-0.0050183885839098;0.025676401098583528;0.0005300631232895564;2347.898584920712;2756.623797869963;1.0009930016669295;0.15052308936218098
b_ws[2];0.016606720556486293;0.02616239367279021;0.0004965911032027399;2768.422519880776;2979.9655016447773;1.0014748484677602;0.17748275544293177
b_ws[3];0.009047755645167103;0.0354471464646308;0.0005777800202239258;3784.298993891282;3016.431551296487;1.0008310435225354;0.24261029811470547
b_ws[4];-0.011209795842304093;0.026655971499865254;0.0005740025893958045;2146.2535220376435;2591.7229610381473;1.0005955589684248;0.13759568354715696
b_ws[5];-0.04105213718496873;0.019503844945150273;0.0004769011120691318;1680.1970362113163;2271.024857516873;1.0014591049579775;0.10771693899046678
b_ws[6];0.006085439731679903;0.027554466303406102;0.0005168138766427803;2860.905465668099;2893.7620910924693;1.0012572003776232;0.18341180996114176
b_ws[7];-0.02931985555640968;0.028392548844328496;0.0005459444473996487;2701.268851326463;3114.9182621314044;1.0003846294849796;0.17317755345604932
b_ws[8];-0.008045115540955024;0.019992800206910574;0.0004841676284947013;1707.9905199196323;2192.763447863862;1.0039131751662655;0.10949877107588218
b_ws[9];0.03989527582855972;0.028020607693302224;0.0004963077403551269;3183.7668409375274;3033.1546329327084;1.000616529400066;0.2041103579961362
b_ws[10];0.01846742011465946;0.036432069673988446;0.0006335791316785824;3305.7030852583157;2920.3617997369497;1.0003397635692428;0.21192765484118137
b_ws[11];0.004759677723829398;0.03304798729688704;0.0005532913387660663;3572.4780332780715;3140.977538211887;1.0037295087446299;0.22903051848199957
a_ps[1];-0.09780006883907663;0.04693899242948253;0.0022744255717790504;425.65335296643053;873.1366677905844;1.0085052126607363;0.027288511564072363
a_ps[2];-0.21565500439784646;0.04740315791374132;0.0023394565418981272;411.5251052200571;999.5706311117851;1.0097339158948446;0.02638275374654286
a_ps[3];-0.1315448438552306;0.047551549247576826;0.002314172456248922;423.0283291598003;850.5739081986621;1.008485393067508;0.027120222058060077
a_ps[4];-0.13198619661272465;0.0476757451523162;0.002297470167557223;430.5830905985421;813.4600817127861;1.0070025181218953;0.027604555597190387
a_ps[5];-0.12756370800576147;0.04786084324906485;0.0022823964893392483;439.0037058702338;898.4099285937076;1.0087559294444537;0.028144398771493502
a_ps[6];-0.1516616454750595;0.04738013134274509;0.0022894307835933277;427.26967869122115;958.8441828772214;1.0078940655055415;0.02739213373202868
a_ps[7];-0.0702454117651441;0.04795229256876818;0.0023555070665739696;412.16350286693216;967.4975471403294;1.009085532511437;0.026423681232366283
a_ps[8];0.31114658159540093;0.04827142702322742;0.0023692489539770085;414.1490522556202;998.9489576982636;1.0092264204546826;0.026550974221077973
a_ps[9];0.04025289891693547;0.04748658210804045;0.002307000733933197;423.4208987130183;828.3567145524956;1.009626698662207;0.027145389576929677
a_ps[10];-0.02661577292913775;0.047290183710468184;0.002282104415728704;430.0534222475371;938.0067098059154;1.008867396821873;0.027570598714621995
a_ps[11];0.22822209158274773;0.04723290276927263;0.0022393404124593994;444.8461132442216;898.5704460548668;1.007467633256613;0.028518953793968942
a_ps[12];0.39870129189841175;0.04753623148022783;0.002330356915041034;416.2195688334981;963.5383620637597;1.0076013582303558;0.02668371443135768
a_ps[13];-0.08093152682586756;0.04763291715856186;0.0023084394948119594;426.68323272288484;1270.4928038115868;1.0080955967603602;0.027354536853072785
a_ps[14];0.23538759549512991;0.04763319902657522;0.0023042924897770873;427.3084972535474;928.1932002813164;1.009119130916143;0.027394622378669325
a_ps[15];-0.10772503659169871;0.04736043480346862;0.0022234006057179844;453.1954864504228;958.0106795025965;1.0078294346892607;0.029054229660357207
a_ps[16];-0.01412233791994564;0.0475570298486667;0.0022886192812793826;432.0348563930119;995.9479991935375;1.0087295198501072;0.027697627876298776
a_ps[17];-0.35015320468277233;0.04780728937409857;0.0022737668457397725;442.81390305950316;1019.9128489076612;1.0083203694304392;0.028388669395314883
a_ps[18];-0.06312569349978359;0.047608280538619485;0.0022860611661542057;434.4754206498029;951.734076787202;1.0088678030061393;0.02785409173469473
a_ps[19];0.6566777066709337;0.04803203517698144;0.0022630101272103896;450.63440174681176;898.1749563331856;1.0085496701558683;0.02889003927147856
a_ps[20];0.0887095858736659;0.047656954693990734;0.0023185527759019176;423.6898629002003;969.1502464622135;1.0101725771412824;0.027162632792050823
a_ps[21];-0.10385959369659838;0.047529585818478055;0.0023866015935992647;397.5043226912142;931.4891444277933;1.0090436048542368;0.025483885492576942
a_ps[22];-0.24712638833596096;0.047491674338317164;0.0024057233737607778;390.86849043723146;1043.5256330487493;1.0111094239266762;0.025058464233850632
a_ps[23];0.05157898998095659;0.04745407252643656;0.0023653922308484124;402.45652892683654;761.0500602650937;1.0093502324160357;0.02580136998127333
b_ps[1];0.017149839847169814;0.022569091877866106;0.00040178794864252306;3152.4011417465085;2716.095183777399;1.0003460773421757;0.2020995122242791
b_ps[2];0.04773784476815074;0.023433541810135745;0.00040349492696584134;3368.269745598297;2716.958247167736;1.0020142334038058;0.2159387850773565
b_ps[3];0.04994939276400315;0.02355481396004274;0.00041652454714824705;3177.6441507276377;2564.185482061718;1.0023106518783258;0.20371783412329128
b_ps[4];-0.02682126029066287;0.02331583064353255;0.00046998285648337053;2461.965746005601;2574.041775379778;1.0009057849201632;0.15783590158990796
b_ps[5];-0.022409161919507085;0.02315460326839768;0.00040451582815920185;3274.6283931799344;2822.224894048994;1.00080787040529;0.2099354654499286
b_ps[6];-0.04797217267880582;0.022991409028676912;0.00041315244593308713;3104.0665341460876;2912.0747977990163;1.0002077070264879;0.1990007947132884
b_ps[7];0.029588938681540788;0.02309163358247691;0.0003946925187460368;3444.887406240958;2563.2861144421017;1.0000981434081007;0.22085072082011176
b_ps[8];-0.04228766227701842;0.022901193809447672;0.0004115070805971329;3114.521876215542;2843.026990932245;1.00011932606803;0.19967108362556943
b_ps[9];-0.0640613581541501;0.023148045225060636;0.00042235887469104524;2995.809530069142;2874.4538903334364;1.0008765825713684;0.19206046994653264
b_ps[10];-0.008973565835571648;0.02277503743678615;0.00042443799670299016;2887.71847691943;2529.0251014195164;1.0018025743430923;0.1851307842450287
b_ps[11];-0.004602356037302663;0.02277230110924883;0.00039930407506661396;3244.74896147384;2806.7754069600137;1.0008198558797876;0.20801990385043154
b_ps[12];-0.07685356520212343;0.023093300978363044;0.0004166402618291423;3079.9062005370856;3045.3852495398805;1.001809926642367;0.19745188281470624
b_ps[13];0.011933739548282276;0.0231292754282269;0.00041893679878661895;3057.810669181274;2552.351226763715;1.0002831617043064;0.19603534478272477
b_ps[14];-0.041289778544268255;0.02387120026016548;0.0004260636604769161;3144.8599928872172;2871.232649391025;1.000510885109838;0.2016160513836232
b_ps[15];0.03778248638824101;0.02313606996430972;0.00042234396433542487;3000.6595781759283;2568.0950668400897;1.0026999762532378;0.19237140510756442
b_ps[16];0.013110446818167207;0.023201801506180147;0.00042734482025768065;2961.3560289608995;2806.4835539809833;1.000364039786865;0.18985166609978082
b_ps[17];0.07020008285535786;0.02299224506050914;0.00040485995247635927;3227.34073926671;2852.9149198756854;1.000368214204669;0.2069038678326284
b_ps[18];0.019628123733661736;0.022888168949348347;0.00040733688648034286;3149.3006399213436;2489.3742259292253;1.0009450381176712;0.20190073996201266
b_ps[19];-0.017372453030262087;0.02305833448832241;0.00042715327821778697;2915.75243585352;2669.723814858969;1.0016268277876466;0.1869280331266086
b_ps[20];0.02605161262877828;0.022869951793898884;0.0004102403306395716;3124.0920236459506;2965.629307916937;1.0013339361662053;0.2002846229692738
b_ps[21];0.035871994586250476;0.023323394664546367;0.00043479807713053614;2884.00651459654;2720.1692451063495;1.0006407576574892;0.18489281142966696
b_ps[22];0.020961649324716603;0.023167726088780056;0.00042625609512176205;2962.485056745033;2904.6591023287588;1.000877062650898;0.1899240477397439
b_ps[23];-0.004803246619768127;0.023676502134298488;0.0004382225165623523;2903.6288494870073;2835.233261108745;1.0008077374744992;0.18615079356193703
a_e;0.0034602944181326032;0.04574239902280677;0.0023404228780481845;381.8150163360917;677.3310729962224;1.0079773855159868;0.024478048665684142
b_e;0.013621806878293593;0.02065997757775096;0.0006110646658034828;1146.634668353919;1938.196589001562;1.002669546715604;0.07351041214424524
σ;0.9733036584542871;0.0033439621616362454;4.1528978916281883e-5;6517.091904905157;2716.6695884556416;1.0019619872764394;0.4178088497875697
