parameters;mean;std;mcse;ess_bulk;ess_tail;rhat;ess_per_sec
a_ws[1];-0.01445867161021933;0.02785972435340826;0.000517813860512766;2896.6888430534427;3038.7106695514417;1.001144918563313;0.23003390549819783
a_ws[2];-0.02649302033088498;0.0238595612586964;0.0005063985991827652;2215.7568456913705;2408.2342383285645;1.0023438442301702;0.17595925156789438
a_ws[3];-0.0076735989975039625;0.030422968184348018;0.0006020706461855415;2547.18960677517;2834.970951720412;1.0016092644363368;0.20227922467270013
a_ws[4];0.06037543354296602;0.027228117881566836;0.0005147315230199989;2809.4200673284804;2851.775057279163;1.0011145150742857;0.22310365568686558
a_ws[5];-0.10870529786457206;0.02006635101482004;0.0004990111409618059;1615.635292060842;2401.4990400784136;1.001471489499069;0.12830197381563227
a_ws[6];0.021193910188780897;0.024404491325845164;0.0005144907818280572;2244.7244535109085;2420.809187524516;1.0010950964755236;0.1782596477515053
a_ws[7];-0.02638410075065319;0.029833278606194676;0.0005760919317302508;2688.373407897569;2782.2818961899934;1.0001867319793265;0.21349101265716025
a_ws[8];0.04919127500306063;0.01932568244176254;0.00047599224807870797;1647.6831430109478;2492.6774994509665;1.0016252344094667;0.130846980447793
a_ws[9];0.027205627373421484;0.02465509841672777;0.0004926262813671654;2488.878842319119;2961.134375363115;1.002325434468713;0.19764860895690528
a_ws[10];0.018696238252267593;0.03578126593150543;0.0006043183274001751;3499.4639616064296;3044.751669411606;1.0000124666534063;0.27790191002702413
a_ws[11];0.009096293057497628;0.03495342685676965;0.0005710746253552265;3738.4930421997233;3110.981873921604;1.0010948605965049;0.2968838566273219
b_ws[1];-0.008624044279685205;0.02512427644926049;0.0005478470853376013;2104.748362015598;2675.1929042395413;1.0015281180115456;0.16714376725910915
b_ws[2];-0.039348367816739185;0.026881857799583353;0.0005514479968654469;2385.6715892710504;2734.280207702405;1.0004111770011246;0.18945264149863936
b_ws[3];0.00788964666044038;0.035531487532923955;0.0006545823271762662;2946.1145491157677;2847.3225574309913;1.0018840124591732;0.23395893466547896
b_ws[4];-0.019047681451933817;0.0262023974759653;0.0005883055285440731;1981.6257036349239;2781.363871141172;1.0010280745206384;0.1573662635308275
b_ws[5];0.09076239755990187;0.01905082939936778;0.0005161747082203388;1365.8823104867263;2369.08967183518;1.0000913531217523;0.1084684131972427
b_ws[6];-0.005201743521461208;0.026760591138644128;0.0005480583202179665;2383.693341095927;3217.4007453505487;1.000813236151449;0.18929554345379423
b_ws[7];-0.01954699179220654;0.0287822345106735;0.0005410677412119371;2837.0491839938472;2763.8603756281977;1.0000442815347919;0.22529775866317978
b_ws[8];0.012329005501897378;0.01925398774684521;0.0005064225191072425;1445.6299529883127;2151.9980367100607;1.0009123469428631;0.11480138945146011
b_ws[9];0.010574848614311747;0.028443496332331196;0.0005697425123657546;2494.936747254643;2890.1534014335994;1.001097314043761;0.1981296835931394
b_ws[10];-0.009801283421198684;0.037621388314216575;0.0005854624046301563;4120.117887122278;3056.017406528279;0.9999821603972311;0.3271897190340491
b_ws[11];-0.017877064624033705;0.03322904960195388;0.0005624754662807401;3496.7142140409064;3125.1183560724307;1.0007633222727286;0.27768354512630367
a_ps[1];0.027502811149948132;0.04652023413982835;0.0025128721795635474;340.68543901733693;979.1202824426036;1.0098798372217914;0.027054753316519832
a_ps[2];-0.034264883242636886;0.045659011563465114;0.0025492816844881467;320.54353120235595;921.1581198963885;1.0085904550050087;0.025455229870991355
a_ps[3];-0.23566330662837323;0.04580540088762377;0.002515360128436317;331.06495484888535;1073.6770180415106;1.008662363745153;0.026290764615641726
a_ps[4];0.055630919118283266;0.04591570900018971;0.002440590680949059;354.2004044111799;908.4799826844823;1.0083778973698843;0.02812801331808132
a_ps[5];0.07819595878021991;0.045774345064004816;0.002542887767715286;322.2467505935464;876.7612801098481;1.009353949202544;0.0255904871353038
a_ps[6];-0.31826817725200285;0.045889220622651015;0.0024720378501363405;344.42601752728524;845.8385678343656;1.008004788695838;0.02735180278578869
a_ps[7];0.04710066337114352;0.04611324733667651;0.002493893371946779;341.13825309384555;1087.293705002031;1.008502022359159;0.027090712508593094
a_ps[8];0.0015744207181478287;0.046269793511449275;0.002587697189001109;319.5644841285869;775.8012897468936;1.0107606180426296;0.02537748109152346
a_ps[9];0.09278185309142731;0.04627864068688774;0.0025040573071082404;339.6698756259795;937.398440660843;1.0087027382598976;0.026974104677383055
a_ps[10];0.20194849779891985;0.046207978880191874;0.0024526254341288895;352.5171988462936;888.4034641895133;1.00822240389544;0.02799434540591477
a_ps[11];0.3514045938074833;0.04656466090710744;0.002494907331316084;345.8093193789462;1065.3240394471488;1.0084470749936165;0.027461654531924125
a_ps[12];0.17623467911281496;0.0458906490793052;0.002568590887948423;315.85113611080413;916.9710162782258;1.0112379613462692;0.025082594069379877
a_ps[13];-0.10728619865770568;0.045431798901781735;0.0025091977783417005;327.3377094949815;892.458781125001;1.0090310676458405;0.025994773968401642
a_ps[14];-0.08733467412905144;0.04607443626756767;0.0024874708092025915;342.00258091929356;849.0338918984213;1.008258795067222;0.027159351121882672
a_ps[15];-0.2660623913322397;0.046741542419802454;0.0025640895410682023;332.26470090085803;857.2259436096073;1.0093578932587426;0.026386039698639736
a_ps[16];0.05089395328582547;0.046254221587760935;0.0024827466736274083;346.25944307113224;837.4877026046266;1.0078309543224069;0.02749740007329255
a_ps[17];0.01679610531941627;0.0461248107140961;0.002470020891891378;348.7793159245867;992.7887153121648;1.0091203393409285;0.02769751000060804
a_ps[18];0.09297778479724993;0.045835550915229534;0.002550650061291202;322.4955889791817;861.3690303257534;1.0090088380616868;0.02561024806538189
a_ps[19];0.13750029238515152;0.04592391240925151;0.002511734303607083;333.2649277047601;1053.7961833915697;1.0093025670670723;0.026465470417833946
a_ps[20];0.0956692887796932;0.04633762442240329;0.002564205470919133;323.89369185047616;938.5577445090272;1.008835522173377;0.0257212752005688
a_ps[21];-0.05905095681225342;0.04650941697143808;0.002489594092136669;347.48311854846304;982.2695013731033;1.0077639099071065;0.027594575456761094
a_ps[22];-0.07904519883537565;0.04554766272179978;0.002550516378016112;318.345743376766;962.3594321985466;1.0110426361282887;0.025280697587971294
a_ps[23];-0.13206983925936158;0.045951651821195615;0.002555473007359178;321.08255057392824;772.0088646316516;1.0098200200593919;0.025498034858996644
b_ps[1];-0.018806952360037606;0.022976153297309284;0.0004121906438663638;3107.3947144231265;3050.818368775525;0.9996384975460377;0.24676662935247168
b_ps[2];-0.03284799911122401;0.023330411776293986;0.00038218821308885406;3720.8505479874207;3216.5238236455352;1.001309617090291;0.29548281838459944
b_ps[3];-0.05251870173857272;0.02373332381318141;0.000407659491645539;3385.8582859061407;2689.375604622861;1.0000692045837027;0.26888017566616274
b_ps[4];0.04038681925435597;0.023449066502898224;0.00039275731617865014;3574.1417894462656;2981.1456407103747;1.0000322007487599;0.2838322785694774
b_ps[5];0.01315294472067592;0.023420005646004653;0.00041941507335007284;3123.8850322532894;2878.5667020600754;1.000999860270806;0.24807617014850014
b_ps[6];-0.08006628532476702;0.023407515965719234;0.00041122874114758723;3154.246878720356;2657.8585263334135;0.9997924355054482;0.2504872865988241
b_ps[7];-0.008991399194216472;0.023834683154064448;0.00040794605222867604;3414.8214716645252;2921.811786879065;0.9998657100485685;0.2711802206819221
b_ps[8];-0.01027199834883899;0.02393188355107887;0.00042442025042450216;3177.010606796099;2429.9849903014688;1.0009194897593245;0.2522950158913643
b_ps[9];0.029500612969283257;0.023032542507879807;0.0003914676664606448;3453.515578985465;2754.0148602744043;1.000579081812652;0.27425302453109895
b_ps[10];0.045762063225303594;0.023711038171540178;0.00042622530186356823;3084.1461866448353;3133.5672829695322;1.0009752290664549;0.24492040080267471
b_ps[11];0.11120795507755427;0.023114591026386105;0.00039271991930986427;3450.5010846626533;2986.098169106274;0.9998113578859471;0.2740136353734262
b_ps[12];0.04224638333348895;0.02340473880243704;0.00042518308119416807;3026.6398877147085;3119.0943171928784;1.0013668217663707;0.2403536698728522
b_ps[13];-0.019782634337616734;0.023503628829732476;0.00042388561368356635;3077.7577470556266;3124.741757670618;1.0023236212028122;0.2444130775144765
b_ps[14];0.012532372245109575;0.02312938915037279;0.0003969746549305202;3386.360660361235;2767.073105865537;1.000119323354537;0.26892007058211304
b_ps[15];-0.06375419993488693;0.02331770924239762;0.00039919550651260934;3412.3188911943685;2634.1398244688626;1.0024823567731818;0.2709814839895935
b_ps[16];-0.044763165209780534;0.023456355670733228;0.00040726306140618926;3315.7464827432395;3163.126115411583;1.0009181096067408;0.2633124075084747
b_ps[17];-0.0007125612095235359;0.02386020319897148;0.0004209803491204567;3204.1365547450832;2935.7633283589744;1.0012758599372746;0.25444916087728836
b_ps[18];0.03086344770542417;0.02326037580223763;0.0004084051339587912;3233.394681678813;2733.712503632779;1.000404731284545;0.2567726279705069
b_ps[19];0.032025292382923155;0.02349145441590372;0.00039901242295473506;3463.562366929375;2788.4847585976404;1.0009502807510784;0.27505086716925187
b_ps[20];0.04486250717215218;0.02420373543175668;0.0004279091573755789;3191.4370071405783;2905.970261078817;1.0002308071764223;0.2534406554105965
b_ps[21];0.044853013366612675;0.022892931676238126;0.00037382464337682776;3750.636135909199;3049.3625450364557;0.9996682149796643;0.2978481725832866
b_ps[22];-0.046426598730869545;0.023592753527348753;0.0004096745173703465;3329.4123487879697;2786.068846507048;1.0027076372469075;0.2643976509393745
b_ps[23];-0.06153427444586589;0.023481432568004546;0.00043708470671938377;2874.1294115205897;2724.3348173355666;1.0000924287106916;0.22824239994738033
a_e;-0.015780216109533094;0.043308679880478484;0.0026538867262995503;265.61432815557924;695.461600962481;1.0110769334933203;0.021093153104253023
b_e;-0.0053766807177787574;0.020177236829316537;0.0006345655420017963;1012.6806236680368;1848.8422689892518;1.0006133494421765;0.08041971074779031
σ;0.9872302611451061;0.003539954629239289;4.5449101997638984e-5;6043.785166612326;2291.4513536883264;1.001487974775706;0.47995334714735866
