parameters,mean,std,mcse,ess_bulk,ess_tail,rhat,ess_per_sec
σ_aw,0.029696790475403915,0.01037525054710303,0.0004349720849927035,565.5188725570682,636.0427305767212,1.0045059944285089,0.005233936837079982
a_ws[1],0.2151259633768627,0.7159267086252611,0.024760478754255813,850.5306557963037,674.7431590360376,0.9986822620970786,0.007871750964401002
a_ws[2],-0.9415352651522987,0.6462588944093962,0.0200677177198053,1022.7204505700507,686.3463087686819,1.002171741018985,0.009465385683894136
a_ws[3],0.12978414122225596,0.7369260160338374,0.024978173784388668,888.0597248633683,544.6581743099883,1.0015438449244956,0.008219086458552183
a_ws[4],0.6968298052381472,0.6291374859074098,0.02037212976268767,988.2065179837058,733.8225718955655,1.0064305768742643,0.009145955596018622
a_ws[5],1.5276932136780381,0.6139267325867735,0.02158291239013347,785.7921440416691,829.008254660418,1.0000140164591365,0.007272589207131575
a_ws[6],-1.101757183668962,0.588745817375032,0.01993094169464262,884.6281147201075,747.9005500456,1.004132359240054,0.00818732654458486
a_ws[7],0.011059026776800823,0.6862946993840762,0.023188822059117986,873.1773847486286,777.9553538224937,1.000305986985123,0.00808134883045803
a_ws[8],-0.025975445872116438,0.49100101645396793,0.01726697528253107,802.9879811946115,689.1542031677295,1.0026518030297151,0.007431738494426372
a_ws[9],-0.2997331781354904,0.643927931917191,0.019929695211050504,1041.8025576557334,758.9662632666451,1.00451765383792,0.009641992598449018
a_ws[10],-0.021889916638166338,0.7723848710528666,0.023738050206324857,1059.0821373530268,791.8752396733028,0.9988468323234878,0.009801916931828001
a_ws[11],-0.21061954483716921,0.7899080387632249,0.029821113427395615,709.4466125809367,694.9512583215303,1.0023945458643664,0.00656600325775028
σ_bw,0.014385286584529903,0.011058841422068836,0.0006183421620915092,291.4796121781955,411.398175304183,1.0092217249170952,0.0026976745666136776
b_ws[1],-0.04261640296741191,0.795817792847161,0.026987455207636048,845.5953691535561,630.0093368234081,1.008567235601257,0.007826074365768269
b_ws[2],-0.19378416545613822,0.8869869598276243,0.03679845303539679,552.5669436951279,562.349884610831,1.0065586916818987,0.0051140653688207015
b_ws[3],-0.2420191409880525,0.9677373086944597,0.03801807456880992,647.3855497906897,583.2436413995034,1.0039439014300935,0.0059916215731612675
b_ws[4],-0.17266541080827463,0.9112513651295002,0.03537494900423058,664.3097838984567,710.7398591929738,1.0077325969037856,0.006148257145614366
b_ws[5],0.754471779896215,0.7661971890291356,0.0294870643140071,672.1464558953351,566.1407961562643,1.0019619162029296,0.006220786371843569
b_ws[6],-0.2526818540379345,0.878063610385027,0.03429054073481447,652.1880166325977,628.2316423979677,1.0030562690368128,0.0060360689105225535
b_ws[7],-0.2377640508131749,0.8576933165878929,0.03512527995172868,598.4686875333012,613.158601258971,1.0028327115030038,0.005538890851433716
b_ws[8],-0.15013896576668517,0.7201923704426437,0.025373686770859948,796.6173027370569,649.1436130663074,1.0045871088842537,0.007372777193090098
b_ws[9],0.3232326055187167,0.8947096380667705,0.034201393505112185,688.7297822027713,516.6376850770085,0.9995425741360249,0.0063742668066332124
b_ws[10],0.5340801559664212,0.9592898191724387,0.04170786976129027,538.8890983088727,581.2691735673222,1.0064096674174132,0.0049874754665327255
b_ws[11],-0.3141848292341752,0.9757277258151984,0.0407158908734049,567.9062055772605,594.0128376625278,1.0035909474431053,0.005256031856084854
σ_ap,0.2459148913903276,0.03965785231747834,0.001762846268285548,504.04354855571745,587.4491117724284,1.0000864947092474,0.004664976226787304
a_ps[1],0.5714140981479661,0.24422409314159996,0.009766126199289769,622.0173943449116,600.7049067713299,1.0030917812209499,0.005756836617751968
a_ps[2],0.5299639464062503,0.23236639210842283,0.009234074739616457,629.7445082605169,752.2141633441151,1.006891173850271,0.005828351872378804
a_ps[3],1.001789064492932,0.27392853828106734,0.011540332543592609,556.8017374479589,817.7872396891609,1.0032502769451206,0.005153258831843709
a_ps[4],0.5200099191964815,0.2388359547391912,0.009044335780686625,696.9665359869389,818.002295058188,1.003187513900654,0.006450498832019
a_ps[5],0.5769457041987206,0.24787657379909728,0.009375888131020735,700.1047505709139,740.6185242590012,1.0061266612384459,0.006479543339127065
a_ps[6],0.30897243296552,0.2306931354178939,0.008718887119254089,704.3720637834207,842.9492444674971,1.0037339152192526,0.006519037773180711
a_ps[7],0.8754013334022362,0.2610249621596666,0.010532422828874958,609.589911643451,725.2874541850579,1.003254674836532,0.0056418189540456435
a_ps[8],-1.8627825102479911,0.36504387177545916,0.0166302870681744,480.0039419759635,733.6837919725123,1.0058193118872691,0.0044424871313168655
a_ps[9],0.0174870370736353,0.22469934123982138,0.008694319765953154,665.9819868246447,831.6236696213966,1.002429220976771,0.006163733560141213
a_ps[10],0.14012166783059143,0.22123734698743427,0.008479553825781644,681.4739831529349,725.6010361420639,1.0055306745490677,0.006307113620820556
a_ps[11],-0.49971049019773145,0.23376738688152487,0.008852381892719438,714.0161950635875,848.0998176704039,1.0098396105532044,0.0066082952257935
a_ps[12],-1.875279066232129,0.3649639314914756,0.017079114800476827,462.3307010826096,849.1188505359212,1.0038569585135098,0.004278919422030595
a_ps[13],-0.679133624868332,0.2451808530230353,0.010105458590168486,589.6666580083975,804.2304691068119,1.0041859503522192,0.005457427139421505
a_ps[14],-2.1389660225440643,0.3936764269385893,0.018694364169915736,451.05061018730333,533.9756995928599,1.0053083591192393,0.0041745209905589805
a_ps[15],0.3478959624903752,0.22491740047986972,0.008651451266499683,672.0882390356741,719.3902507203115,1.0055371603569672,0.006220247568664568
a_ps[16],0.7051876879373269,0.2483279184956243,0.010020090568170388,609.773566155878,726.7990361601057,1.0016208145780785,0.005643518695936734
a_ps[17],0.573800343499628,0.23953186878303737,0.00970034188603168,611.0971530779138,712.874631116215,1.0040318027353075,0.005655768632560417
a_ps[18],0.1251064345315745,0.21674019889278612,0.008729763548117584,617.4462569788712,770.2635678154527,1.0040421973582845,0.005714530259098911
a_ps[19],-1.4885827538924856,0.3158582915792759,0.01389833811584149,514.2705028708926,848.7426759453483,1.0047477002040017,0.004759627768086534
a_ps[20],0.1962392488883247,0.23036620646863443,0.00930731099645341,607.7120631349903,781.9823779588884,1.004804609441897,0.005624439267955863
a_ps[21],1.1219452461684587,0.2816962216808373,0.01135030233159142,616.6558194047728,720.6338840776767,1.0019377512550418,0.0057072146759464355
a_ps[22],0.7031369361763793,0.24575447943349912,0.01039731506781803,549.5235618580115,592.5007601732619,1.0046533898499093,0.005085898548791231
a_ps[23],0.13867923485822414,0.22427839266532465,0.00935075359243283,578.0785394248929,792.0904569123207,1.0075812678998388,0.005350177879193616
σ_bp,0.04918229586857282,0.009574106135133148,0.000526144278896477,323.11383498730254,500.716208427905,1.007025266378172,0.0029904526366439977
b_ps[1],0.8942802625519731,0.4960458470960705,0.014396195836216675,1184.0280524183702,858.9289177708764,0.9996164820217525,0.010958304559611678
b_ps[2],1.0892051856389267,0.5031307073577936,0.014805161821938058,1166.803715247,676.6905554749654,1.0010311281263307,0.01079889150163911
b_ps[3],-2.212230174115797,0.5440927866899192,0.018304045435060243,874.130463034509,728.4935644070525,1.001021351909387,0.008090169670559326
b_ps[4],0.8238388925116824,0.4826098800365689,0.013103066581666458,1390.1243111164645,638.929186507832,1.00420688208537,0.012865747180415579
b_ps[5],0.33758582924606234,0.49499825799892516,0.012010962932363395,1741.073867819893,643.2827532980705,1.0004738540428728,0.016113822358669868
b_ps[6],-1.6569804141168945,0.50543335166138,0.01731953428734916,851.8011565002788,604.2918294989114,1.000042130371248,0.007883509582475062
b_ps[7],0.20845938733691083,0.4799665416655385,0.013867451565548751,1173.681074142083,565.3531435383198,1.0134789072744155,0.010862542183887849
b_ps[8],-0.2363163744952704,0.4757412497104927,0.0138646180685181,1203.662545313951,583.9132956829337,1.0023540845518517,0.011140023863122977
b_ps[9],0.4273757499809478,0.47585611563553487,0.01154851454636756,1722.5927856439746,669.3886966147057,0.9998998223072685,0.015942777993072893
b_ps[10],0.06540990748279114,0.48961544016902264,0.0111154018730873,1878.5423405584002,813.6196498454093,0.9982913917995416,0.01738610757905496
b_ps[11],-0.3396108933019248,0.47007249935743084,0.012348699209527038,1352.9642998237046,636.5349968473622,1.0043542458532928,0.012521827354907266
b_ps[12],0.9759408419063181,0.48239048407105106,0.013926886222010708,1205.0082253727096,778.6098110766814,1.0104180785619241,0.01115247827405822
b_ps[13],-0.011990731232741246,0.46097140247063534,0.012150410986549029,1424.6649373852185,818.1465641449707,0.9993399214213581,0.013185424321138412
b_ps[14],-0.11203220952132044,0.4761227458182577,0.013283479615643077,1294.1904303004833,663.1782569624829,1.016190791026651,0.01197786899085766
b_ps[15],-0.9162520709137265,0.4616431220788226,0.012160911211806331,1442.9860743702761,646.5289901866005,0.998999966565349,0.013354988377117119
b_ps[16],0.3636557156252373,0.45877372731444643,0.013178676787754898,1237.3924744860146,679.0593502115188,1.0077398618367215,0.011452197916674033
b_ps[17],-0.8779356915880717,0.5085520728890024,0.012647227433786132,1604.734434723831,753.0592663920476,1.00221340706143,0.014851986519307905
b_ps[18],-0.16139406281779392,0.4684837983745102,0.013591599275857446,1192.1587441172912,504.592664665813,1.0076512386164718,0.01103355496920721
b_ps[19],0.0189932067892931,0.47187984644148134,0.013036814007361994,1311.1813617625032,693.372372842295,1.008812296884484,0.01213512185436204
b_ps[20],-0.3571349181887798,0.45542243705611224,0.012291245230610025,1346.8353426701408,876.6727730997407,0.9991872478068826,0.012465103209745011
b_ps[21],0.8591193828422607,0.4783934618549532,0.01257488305460039,1451.060813866285,751.7006651586872,1.0052852581133556,0.013429720943170818
b_ps[22],1.2602687008558462,0.5033518328938863,0.014758548017909082,1118.5709580804305,738.0051548622496,1.0013621348921773,0.010352492244711454
b_ps[23],-0.5467860864320793,0.47626957784680596,0.013526934722145794,1234.8109641196288,732.1563256211646,1.002629834022408,0.011428305765841229
a_e,-0.0065368561320988255,0.051428112439564744,0.0022062304240575265,549.6734818705041,632.4384707392479,1.0073038019242144,0.005087286074325884
b_e,0.03421479161049833,0.012979097471981501,0.0006041637638137668,476.4936388883302,571.6622057505838,1.002892056838304,0.004409998905845972
σ,0.9695499586368578,0.003349421680137015,0.00010316768197322303,1049.2723955111394,730.8339555646371,1.0139020174018798,0.009711126735991843
