parameters,mean,std,mcse,ess_bulk,ess_tail,rhat,ess_per_sec
σ_aw,0.04382268598185604,0.014235685616797333,0.0006838215152728329,433.4638138346504,648.8555127961228,1.01139702959311,0.004460728433802697
a_ws[1],0.5357983486160535,0.5636179286539852,0.016529012732613358,1159.7074648508296,931.2015976044073,1.0019904700430269,0.011934421970749995
a_ws[2],0.6911316582922491,0.5321841910553426,0.015868794987830833,1136.0456627423337,848.300882705857,1.0026395428123265,0.011690920967686695
a_ws[3],0.43849987367953747,0.630891354161537,0.020406368077328322,948.1417813714105,751.0561183399998,1.006765075901751,0.009757222791042814
a_ws[4],-0.12382635242084192,0.5617485083395988,0.0184063399092025,940.7338203897265,699.2591695980328,1.0037454082703456,0.009680988279342367
a_ws[5],-1.8009813845193867,0.6231882118550771,0.025469715238299082,601.3817415589699,705.8095267176673,1.0017788409076869,0.006188753359617672
a_ws[6],-0.1547360206058074,0.5002395558784345,0.01480553450218423,1127.4016173825837,780.6105449962047,1.0008189541241592,0.011601966047601888
a_ws[7],-0.45304267244416896,0.6164763477403198,0.020532852922465386,936.2944392832987,777.0801599681804,1.0013506230889615,0.009635303096639935
a_ws[8],0.4050385822324775,0.41535309278310656,0.014296749465757522,847.2047104047547,845.812001378117,1.0028163199112035,0.008718490495254276
a_ws[9],1.0563500908809067,0.5840202671146805,0.016266318832336032,1280.2147101478881,650.6076453188368,1.007876800991808,0.01317454877815376
a_ws[10],-0.5422274173689952,0.6600374408533576,0.02096635062283331,995.6266012531609,774.3220958958523,1.0018104483557848,0.010245883849844192
a_ws[11],-0.20608698383141383,0.7006146950183251,0.024172404195410276,877.3463415453024,616.6600893868376,1.0062320525769903,0.009028674706204633
σ_bw,0.025586786348268553,0.011994842210926051,0.0005244575800709418,471.4530616248126,498.9765467345671,1.0052232736878979,0.004851671604576798
b_ws[1],0.0172502364050015,0.7559217554534267,0.022900860689122223,1086.60653747031,737.7669006352319,1.0019983938941925,0.011182148367057627
b_ws[2],0.44164188157083345,0.7773370024146727,0.025911811321238515,905.2939863941056,794.3093519048034,1.0090365442075588,0.009316280845531483
b_ws[3],0.15737345946436082,0.9011224876711995,0.03489775388846792,672.4390887913003,579.8176157586134,1.002840896471904,0.0069199967047674895
b_ws[4],-0.16663235586436922,0.7094170138320561,0.021882561675104294,1053.7014841589355,650.7988239805252,1.0092282245250155,0.010843526082481335
b_ws[5],-1.3330595566162105,0.6464840718535593,0.022073503047267504,975.9511875144366,728.7181131979648,0.9997592821469372,0.010043406331052648
b_ws[6],0.2601853624835934,0.8005676109476274,0.02935371448901059,785.5337113172394,537.4754175606532,1.0006896699776011,0.008083841026508451
b_ws[7],-0.5160147443532311,0.798838212403118,0.027970438185250926,815.3892587203412,784.4491230616608,1.000974855983549,0.008391081181181577
b_ws[8],-0.1021497524794805,0.5763731152067261,0.01621401125512154,1257.3322189754795,707.1936562808784,1.0013082359561025,0.012939067578221487
b_ws[9],0.8949880633345423,0.8138107848206467,0.029819820504001036,747.2641729990157,614.3460152558013,1.0047892290899343,0.007690013416737728
b_ws[10],0.4139782759190333,0.8770188515629409,0.03050742135027134,824.1094497809634,760.8949307828699,1.0018390070956713,0.008480819708299201
b_ws[11],0.08758225068230098,0.831030121728677,0.029793224549022033,782.6789908791703,721.2781149868647,1.0033835340099206,0.008054463412455738
σ_ap,0.24819374600863908,0.042476110428435035,0.0018859262317984286,480.7992415685505,738.5980679527439,1.0121234793764204,0.004947852114441391
a_ps[1],-0.4235631383683427,0.24097803019180328,0.009900194985289977,581.2321520685011,761.8955071343737,1.0071422152399927,0.0059813961503169845
a_ps[2],-0.9128201303841559,0.28346114691170404,0.012642227437467065,508.5675172108155,730.0713977634055,1.0088721579749877,0.005233612384991617
a_ps[3],-0.5610303288636642,0.2491051813440824,0.0101285483335481,609.0312441802531,841.6241207945652,1.0027449730723397,0.006267473549765362
a_ps[4],-0.5614647305405434,0.24862753254792452,0.010935258651156911,517.8803358575526,778.1443418717151,1.0053940021892764,0.005329449577418007
a_ps[5],-0.547192136235307,0.24686716984218413,0.010615257493996062,536.6141631981885,710.8719718721115,1.0069938281095336,0.005522237334146881
a_ps[6],-0.649870918356259,0.25554108104446294,0.011079527634054866,530.9896060537102,768.0166922402145,1.0071987862338494,0.005464355635188054
a_ps[7],-0.308289821707932,0.23824682109096637,0.010058056767827565,556.5542326961729,773.8579142609391,1.0069851916351327,0.005727438396248898
a_ps[8],1.2792115452519763,0.3064088461267417,0.01251257555696892,596.6781943885454,603.9000230655039,1.0063210031838241,0.006140349673004864
a_ps[9],0.15454750174941578,0.22859038334941065,0.009539366149413248,575.6389296453217,639.6274504904809,1.0042333539312622,0.005923836913528705
a_ps[10],-0.13123361032637837,0.23116582021569643,0.009546589999351261,594.8574169907745,642.3009301847301,1.003586949763735,0.006121612253061985
a_ps[11],0.9291921277418003,0.2670160008702761,0.01177751663406223,516.8907037321222,656.0703138352789,1.0040715278094283,0.005319265382059554
a_ps[12],1.6411492481509635,0.34494861778348,0.014246961670573764,582.791542647263,619.6088224606842,1.0060601431863474,0.005997443667253981
a_ps[13],-0.3523916622243335,0.24052514490259153,0.009684219552231317,616.6621300087969,793.4261011742824,1.002630326632225,0.006346002156546531
a_ps[14],0.9608211910704588,0.2706149191190476,0.011308631549753924,569.5999078525755,819.9975080574409,1.005088317087025,0.0058616900044593055
a_ps[15],-0.4637749587741713,0.2431169271431267,0.010311765010971108,557.0091054018073,822.4531165389874,1.0060851874041739,0.005732119441233563
a_ps[16],-0.06896407010324755,0.22159791762758252,0.00937523197446082,558.3395326440054,709.6995777232138,1.004709392758972,0.0057458107216564365
a_ps[17],-1.465829861003687,0.33046597571009584,0.014895953431567783,506.6539001908419,725.8277142372833,1.0116858151590622,0.005213919562707584
a_ps[18],-0.2816359127640525,0.23393689676077337,0.009982899358173572,552.2137133206692,677.2752035786277,1.0055731786597162,0.005682770588746132
a_ps[19],2.712929207920365,0.48622567881086903,0.02102694082352062,535.1846593461383,643.5175547178194,1.0075286785333368,0.005507526467228927
a_ps[20],0.35121044862353473,0.23042327320892736,0.009108696688552135,647.0184706130699,778.9438437265327,1.000454683053339,0.0066583959189733385
a_ps[21],-0.44292976995979716,0.23949601961744288,0.01005238239962303,572.3365647157018,795.0499954962121,1.004936535845624,0.005889852639247467
a_ps[22],-1.0423391100234982,0.2908917301711812,0.012574913890894658,538.0176963346022,816.1757532602355,1.006509506526511,0.005536680939286602
a_ps[23],0.19451572776909393,0.2313066272893255,0.009071561137158214,651.2046376883195,678.6764041854786,1.0044936424850002,0.006701475303930574
σ_bp,0.04385739471310043,0.008874100103567546,0.00040282487329862404,495.2378385932889,565.7722902458623,1.006116927279332,0.005096438128398806
b_ps[1],0.3333357400413142,0.5207916966390519,0.012662703583355778,1660.0615782410382,757.9954150746064,1.0021900895922344,0.017083511120372163
b_ps[2],0.997144143208739,0.5468164953635085,0.012830370017833584,1846.2971300277288,421.5988488215258,1.0055856662683949,0.019000040700755366
b_ps[3],1.0604818843578643,0.5142711011578301,0.012230355190032335,1763.7896877315798,831.8909492946433,1.0046072069807062,0.018150965686638588
b_ps[4],-0.6265659826321849,0.521826416283779,0.012122536495011391,1833.0593839577123,896.4838697553897,1.0005229755485268,0.01886381251189781
b_ps[5],-0.5445300095408149,0.5154417847435087,0.01343434098852731,1406.2280022803495,680.6037389455985,1.0000218844970654,0.014471337707959973
b_ps[6],-1.0581219462836111,0.5329501144956358,0.012762923126805896,1712.6291029781507,805.4467832173657,0.9978599885074972,0.01762447773582051
b_ps[7],0.6324762822123113,0.5022677804622715,0.01319018360750077,1440.9532154611688,706.1368987874826,1.008359250061957,0.01482869105756306
b_ps[8],-0.9583084232461072,0.5502101924468968,0.011993139667088053,2108.5656507079098,601.3278932014721,1.0049252853082278,0.02169901720156133
b_ps[9],-1.4221753796050831,0.5005075946423818,0.013594363853241686,1366.1117403989479,831.5653436723077,0.9987907816293412,0.014058505669111846
b_ps[10],-0.22505086341438627,0.5264520975828999,0.012682485881354174,1676.8989383574417,727.9541709484901,0.9996175509053387,0.017256782541478763
b_ps[11],-0.13323980069962238,0.5209195182638006,0.012831464060717715,1647.5096921362647,694.5021505547207,1.0012280050298867,0.01695434104098285
b_ps[12],-1.7032847122461452,0.5416874230404259,0.011888961599390157,2160.240969473245,862.9034263762783,1.0030891694846822,0.02223080222348309
b_ps[13],0.22467131004172614,0.5508349844381327,0.011132369417529795,2404.703985459733,886.3112989400532,1.0043952695361686,0.024746544233818623
b_ps[14],-0.9495963579346282,0.525363658950238,0.013903866804162914,1393.3164878536913,674.4640368758321,1.0080924914361844,0.014338466733063743
b_ps[15],0.7818612009341643,0.5323061508954713,0.013268067778926144,1643.159598627762,761.4445396525874,1.0023003302046514,0.0169095747071304
b_ps[16],0.2573806825241159,0.5093112908435204,0.012156611851428656,1740.9214078009165,756.3438502185256,1.001453877756248,0.017915630733032102
b_ps[17],1.485851958261132,0.514475245935777,0.014060828915139514,1356.5395221657961,839.1747316059054,1.0010616495671656,0.01395999902407164
b_ps[18],0.3956701718473595,0.47605622403373626,0.012689690571143337,1411.8426361596185,763.0516501177306,1.0028606404997775,0.014529117287687937
b_ps[19],-0.3904003249555208,0.5055791930166564,0.01300708567684918,1532.9928282654685,787.8081991906208,0.9974799613126399,0.01577586058998669
b_ps[20],0.529611418942966,0.4822827973506825,0.011825348829476832,1655.777607853117,936.5149477395173,1.0000635024497044,0.017039425252281085
b_ps[21],0.7343324078078047,0.523719229478807,0.012000831322902483,1855.579444203864,812.8407551139996,1.003879977513859,0.019095563975029817
b_ps[22],0.44056477168331687,0.5328763876213308,0.013089539536097254,1640.5891313371953,806.7033647760658,1.0063740556084637,0.016883122310955144
b_ps[23],-0.12795606986996025,0.520149510404899,0.01204794571646702,1874.889869846362,910.1401364545753,1.0024200236061518,0.019294285441466184
a_e,0.006258236012655704,0.05483139345812271,0.0023055623545116992,562.3163409882657,742.8570148659244,1.00490947968111,0.00578673561893931
b_e,0.010197560702488362,0.01510977233679015,0.0005887112124633938,654.4197080294664,834.4953123831768,1.0013555143876798,0.006734561239202903
σ,0.9734994199475249,0.0034261571578046465,0.00010635086949273162,1032.3005011916662,890.6768717417048,1.0004860709366192,0.010623290920544978
