parameters,mean,std,mcse,ess_bulk,ess_tail,rhat,ess_per_sec
σ_aw,0.05970874459946772,0.019692716517806932,0.000940001862290522,415.57137482736437,731.1768286036315,1.005554649367872,0.004309545831011861
a_ws[1],0.9685782320506562,0.5245221437634859,0.017341870354243522,912.2068785684979,803.5977520862118,0.9976399858643893,0.0094597404650123
a_ws[2],0.5554460195623079,0.4669753731443903,0.015329826090967164,932.5920541903075,827.6854184181947,1.0048570323724308,0.009671138203010759
a_ws[3],-0.9202306274424715,0.5427691828366992,0.021458545407971704,653.696644230975,778.9933090708363,1.0040031331472066,0.006778945371447515
a_ws[4],-0.6824493086566015,0.4853163383750733,0.02092571931375945,555.3245945920513,610.6446264192236,1.006324772764443,0.0057588104870714505
a_ws[5],1.7880673482984069,0.5886971765711922,0.02360856006699618,626.6264384971588,758.3466085827436,0.9996475687087395,0.006498222734299411
a_ws[6],-0.3661301684316819,0.4368238035783431,0.015281615314448178,812.6996782100587,755.0129039445452,1.0027652945595633,0.00842783387462571
a_ws[7],-0.6912753129324721,0.5334795853828997,0.0181481310591853,877.4153766640522,608.9863878165421,1.0050902001952133,0.009098946673454279
a_ws[8],0.12178563434908582,0.37783717325587357,0.013213763643078497,819.4614965639436,851.9343411604157,1.0009388787824753,0.008497955080902609
a_ws[9],0.44734558558064674,0.4670871852900741,0.01647365285807645,815.6233275233096,760.3708284383034,1.003297816136337,0.008458152615213882
a_ws[10],-0.3936002522573091,0.605022120067978,0.019171239646621686,1048.31712426933,771.5726088467245,1.0058476385645843,0.010871226860488152
a_ws[11],-0.6906552013153806,0.5732042063881516,0.019383902198742326,876.4464141020313,733.9925490137172,1.0031979743573383,0.009088898366899722
σ_bw,0.01590109908776553,0.010663869336241596,0.0006532294620474076,243.70475144747036,324.2141481813084,1.01188488603702,0.0025272597181038342
b_ws[1],-0.4089208506843433,0.8567439648864255,0.030913136439392506,766.3178841307397,792.7912315144554,1.0010582587206618,0.007946846782113827
b_ws[2],-0.7684298031374623,0.8697764716540967,0.03532912312769469,601.3903747882019,738.6104033345389,1.0043628847457438,0.006236520461872047
b_ws[3],-0.12129024158924893,0.9009734040054854,0.03398736319191173,702.5359058367534,767.9389225496883,1.0096284384966103,0.007285416820137442
b_ws[4],0.3819110349888187,0.8648818745325794,0.03373239876847663,657.8746428699561,752.8806221068851,1.0004209445813024,0.0068222719278641444
b_ws[5],-0.22819601815938234,0.7516270699107824,0.02508102045575161,912.1779154920212,729.2197653075574,1.001050901276614,0.009459440112983638
b_ws[6],0.07945862930187893,0.8505405644082856,0.03252031320507748,675.9394685425259,521.9086011887305,1.0072562620842274,0.007009607242279195
b_ws[7],-0.17298724590429,0.848080766931963,0.0312001863721161,734.9350695975899,727.7571641383522,1.0033612655264086,0.00762140165829379
b_ws[8],0.6326579607833567,0.7610875146667392,0.02940122630071633,687.989313009759,524.0192123362195,1.0092851538753955,0.007134566178658483
b_ws[9],0.3271969150529991,0.8735917456850764,0.03102811671471958,819.5586504047545,729.020428450409,1.012253903382754,0.008498962582754264
b_ws[10],0.3625646455974896,0.9197410777942944,0.03705223175122774,618.97403749542,568.0729286446989,1.0104631880243975,0.006418866034507529
b_ws[11],-0.11939532708438376,0.9652774458533473,0.038585670420946974,679.9262567967925,758.6028141997053,1.0100138234038971,0.007050950914488184
σ_ap,0.2196487510321075,0.03714519204507041,0.0016879730134336818,472.90434005886317,751.2832058302864,1.001336189552284,0.004904098430780299
a_ps[1],0.23427059457460642,0.2338685318698885,0.010514615355201215,496.63791664103985,536.0416292719019,1.0071080564490833,0.0051502196561828174
a_ps[2],-0.782623164363355,0.25623927858379114,0.00940670861946896,745.518902998606,794.2371969744614,0.99975861112558,0.007731157810599567
a_ps[3],-1.9254248511026133,0.3697044696001908,0.014850664292764205,614.4064518996995,837.2913380765763,1.0011336520971181,0.0063714993950944945
a_ps[4],0.43960870009892217,0.24736110533924718,0.010604160590379429,541.2648746928032,548.702841956176,1.0027850282767061,0.005613008800653156
a_ps[5],-0.512705529992789,0.23875026647402753,0.00921794134765242,675.396475121972,728.8964587571445,1.0014965166755962,0.007003976308163998
a_ps[6],-0.3654604530906777,0.23795898182464165,0.009199422142274006,674.0428385613656,743.4663545448489,1.0087513468521914,0.006989938866824612
a_ps[7],0.5203316695780758,0.25573946999076475,0.011140566946368731,526.3041447814809,533.5813886122199,1.0049021899508064,0.005457863487179586
a_ps[8],0.4388278588324233,0.24477562824220106,0.010637712369770642,528.0259120561493,574.6559624212466,1.0006874747475039,0.0054757185066298605
a_ps[9],-0.19646444799959914,0.2277210747756483,0.009058681085289951,635.5272410457219,743.2803373551529,1.0010016518199631,0.006590525570440987
a_ps[10],1.353550477359484,0.3255227672873452,0.015016308810959741,469.1937389179998,615.8316256745472,1.0023424901921791,0.004865618865907
a_ps[11],2.2693661336719146,0.44221578559641256,0.021240386988843094,433.6178754678876,625.706515577343,1.001878002143448,0.004496691111728146
a_ps[12],0.8371919362000394,0.277734446418706,0.01249903349828486,495.7614437494837,648.1086317914339,1.0018907588785255,0.005141130483240216
a_ps[13],-0.3909888076586948,0.23641575624258887,0.009759962508164893,585.871313154849,700.0065953540055,1.0027567082727848,0.006075585153488462
a_ps[14],-0.30965720434525656,0.23876263335165127,0.009135936336429201,689.4922792733943,744.6696295907434,1.0021196034650368,0.0071501521944139996
a_ps[15],-1.0657796583364316,0.27632035553912676,0.01116988332180092,610.318932118508,755.6936470757994,1.001702439581846,0.006329111119820409
a_ps[16],1.0065581733452098,0.2924504608851771,0.013137057647796999,494.73991788347143,571.7339901694371,1.0048807943338816,0.005130537086284102
a_ps[17],0.5767230538612295,0.2617569146173627,0.011260381405911981,539.797569673569,594.3442146061311,1.0088339628656398,0.005597792598066799
a_ps[18],0.07084400791227308,0.23463697774271433,0.010015799818364831,551.6227342054128,644.2609027352036,1.0087294828142905,0.005720421565305958
a_ps[19],1.0900008532143268,0.3032495258475343,0.013999589721992488,469.74501569749987,610.2228244651974,0.9991229810848994,0.004871335699863177
a_ps[20],-0.44762320975220754,0.23457613868058977,0.009337821479518312,634.9978370960933,815.4933128054098,1.001778926162668,0.006585035561450375
a_ps[21],-0.9369484343291813,0.27377029178103246,0.010274315885833296,721.5217954776301,853.0111748447772,1.000638112221921,0.007482303724544372
a_ps[22],-0.9248673076237455,0.2617342790784699,0.009748381453755381,731.0079304734558,917.7270711839702,0.9994965736803519,0.007580676557708491
a_ps[23],-1.1841925238624444,0.29057560827523277,0.011330937885076112,651.926286580804,802.8990429764636,0.9986690852893452,0.006760586461539767
σ_bp,0.03809034702102078,0.008489873234735202,0.000411885884702218,427.79345498910385,583.4343348231637,1.0045446896652148,0.004436290880834404
b_ps[1],0.0979180849355984,0.5770540371335351,0.014485459060271742,1564.5840252255982,706.7735871289522,0.9991091135026512,0.01622500242221868
b_ps[2],1.1932520036291063,0.5749587514064042,0.01428705067566451,1620.036021621241,693.555555581385,1.0068075245244157,0.01680004905527275
b_ps[3],-0.8750008802269724,0.5927962764699175,0.015458785676904474,1488.1581507633036,741.9931662842888,1.0006939922109925,0.015432453106695587
b_ps[4],0.22490476964952175,0.5961821271181328,0.013596668473128598,1933.655643354881,771.9688465254424,1.000820518084705,0.020052337868300803
b_ps[5],-0.5682261031155234,0.5726734172258489,0.013255361618061436,1873.771254021649,849.4400989176808,1.0095244806435024,0.019431326566690024
b_ps[6],1.4639043621450216,0.5778995138106874,0.013876440597403132,1726.6004596164041,778.0525490430502,1.0096310938242847,0.017905140400139692
b_ps[7],-0.3366970250389496,0.5475647408546253,0.012749381430252275,1880.521404590458,771.9809076526069,1.0086959723713893,0.019501326776051407
b_ps[8],0.5953924438695124,0.5929962554862669,0.014108484206340333,1863.6147897027993,730.9350839705812,1.000546729433524,0.01932600230444674
b_ps[9],1.144989328824826,0.5740842754597155,0.015499854445261398,1370.5626987082965,938.2296415977528,1.001350183831875,0.014212968270041142
b_ps[10],-0.9162127659435403,0.5542480893005931,0.012212179940360866,2059.429984982534,773.5190030731641,1.0072650601243454,0.02135663918076459
b_ps[11],-1.2924491841371561,0.5494352813285377,0.014847939266575674,1395.602311246505,732.6163174872951,0.9996918933426089,0.01447263331041842
b_ps[12],-1.0831646823351995,0.6099721633410629,0.01577829434067139,1515.4854996280774,719.4206804088689,1.007020137905735,0.01571584236184271
b_ps[13],-0.7604903024723915,0.5421136622562012,0.013357752429315339,1655.3729396134015,660.1942077582491,1.004801391784026,0.017166498904416436
b_ps[14],0.9443896815508366,0.6004243176502916,0.014237859563233245,1794.956617279322,770.0810246437127,1.005321197660717,0.01861400538007868
b_ps[15],0.7445523419423332,0.5647289188568858,0.013760243800871378,1630.8438488481108,872.8485727567513,1.0053162363964525,0.016912128061646086
b_ps[16],0.4010545033107808,0.5697795262944444,0.012381404897455846,2122.9750042566657,693.8000796032177,0.9994247671805228,0.022015611837406704
b_ps[17],0.41617179846772584,0.5848873348445217,0.013683170854068671,1804.030436402455,668.8083717859732,1.0118502837871697,0.018708102427522574
b_ps[18],-0.8407410549874768,0.569387613961662,0.014278968809241638,1566.2602689245111,705.6355195558873,1.0018706063995197,0.01624238535444641
b_ps[19],0.4554049731449977,0.5541210128663261,0.01367866485161928,1619.646445414551,684.762783799781,1.0085912077599253,0.016796009083756183
b_ps[20],-1.015810324965252,0.567934748795401,0.012396303366740172,2039.864869098539,715.9677246910113,1.0058731647231982,0.021153745601710548
b_ps[21],0.11965590458824232,0.5760134511474201,0.014029331330398945,1662.743053045116,637.8997979077918,1.0051178496792958,0.017242928234099997
b_ps[22],-0.015531186100817863,0.5558177182195527,0.0130100293649101,1840.9862242825693,826.3924268094734,0.9985535917776888,0.019091340232717083
b_ps[23],-0.12488005930727981,0.5549393115242086,0.013270012641268827,1749.0460507527696,947.5549553387436,1.0033766038765697,0.018137904997428195
a_e,-0.008051343399263052,0.0505073486525005,0.0021420059707100494,563.4981837926392,533.2947990113704,1.0084736811362887,0.00584357199712115
b_e,0.02888845909500266,0.01190333686043794,0.00046771701988117476,643.1678834952165,835.6843951870637,1.0048752823647713,0.00666976033204638
σ,0.9751381859131629,0.003405145639096978,0.000104828431425951,1062.8755875989602,704.4516670480305,1.0105725330062851,0.0110222006010982
