parameters,mean,std,mcse,ess_bulk,ess_tail,rhat,ess_per_sec
σ_aw,0.02884502613643826,0.01143534494234312,0.000588843629361793,319.239518799188,521.0560774902741,1.005582701436024,0.0024232565237322294
a_ws[1],0.0037920432301469407,0.7033446933296226,0.02155932596190908,1063.2992058183897,833.7923530830169,1.004412947559132,0.008071202296227948
a_ws[2],-0.4532257227696381,0.6583190717921171,0.020871589123632087,994.6884759118751,624.344511243153,1.000214474270988,0.007550397730836483
a_ws[3],-0.3773276321774731,0.7052354188559151,0.02294156778186984,939.2381461711734,783.6746816983629,1.0045634897509614,0.007129490025572768
a_ws[4],-0.30372737213860856,0.6518709373495238,0.021799831585603325,931.9883880535705,658.7133808092791,0.9990359845294138,0.007074459170620839
a_ws[5],1.6292754816204689,0.6417352531482862,0.02060610182881266,987.8952220781914,712.0979143894124,1.0072455138901646,0.007498832070257355
a_ws[6],-0.14471133464091426,0.5833019989663618,0.016948269052435364,1173.7629689167936,750.1866001276447,1.002509759051371,0.008909701350389846
a_ws[7],0.7098117713556207,0.7374239408252676,0.023429305183434408,984.7130266622859,465.8754273859996,1.0087842325109606,0.007474676928593223
a_ws[8],0.1630303194517326,0.5195082210045165,0.014648398701538577,1255.6511229875587,809.2076227459734,0.9985134949888983,0.009531291071846588
a_ws[9],-1.1716649088300024,0.6818481458715562,0.018708011985003763,1328.2396840707254,736.1232369334225,1.0011359945970297,0.01008229022400283
a_ws[10],0.0960009632236416,0.8265387408663049,0.029777983080796898,769.5870915187172,635.5154476463092,1.0084628971620098,0.005841717050312717
a_ws[11],-0.09353314202666166,0.8219917596679598,0.02995400490445046,759.2751585628309,672.1327884956767,1.0019004194681536,0.005763442095815748
σ_bw,0.012684088783180347,0.010859066166985655,0.0006636161924814401,217.0664522336836,214.0437252750295,1.0227686669924607,0.0016476897924080636
b_ws[1],-0.18340501206944004,0.9097524426689604,0.031031823544672377,858.9772347555524,628.3306424717891,1.0099682808241386,0.006520252240977121
b_ws[2],0.0948718580331664,0.9084766912805284,0.03341399008839325,741.1848437504972,682.979382910495,1.000011009347231,0.005626123653693509
b_ws[3],0.3360316452754329,0.9476987732636903,0.040450578562840546,550.5316713323002,856.0484373890617,1.0071465250439895,0.004178929567038921
b_ws[4],0.044142510134170275,0.8866632664075055,0.03372141586422473,697.4265645538266,619.1559509170766,1.0035550746386863,0.005293966983587358
b_ws[5],-0.29561825371818623,0.8015693156766621,0.03046704620526297,720.5665378957759,700.2057218520379,1.0014362407911244,0.005469615949513601
b_ws[6],-0.2828598626783196,0.9095445458365073,0.03770426458884663,581.7374718450938,568.2227112871522,1.0005115774512872,0.004415803936338045
b_ws[7],0.25695052694828785,0.9816991234692437,0.03436186851946739,811.6641195729338,486.49338605595494,1.0228108882195919,0.006161111820468923
b_ws[8],-0.4607966403880138,0.8273884564049405,0.032070894434762603,707.3450807735167,337.72926194330324,1.006208985659942,0.005369255623369536
b_ws[9],-0.16574448767913325,0.8821516648271528,0.030836142204182165,813.9063304148194,648.5116468064899,1.0150869715183657,0.006178131806185668
b_ws[10],0.5574094322142027,0.9685722116366238,0.04830465767719123,400.11253260319313,613.8305169594277,1.0147467406058504,0.00303714060372208
b_ws[11],0.015322073052901335,0.9473338280440349,0.038244129680442114,614.4306970651319,688.8235439103062,1.0012984405015193,0.004663968924163812
σ_ap,0.22254528741742868,0.03615057270511291,0.0016437266980878946,462.10419357774043,488.23115149194666,1.0104148418000405,0.0035077016966551344
a_ps[1],-0.9771402632926217,0.2796108988154187,0.010680902175859368,682.9000295792515,862.0787332153293,1.0065369560112956,0.005183700182106223
a_ps[2],1.09798967738996,0.28663474954566603,0.011540303522990654,617.5949880249269,758.9096031875864,1.0033128283634631,0.0046879881581864445
a_ps[3],-0.7936966424541494,0.2664109401098906,0.010477906647469675,647.3268984217822,686.305481214751,1.0044223308434062,0.0049136746461977306
a_ps[4],1.2184731666517545,0.29385337403269973,0.0117895643265707,615.9935346070631,687.9643502609019,1.0029462164426535,0.004675831980101447
a_ps[5],0.7262742346563813,0.2599543486746242,0.010447779255860193,616.4954684363131,544.2255424307635,1.0017021436877889,0.004679642017250943
a_ps[6],-2.7252449378071337,0.484052272063634,0.02119732265894577,532.7578217824703,673.1237201631152,1.0082260439445205,0.00404401332284876
a_ps[7],0.08842803297493781,0.23697259760919712,0.008993451403587536,689.5236197455399,670.8909571008446,1.0040836370978818,0.005233977973970341
a_ps[8],0.4281070360899613,0.2452649023132703,0.009256197523096256,697.6721622137006,817.7195745515072,1.0056378705031332,0.005295831245674151
a_ps[9],-0.2322526351718792,0.2438705007218432,0.009212662293934687,696.5034225662433,651.5552789123244,1.0083106230681682,0.005286959674930345
a_ps[10],-0.23400888501606992,0.2435880732124786,0.009096273492895319,720.238288144548,651.7641555383432,1.0093406519118322,0.0054671242988743925
a_ps[11],0.5828396518180078,0.2516725611289257,0.009728454016158433,653.4585068088501,597.0694934095276,0.999154532271063,0.004960217944097763
a_ps[12],-0.14754022623866647,0.23774604181433126,0.008935037817900051,701.3887658700936,755.8623878611326,1.004347508104489,0.0053240429285208056
a_ps[13],0.3989646473240016,0.23979887348143133,0.00923298737071128,671.6330273316013,683.1721394603527,1.0033963405651072,0.005098175567853504
a_ps[14],-0.09243057036260478,0.23747750821996153,0.0091499844211718,672.9037564527612,676.4984807500932,1.0036271539578385,0.005107821311727351
a_ps[15],-0.9833049088020027,0.2836948458107222,0.01123232901465741,632.9377309495524,666.2638230817395,1.004208238338034,0.004804450562414764
a_ps[16],-0.4395447980766221,0.24544500015252602,0.009126268819505613,720.9247477302895,666.5911093629937,1.002223381748425,0.005472335018636419
a_ps[17],0.10446218324426175,0.23175940061651526,0.008751394366658012,698.8107495198892,759.7842845607914,1.0030900477818252,0.0053044739385585985
a_ps[18],-0.014327467889796136,0.23773792119769116,0.009107918563929973,680.8338637528121,642.3146285453984,1.0136313401941492,0.00516801650410525
a_ps[19],-0.5310466036623392,0.251510739158549,0.009929228197630214,645.4116700048846,752.3350428700794,1.0088795469616028,0.004899136691206627
a_ps[20],0.7895322003145883,0.2654462036143133,0.010263044633784045,665.0081467783145,733.1478586950981,1.0022621677171586,0.0050478879810281485
a_ps[21],2.1194103595110434,0.4018848246864107,0.01759135523082711,524.5629403890869,720.9911251564736,1.0069940966167927,0.00398180830552376
a_ps[22],0.32407626810902024,0.24437422566950215,0.008983112044117935,735.6973542629325,822.5111848481305,1.0014961270133749,0.005584469679430951
a_ps[23],-0.5622893928773165,0.25681382621763277,0.009489537785417704,732.0502035652659,753.4606502821118,1.0060954162907014,0.005556785194269467
σ_bp,0.05167622010462338,0.01057252867417207,0.0005457143859152299,354.1970662431436,576.6246713150559,1.013302686986757,0.0026886093384961506
b_ps[1],-0.24203027038828542,0.42815273968384554,0.01075760719893011,1599.1467201952128,725.4214717499333,0.9970384212869465,0.012138668598093075
b_ps[2],1.4774491114681243,0.4861845433021419,0.013414798574737371,1355.7334102901639,856.0477228132332,0.9997209889135383,0.010290987291563788
b_ps[3],-0.6851945221300391,0.4624347572225786,0.012005316647852857,1455.0658234945897,678.1388175989515,1.0049707409111561,0.01104499142996466
b_ps[4],-0.15272831436941467,0.47093372238680054,0.012140126832769995,1494.2160063086908,646.4589400117659,1.0034056882480091,0.011342169349122145
b_ps[5],0.6877151777342672,0.4586994448255259,0.011438785071097335,1631.3595888419645,670.2919554925703,1.0005755392607816,0.012383187335591465
b_ps[6],0.5623260321843425,0.4521279120066934,0.01231975995497795,1387.8187148924671,806.5084734075068,1.0058919451476602,0.010534537726628736
b_ps[7],-0.4713659913837393,0.4567813085843199,0.011056101847728173,1721.1904138707448,707.4473745393581,1.0038271409062094,0.013065067616585654
b_ps[8],0.6586422369533437,0.4713863971729945,0.012247981276839267,1459.9569220769406,644.1571340905728,0.9995248933141557,0.011082118370239728
b_ps[9],-0.9464168039176789,0.4783900771992061,0.012259962646848184,1513.546435957872,839.8136444103858,1.0057329340178986,0.01148890115078042
b_ps[10],-1.3876617427682894,0.5155293913571228,0.013933321337282067,1409.4256209477062,719.382374819818,0.9988969378676997,0.010698549614170026
b_ps[11],-1.7531507484347713,0.49994356870699186,0.015596994774324883,1025.298580942694,871.6186154818905,0.9990275163670146,0.007782750344908425
b_ps[12],-0.010642043683654682,0.483432529708663,0.012467019931810675,1488.2038908639267,751.9607060463695,1.0037569144302014,0.011296533088211352
b_ps[13],0.17948926872847332,0.449603197200929,0.009875334639246055,2051.1099474613716,902.2784463820846,1.008492934852491,0.015569393099493926
b_ps[14],1.1720915827066385,0.5046871342122757,0.012259415926632369,1760.8998644054252,694.3123775444146,1.0023740196825996,0.01336649077817899
b_ps[15],0.48470911274742595,0.46829142002567753,0.011449559197417056,1662.466909436944,789.3159999902746,1.0081273413756524,0.012619314171802589
b_ps[16],-0.5988910578125403,0.4768397268670623,0.012109437272613925,1569.4068254968586,749.3824589134491,1.0096691615410143,0.01191292150351664
b_ps[17],0.5909791261027503,0.4683461684749848,0.011580007727950495,1661.566542196635,686.1598284764085,1.0083525578582675,0.012612479739784146
b_ps[18],-0.5874684999584101,0.4400744307418992,0.011532452946601077,1469.339816636058,795.2463629027229,1.0076652342889723,0.011153341258112126
b_ps[19],-1.044189127322044,0.4683036804310647,0.013514618447970219,1250.5640202064346,641.948734816392,1.004214246836761,0.009492676319363486
b_ps[20],-0.3304095405493711,0.4412323471322778,0.010352369129133988,1803.5963690047192,730.2497911155024,1.0076090532806878,0.01369058781885861
b_ps[21],1.488905030366509,0.5124208242487828,0.015004863935507998,1169.9630258256673,702.952878997769,1.0028270908180743,0.008880857061562386
b_ps[22],0.2625094602873292,0.4543747735478966,0.010805364008186632,1716.4942772805116,726.5106554738472,1.0018205845162487,0.013029420577423881
b_ps[23],0.5504838387605856,0.4719127053187474,0.012549775979915809,1475.190788720618,536.9943327942286,1.0017880080202928,0.011197754325540047
a_e,-0.009613955366554315,0.04946369563055253,0.001914310627187393,656.8966788738388,642.3824135083263,1.0003209768386678,0.004986316131808159
b_e,0.027933388698819683,0.013125208121372349,0.0005185275417512561,641.8921524424495,682.6043261562407,1.0020113592580016,0.004872421032927095
σ,0.9801081232314234,0.0034267804421450696,0.0001067803202103453,1028.4695859297435,804.8612311030081,1.0033540391096778,0.007806820543205175
