parameters,mean,std,mcse,ess_bulk,ess_tail,rhat,ess_per_sec
σ_aw,0.054683445023359874,0.01580857814020253,0.0007134334471153977,456.88409291590915,728.4136846754434,1.004070437303551,0.004164623147831569
a_ws[1],-1.186499636389716,0.6062143975304044,0.023440606401015706,670.2723180261205,583.2199257916918,1.0008430718208,0.006109715033383917
a_ws[2],-0.09691642715069916,0.5004074600772074,0.019123896177908387,676.3914382875686,683.9533945679201,1.0080647986672058,0.006165492483902165
a_ws[3],0.5748007634624056,0.5871264731253564,0.027473357462266857,452.62957186265834,653.5886096813912,1.0057989827499119,0.00412584202777063
a_ws[4],-0.9837368255734219,0.5473595644802042,0.022215528999942405,605.7379645909868,659.8684830256327,1.0012918612543686,0.005521466796438256
a_ws[5],1.8238887871259823,0.5958858668603809,0.027433368076970152,465.9040909125504,507.2243309777429,1.0126745970345163,0.004246842890284105
a_ws[6],-0.436548314211571,0.48337805234197756,0.02157858022497333,498.9394600873555,627.6401738284067,1.0045416676966286,0.004547969292572478
a_ws[7],0.5901956679356825,0.58367866076172,0.02354232245090605,608.9257877050418,713.5225587243291,1.0029861029528129,0.0055505246737814025
a_ws[8],-0.18329321315705072,0.40561752601300677,0.020765103611062763,381.7189508679693,542.9605828295776,1.006832810347658,0.0034794723725330443
a_ws[9],0.08256997578316635,0.5081364214049081,0.021398946026225905,563.8582275411688,829.6599742165932,1.007928205500772,0.005139721568169008
a_ws[10],-0.3470618144239404,0.6248261493564371,0.02764021312615485,518.1677806179492,614.508463192459,1.0078379108094782,0.004723240679817677
a_ws[11],0.17530432366771043,0.6693859795851111,0.029095988256462046,529.1116626511179,547.9392165404163,1.0050332151791004,0.004822997150111032
σ_bw,0.037118379679588365,0.014127738637767546,0.0006972559587696578,424.2166359822171,628.4145413991741,0.9997810931511986,0.0038668503659897535
b_ws[1],-0.3135019476138007,0.6373263303895811,0.021721291631968013,860.8571308342785,908.7186480397959,1.0071838904131079,0.007846947594886307
b_ws[2],-0.02582961538184645,0.6373019850708153,0.023492994689227834,750.927534715636,498.3996069290791,0.9995961853512452,0.006844909336767884
b_ws[3],-0.7522408608765887,0.7703313872333795,0.03209894106941508,578.3497510503039,507.84672600987346,1.0092608202730828,0.005271815758335085
b_ws[4],0.9955202597394197,0.6507245011848654,0.02370837207105309,754.9883727582138,639.1132666519525,1.0034125234551505,0.006881924983348574
b_ws[5],-0.8962412595296854,0.5287742096781464,0.022329063833127254,555.7977594337603,601.0381835201141,1.0029557079217468,0.005066248202422721
b_ws[6],-0.9375689222035432,0.6655394957541754,0.027757128901462636,574.0215417940038,731.9069174720129,1.0031911321824818,0.005232362950200738
b_ws[7],0.32482068359522964,0.6847860977894563,0.027805726055469365,615.2114856480636,764.224536920639,1.0064679256538205,0.005607820525310652
b_ws[8],0.6295755232664735,0.4926965906045187,0.019019122369627793,684.5358619960722,646.6134667216569,1.002841743446772,0.00623973112785606
b_ws[9],1.138420126894998,0.683149870946781,0.02978197977615961,531.6168553518615,566.8789805563339,1.009706130718264,0.0048458326650109036
b_ws[10],-0.048201394882349674,0.8496336890652266,0.041215484979450406,429.48672376323736,497.4191944553165,1.0093096009279912,0.003914888653827411
b_ws[11],-0.14355405775994182,0.7612256290492514,0.030052366250530503,646.4492842249256,554.1778682789334,1.009563027133631,0.005892561581210018
σ_ap,0.21023458338939055,0.03328650819155745,0.0020308271127751844,277.9372435485931,591.8898222182327,1.0210955053647368,0.0025334737980033223
a_ps[1],-0.2654143429340897,0.23801026860913074,0.01062073709746939,507.4654015583994,735.5389184309738,1.0021786077635457,0.004625685575012414
a_ps[2],-0.6086417172064826,0.2520486470114699,0.01117298738527115,507.04221468515567,604.4389624702734,1.0020858276479232,0.004621828111214712
a_ps[3],-0.42122878967353733,0.25419232545145426,0.011506646368866374,488.52269670058485,591.5318046721839,1.0013719407415351,0.0044530176525423805
a_ps[4],-0.16311319284040546,0.2387295086165568,0.012220921429474348,385.7975681719496,512.4216449120981,1.0030353893788455,0.0035166500819317145
a_ps[5],-0.3395482466627981,0.24557552588160853,0.011871811481191243,429.9904136442969,581.8114413960698,1.006298444951187,0.0039194799245030896
a_ps[6],1.0469314689800941,0.28945765261790973,0.015749454242362862,331.72809704836203,698.2791369807811,1.0056779952894304,0.0030237921021426303
a_ps[7],-1.3053386580952044,0.30495570177751324,0.014366317539628283,450.0445372612633,694.5113670943515,1.005874061029343,0.00410227873216494
a_ps[8],0.5113557704110103,0.2564772383282729,0.012622679209387202,414.67673714168063,616.5974441954351,1.0020327022850035,0.0037798915855128366
a_ps[9],0.999653075823001,0.2856559777860414,0.015578438892032042,334.6653993397842,492.7514995281745,1.005545105414344,0.003050566413843797
a_ps[10],0.32811803526988464,0.24069625119515473,0.011684059147611977,426.157883193942,530.725051645002,0.9992512722455199,0.0038845453639092826
a_ps[11],1.9046493845846544,0.3690318635735588,0.02180359248334765,283.3448568704703,613.9426773790988,1.0148630075459855,0.002582765668663738
a_ps[12],2.1565119854509307,0.40371847780620573,0.02427652802357961,278.60044808115407,520.2003544496191,1.013309856638615,0.0025395190882440545
a_ps[13],0.16452465448069467,0.23879025751907007,0.011101023694501435,462.18071010403276,437.99791331970255,1.002896855870546,0.004212903258452365
a_ps[14],1.362576300182193,0.31228795949924426,0.018299756021055352,293.9957257284448,641.1233159897309,1.012737700765866,0.0026798512439293294
a_ps[15],-0.5280112205308785,0.2572017471190534,0.010804137215872185,571.3505600807747,603.619456134817,1.0006913297732956,0.005208016223223758
a_ps[16],-0.29423795482011256,0.24126827416742125,0.010773119967584682,499.7849000018872,615.5646721663003,1.0024716880500582,0.004555675708034852
a_ps[17],-0.868998286483658,0.2744307366459505,0.01200599201772723,521.7425026947908,570.4457649582147,1.005375356896641,0.004755825246755137
a_ps[18],0.004604316236050695,0.24439330140871077,0.011234577891732432,471.2944381205252,550.6731453745838,1.001808029742537,0.004295977375605993
a_ps[19],0.23812176832936188,0.2396185903361745,0.010960237363986606,495.03618142582735,638.1233273310476,1.0045593533303374,0.004512389842733263
a_ps[20],-0.301473810811769,0.24896437411898717,0.011466725389935793,464.05724922057595,590.5577693677977,1.0021161845223938,0.00423000842443153
a_ps[21],-1.3759519201837829,0.31649618865904444,0.015252921983553972,429.0619144497205,633.1243720209967,1.0091504246416232,0.003911016401044006
a_ps[22],-1.2290401479652353,0.2972307098874986,0.015017996780064418,392.9032099743691,629.1776960513769,1.0111707511194394,0.0035814199454253038
a_ps[23],-0.7243681245952972,0.2632987342550566,0.011809300354848664,500.4032144053263,583.7453285699016,1.0029762813053,0.004561311812502323
σ_bp,0.05942846620929151,0.010950606266282192,0.0005195675590637869,420.0007951030996,514.84290018832,0.9987707283823866,0.0038284218262682385
b_ps[1],-1.2600069765470387,0.4588984799658736,0.015762242003283366,846.9249335909449,636.3058133291008,0.9994723931830926,0.007719951816220795
b_ps[2],-0.5896326632286432,0.42982958667103566,0.013455134195230293,1058.0807277719196,647.2197200541115,1.0027488022761617,0.009644694484831714
b_ps[3],0.13259993894047786,0.4124839763217515,0.014347353027080604,812.5536565376115,833.7004193803186,0.9999319540203242,0.007406648249175421
b_ps[4],0.07303109424120706,0.40505228165235846,0.01343722414574812,899.2813164175873,802.6821114082072,1.0014811239037174,0.008197194528841779
b_ps[5],-0.6015265527581802,0.44333679289049593,0.014516818779793052,943.6406970064348,694.0381866724313,1.0007086362769884,0.008601542384431898
b_ps[6],-1.1547579432504853,0.47315214311177445,0.016181463917930208,857.103121252342,780.072929339934,1.001438787721918,0.00781272877342913
b_ps[7],-0.5496029756273675,0.42256598895632286,0.014745152270799854,827.4480071191041,728.2475048156833,1.0033861870959797,0.007542414317999838
b_ps[8],1.0416473315295398,0.4458077054230156,0.014945225988047013,860.7261906572724,866.6374876479093,0.9991186983167836,0.007845754039451579
b_ps[9],-0.26840524793944354,0.430365137442388,0.013021096193355057,1087.5075742459985,764.4455729304151,0.999972730529464,0.009912928218274893
b_ps[10],0.7610088134761903,0.4574749107498853,0.013152214583153795,1201.8040406944708,718.2667626567638,1.0026662947393148,0.010954771690759875
b_ps[11],1.3742132583793418,0.45780637543178543,0.016328317391757403,803.3680765662384,674.739979438349,1.0011367899604007,0.007322919181851383
b_ps[12],1.4798416089043969,0.46865399254385254,0.017703869294391213,715.5261061626682,730.2701095767845,1.0059515144540232,0.006522215657771423
b_ps[13],0.7461863666506864,0.447893458652941,0.012963421461154714,1181.4008168940204,808.3732587271716,1.0049610218026874,0.010768790739688805
b_ps[14],1.4717440383176468,0.47028333387380566,0.016339741686832665,830.5436815503066,771.9024402526784,1.0033886718509573,0.007570632234960036
b_ps[15],0.32960518434397695,0.437388354813829,0.015180179372178793,836.8067463704482,828.5330189072122,1.0053549249410005,0.007627721779399772
b_ps[16],-1.1882812766748478,0.47450988825729806,0.0170830461585233,758.9859287479663,653.1947335513361,1.0027077811557246,0.006918363796754013
b_ps[17],-0.9708186903186942,0.4557992844589177,0.015661959941328737,850.3664184247403,706.1918583006942,1.0084419693034858,0.007751321889339917
b_ps[18],-0.26804499613986527,0.42632933232353537,0.01369018924192312,977.2037143111189,785.4996198062836,1.0007817974909243,0.008907478443369905
b_ps[19],1.0701754925133447,0.44194072090596587,0.013731466200696409,993.4190604719558,895.5852650123137,1.0026367394603428,0.00905528574727609
b_ps[20],0.022612012276498526,0.43111258372637995,0.013989475426327625,928.7051744848918,722.2845902802239,1.0025812662351272,0.008465401022141954
b_ps[21],-0.9029120004220595,0.44358957315247016,0.014901480567805398,902.8270631129569,800.9301193489548,1.0022217499840107,0.008229514977272452
b_ps[22],-0.8158109192429838,0.42773019648752125,0.013505124919178609,966.5078570772645,771.0013795561188,1.004958561671691,0.008809982786785051
b_ps[23],-0.18827236045411833,0.41313849594313107,0.013414641575470744,918.7776757864427,656.858629415917,1.0056064415671981,0.008374909163220442
a_e,-0.00784062584880534,0.050927582542034194,0.0024988352941857817,413.9794851264495,475.598726888726,1.006094539812278,0.003773535943179195
b_e,-0.02984124848353624,0.01953250082618168,0.0009148711224817094,463.29192400147195,591.7803830742486,1.0064384133958493,0.004223032276273782
σ,0.9732320608987511,0.003426767893600424,0.0001059111923531531,1043.9351511885218,766.4638767284683,1.012051629211632,0.009515753695270267
