parameters;mean;std;mcse;ess_bulk;ess_tail;rhat;ess_per_sec
σ_aw;0.062432332065287685;0.018451714637228764;0.000784638636605951;518.9434646291315;710.1951719441871;1.0012593283950715;0.004181908068513076
a_ws[1];-0.2994651463843696;0.5135191176375224;0.017584614130804994;855.6168808535398;678.2378724366331;1.003495473215143;0.006894992193715253
a_ws[2];-0.471223612019272;0.45908386596843853;0.01668134511373925;758.9280744711739;691.4386427557002;1.0024204313085958;0.006115825045258564
a_ws[3];-0.1467575921261264;0.5369297243936845;0.019105481913001057;790.2944041674486;669.9782646845297;1.0069875583373995;0.0063685907435995885
a_ws[4];1.0892663399611189;0.5682223506965275;0.02098980838965594;744.9913199331636;614.1214869189213;1.0026477947873076;0.00600351565083726
a_ws[5];-1.8690798489921852;0.5655753003351079;0.022073021134805002;653.2729645505881;700.3054405425681;1.0019553449401497;0.005264402902439406
a_ws[6];0.36520188247943397;0.4514325110718651;0.01739979186509802;671.4657399531626;755.2643405742548;1.0052784601205738;0.005411009458702802
a_ws[7];-0.4564675871453246;0.5868404121177143;0.022097080545454804;706.4692284168555;761.0118295192382;1.0016315653427528;0.005693085216101606
a_ws[8];0.8520249821751589;0.4464962985956461;0.018378700528143017;600.9575237973872;693.9426661496285;1.0023111683538384;0.004842818705498067
a_ws[9];0.4890429620585049;0.4766599240617318;0.01740975172066828;764.5036804483343;574.2765789570343;1.0059583394173162;0.006160756089219972
a_ws[10];0.413044721271224;0.6435503235127149;0.025397238429371086;650.4140317475826;533.2553256694009;1.0016898933057228;0.0052413641805532565
a_ws[11];0.22659999351385882;0.6273820263242622;0.02493973394297989;636.5373620237546;567.2979920346673;1.0069763075198521;0.005129538979856991
σ_bw;0.04621617595880842;0.014333176207610576;0.0006286057088802962;557.7361063661635;678.7608328283847;1.0038289828120956;0.00449451873332792
b_ws[1];-0.18162362685214437;0.5649428252150248;0.021500791918798823;673.4817893421383;576.2067964820806;1.0014827983297652;0.005427255801090607
b_ws[2];-0.834157582793188;0.6097168470626344;0.020666757587164537;872.9534919482325;653.0749586939926;1.0007364017378684;0.007034699346341949
b_ws[3];0.16613464608321743;0.7764652220840166;0.028492029535028475;745.3429303442457;425.7894795152218;1.0009628304698417;0.006006349104797661
b_ws[4];-0.38556337724568684;0.5938355568295096;0.020117761213888762;867.7592065733959;555.1173389984135;1.000106952583177;0.006992841176040657
b_ws[5];2.0723134210380514;0.6116756636707554;0.026154386532094065;528.093399120512;679.3870598973093;1.011027724392584;0.0042556428536754945
b_ws[6];-0.10939685202086064;0.5881246551269541;0.01783464929480632;1073.9299188574967;837.2098455686638;1.0003352377850285;0.008654268718650025
b_ws[7];-0.42823136260148653;0.6495468471551017;0.023607041240036326;759.1000653793515;682.4998110710678;0.9979713725240487;0.0061172110347075944
b_ws[8];0.2597340717640176;0.4082323064844139;0.015168655275506114;721.1150997865503;794.7891932810367;1.001670245536818;0.005811109031460959
b_ws[9];0.2070540283638044;0.588878825037635;0.02031537124482957;840.740748620586;689.2497709456078;1.0065638807702133;0.006775112820231445
b_ws[10];-0.11466642896104295;0.7956523001306675;0.03128596143719201;650.4724614344871;719.0969069688896;1.001455038984455;0.005241835036428243
b_ws[11];-0.31565732896362547;0.7485440899773194;0.028314861568822246;695.7031627691327;596.8749284128429;1.0044262481204151;0.005606326831292715
σ_ap;0.16571775507711883;0.027550489088574624;0.0012809929999988774;455.1578591580592;691.9220072920792;1.0035943677244252;0.0036678915014770083
a_ps[1];0.1420633746805801;0.25772750905904523;0.009614955021210257;716.1780952704424;868.107113348357;1.0009447071376312;0.0057713241600300174
a_ps[2];-0.23507614062933502;0.25036212338015146;0.010601909417844526;557.7661330405708;722.0065651893104;1.0046247017941283;0.004494760703408542
a_ps[3];-1.4692999831884028;0.33832558627470427;0.016558557008264738;422.0433475332204;491.26145611036094;1.0030006592876388;0.0034010380717922335
a_ps[4];0.30806418902262733;0.2499928191207295;0.009832557099532097;647.6026926505812;749.7314105018203;1.0026038820917926;0.0052187089927449295
a_ps[5];0.4505073971433479;0.26087988670824763;0.010549532644747922;613.4161887729502;687.0404080328101;1.0064444270585529;0.004943216909031553
a_ps[6];-1.9848020162730262;0.3847412633100556;0.018533308275205215;439.2090484498165;500.75154938577725;1.0035956837421516;0.003539367944037754
a_ps[7];0.26609772922293834;0.25282115876469685;0.010437512814786202;581.0817745170351;561.8008630640126;1.003402166530928;0.0046826498972394465
a_ps[8];-0.012029017542871466;0.24837123964285823;0.010372828258206528;574.445490591587;551.2590739617086;1.0071180141512102;0.004629171375619354
a_ps[9];0.5504265888271539;0.25496606961323565;0.010395344549317271;597.7812025661981;624.6687104570447;1.002462639644863;0.004817222307643067
a_ps[10];1.2192618396222377;0.3071436942717783;0.011990842687855602;654.0282912879492;805.6237273870361;1.0003393018303122;0.005270489706094581
a_ps[11];2.1347926496723995;0.4149536756771085;0.01725618268351291;581.4743902690611;712.2776187244519;1.0043059943546393;0.004685813792910425
a_ps[12];1.0547649272815554;0.2973065409433185;0.011767720169603469;636.9611703181558;792.8795248236834;1.0052122415883635;0.005132954240760462
a_ps[13];-0.6824095190429696;0.2778686279178472;0.012574770460566268;492.42808789690605;607.8096201330832;1.0071051476334119;0.003968233794812755
a_ps[14];-0.5589390960525454;0.260060404029825;0.011327926619984085;529.3611940720442;738.2010165798955;1.0047080497906091;0.00426585938456643
a_ps[15];-1.651576793402085;0.35113563101070505;0.01643955390786559;448.8489960739271;626.8393057684151;1.0048742355504845;0.0036170515020687273
a_ps[16];0.28559736756712834;0.24986853105990206;0.010203223746508918;602.3703832796806;551.8834409138249;1.0022044611433643;0.004854204239513608
a_ps[17];0.07352421856597319;0.2519611299017556;0.009817049541732775;657.0075975974623;582.4828467459434;1.0019533890991144;0.005294498458383675
a_ps[18];0.550435595318895;0.2718687367546472;0.010454112049661101;675.1540108230098;564.32400159614;1.0033934021052637;0.005440731404850633
a_ps[19];0.8264769118636488;0.2809389200604482;0.010958977553699505;648.1896082255131;802.6746136306281;1.0009183269705824;0.005223438654347081
a_ps[20];0.569136713646958;0.2711684812805362;0.0106432394638231;653.2821730585401;775.8534909682451;1.0042025267765726;0.005264477109239044
a_ps[21];-0.38409475800491155;0.2647844147866292;0.011306216890398036;553.6142114910483;549.9486742418652;1.0083985512492597;0.004461302426329766
a_ps[22];-0.5100384468340482;0.2656635413689676;0.011554583180169444;535.1011877144413;754.4522937734316;1.0043273188669284;0.004312115147211999
a_ps[23];-0.8303625032624025;0.2895652607104445;0.012571921386612736;537.1118106141797;730.3085077017026;1.0033718185220866;0.0043283177602137105
σ_bp;0.05503539640627123;0.010416043333618497;0.0005596973653354203;346.77016318676357;794.8381403523854;1.0073629169806522;0.0027944488026006757
b_ps[1];-0.37238961849927854;0.4437259475576999;0.012903988319390826;1164.913568599605;831.2704596495362;1.001693906194547;0.009387460838587807
b_ps[2];-0.6293556280436587;0.4794266083374622;0.014756182072415925;1045.7286044568973;724.635311002314;0.9992444275784282;0.00842700830923563
b_ps[3];-0.9967237565813388;0.4628451680118076;0.015882944014950436;860.556745160604;790.3461893959519;1.0010828713270667;0.006934800110783512
b_ps[4];0.7569744906247707;0.4651987336054298;0.016160411175463595;847.4879670543455;759.8210983220524;1.0066722196257125;0.0068294853080482516
b_ps[5];0.23027023303353017;0.44303815256253787;0.013670616050728867;1048.5550574949043;704.4715328896945;1.0021260347833147;0.008449785292800424
b_ps[6];-1.514384977974099;0.4986182017398064;0.017948006523737018;779.9945603123203;768.0590716104142;0.9979390724423424;0.0062855894090457975
b_ps[7];-0.17159971884293074;0.4619480731184621;0.012679792580470382;1352.007944678322;738.1656139539263;0.9997536639906391;0.010895161646528735
b_ps[8];-0.19554157408342904;0.48114500080135764;0.013471526789239017;1277.7098071397463;597.3995246072326;1.0002417440031803;0.010296429796094672
b_ps[9];0.5651193671805823;0.4407894473159268;0.013448650828344186;1084.916825429722;841.2615358904957;1.0013239297964762;0.008742806750967714
b_ps[10];0.8740621814611078;0.4673863987852109;0.016284711522294545;822.6789114442195;905.5059719923572;1.0052650581403464;0.006629561430208647
b_ps[11];2.0941209897476436;0.5168332967192443;0.01827278593368448;810.5933129606165;734.5097944511703;1.0034172204780958;0.006532169584552573
b_ps[12];0.7788175600402903;0.4504953046385332;0.01396856215716562;1051.7145596638018;634.4226612473585;1.008887075887513;0.00847524615417198
b_ps[13];-0.39255117317937394;0.429305868308036;0.013343578517331244;1043.041673035881;708.5163427701153;1.0079163994195142;0.008405355661201765
b_ps[14];0.2173853919392463;0.4498331994354684;0.014170836016513677;995.8559555449875;664.25372525112;1.0006514308522096;0.008025109360509323
b_ps[15];-1.1933692960905586;0.4599606074394708;0.015527994941046909;913.7409710881834;730.405679673577;1.0024998122425361;0.007363385416666718
b_ps[16];-0.8738589210818981;0.46935912395130663;0.014822573449684623;1010.3842068112243;756.5538119194626;1.0034479290978513;0.008142185333775661
b_ps[17];-0.0069915358196931095;0.4355143686014547;0.013677115327913655;1019.4488608536276;710.6441667553854;1.0027269404636325;0.00821523288608523
b_ps[18];0.5987349658098667;0.4578481361496416;0.013703319663462712;1131.9454864472743;707.267161670455;1.0092417836119771;0.009121787411416383
b_ps[19];0.5979712477945839;0.43921990877196215;0.014535651852161907;926.5943473387725;508.9711734606146;0.9981092211843711;0.007466964402651996
b_ps[20];0.8377747926589091;0.4727828216238605;0.01572719054886878;932.8886104678676;658.1658248545768;1.002910612532693;0.007517686748261876
b_ps[21];0.8548463403045296;0.45826720927160414;0.015164133654019417;941.9131526913942;783.3208771081352;1.0053165977846696;0.007590411059312164
b_ps[22];-0.8875573037196745;0.4494225133995343;0.014644142241122362;938.1834572841049;608.2792519431426;1.006930552172488;0.007560355293357029
b_ps[23];-1.1687125306361588;0.4723767242628835;0.016104006331767652;868.6991538694766;821.2381708390425;1.0007586755003943;0.007000415745236295
a_e;-0.01122511563364975;0.04167263099359507;0.0018156992838121945;527.4131424323234;593.8731947814506;1.0089270834326391;0.0042501610023238665
b_e;-0.004974903863090295;0.02067346257995688;0.0009335432163219624;493.18439853246105;713.6292019159522;1.007521071223096;0.003974328527215619
σ;0.9870801526642916;0.003494622860255746;0.00011557000688621113;915.9168092866284;875.390359724217;1.0035663375459647;0.0073809194178403505
