parameters,mean,std,mcse,ess_bulk,ess_tail,rhat,ess_per_sec
σ_aw,0.038788843494358745,0.012955158308668311,0.0006579484410076635,373.85535140692434,650.6128989284355,1.0069303690178661,0.001484990393546272
a_ws[1],0.6540402309974063,0.6354062004694253,0.020893067353373942,917.0645566649612,767.9754535933172,1.0020391887706575,0.003642671027134627
a_ws[2],0.3985292531284157,0.5837629657524079,0.019604375792617923,908.543477065011,519.2452796904272,1.0001824590048911,0.003608824457061604
a_ws[3],-0.9676855988375536,0.6443504035263716,0.020882993684991715,974.5659339925203,697.7812992050714,1.0022856689748623,0.003871072179146392
a_ws[4],-0.6016398439274531,0.5827135539319763,0.01978037582585052,869.9834357468874,951.2599048938451,0.9992551396271822,0.003455660163126342
a_ws[5],1.8186660338495275,0.6213798992653182,0.02687496045902616,527.0807615926748,680.5484768070022,1.007925743434556,0.0020936168618226657
a_ws[6],0.16555906709415696,0.8553813839017175,0.033459367895953045,644.9446075198257,691.3774711635277,1.0064820431517072,0.0025617837030610263
a_ws[7],-0.26024209474847104,0.5028934854064862,0.01823779260376079,750.3214234190243,953.0412936755146,0.9980059289754514,0.002980350827281428
a_ws[8],-0.5518264585045833,0.6024931581097424,0.01846951996745914,1006.56069361436,877.6575131273339,1.0012838910722985,0.0039981585255192695
a_ws[9],-0.22780270740375982,0.4847697902258453,0.01800899881177156,726.7278194981278,729.9937716156821,1.0016607757582094,0.002886634701405964
a_ws[10],0.5194920690233846,0.5932547792991875,0.020290564146293627,853.3745654236989,584.3712783212247,1.0041131604331417,0.0033896880892085204
a_ws[11],-0.36166306723244557,0.7371432422085702,0.02478852783040398,872.749526137372,707.6615857227902,1.0025114547498029,0.0034666473474533606
a_ws[12],-0.5948679925706555,0.7459441574160084,0.024998910261928554,890.70792210496,782.256030058629,1.0026663022618236,0.003537979870566936
σ_bw,0.01355261322194088,0.010891381614770535,0.0007639649054744237,164.0644146326067,287.51656314148374,1.0134794095351967,0.0006516800648575681
b_ws[1],-0.349595617925344,0.8737882915126173,0.03528930052794248,612.7597832829636,642.3558837377284,1.0015006925242151,0.002433942401258464
b_ws[2],-0.7172133350533955,0.9689318719359487,0.04459113075265222,499.6107222921187,612.6802758226778,1.00563752108038,0.001984503151618573
b_ws[3],0.05249988765308176,0.9279304232997057,0.0360340973948451,662.7637819280402,718.037114292132,1.0057897820516077,0.0026325632243853637
b_ws[4],0.3793412911166783,0.8720502036633692,0.036820748487694004,570.6103339893278,607.4416889020763,1.0062928457564324,0.0022665206242028064
b_ws[5],0.06753280353350008,0.7211183225866085,0.027311631448851917,721.316008531109,614.0818922022056,0.9988956882210407,0.0028651384535457484
b_ws[6],-0.10836396279778295,1.0297366679586557,0.046861359790929424,489.19247584243976,486.05948870514703,1.0059047929250007,0.0019431208473740331
b_ws[7],0.12000158431513733,0.8807697675408716,0.03510619181381255,643.6090410168048,651.1543181552081,1.003300133725413,0.0025564787009540227
b_ws[8],-0.12465530309867322,0.8704131621837108,0.035006012897120346,614.892211151079,674.3108815048423,1.004097474054025,0.002442412615439336
b_ws[9],0.3096535795609681,0.8487818319809488,0.03159334234216749,765.4457700566228,462.12809107773876,1.0054609221167836,0.0030404262264457733
b_ws[10],0.018218679549089938,0.8864881808700258,0.032551293916406245,747.5003351229659,792.5204980419393,1.0038200039489373,0.0029691451858395515
b_ws[11],0.29540567162206727,0.9681152890886339,0.04398965758256095,489.42321093687667,673.0000440810537,1.0011818029001414,0.001944037349966288
b_ws[12],-0.16746716766264189,0.9042914898606735,0.03536908767398893,657.272593115672,578.9215741705291,1.0047905351234396,0.0026107516798807087
σ_ap,0.2178743546090911,0.035868385000236765,0.0015132224466549945,581.3482340607742,639.6732974911175,1.0070528411599948,0.0023091726242155104
a_ps[1],0.241511698809089,0.2448177901545042,0.011266369267705295,477.2849272639725,705.428820542773,1.0029448247613113,0.0018958228879275125
a_ps[2],-0.7794106951837811,0.272159374159373,0.012634593426438936,460.71855974688464,551.1255622365378,1.002865021698872,0.0018300196393548965
a_ps[3],-1.9176150540099415,0.38450077625204765,0.0163549669005583,556.2399258349037,613.551907858334,1.0058429510558342,0.0022094399431844642
a_ps[4],0.4431320453778393,0.2446018351116707,0.010303978788523575,574.0855572549144,589.0596517107232,1.0005844908813295,0.002280324554373669
a_ps[5],-0.5167524315254033,0.26221322201771713,0.011916398022632,484.55829318248044,628.1420728863586,1.005067776120344,0.0019247134159809008
a_ps[6],-0.362235258575715,0.2524637698643868,0.011540329387989783,469.8387168091017,443.07265667632936,0.9982557867927817,0.0018662458042982579
a_ps[7],0.5301049600572305,0.25085323705619644,0.011240811204554153,510.77329196156495,568.0503224566643,1.000091396948698,0.002028841981232854
a_ps[8],0.4532470542579669,0.25241048679273254,0.010018879137300561,642.860764398006,693.575351000291,1.0004870228270115,0.002553506472292724
a_ps[9],-0.19473070597233316,0.23976135312820093,0.011235238308838942,456.45002041568864,430.9618616318704,0.9997112033384458,0.0018130645793900037
a_ps[10],1.3768956465448212,0.3279921348740568,0.014598475790338584,501.7990925947717,530.702028166616,1.0018098409776102,0.001993195574676668
a_ps[11],2.3010238047699776,0.42274760804653005,0.016888179454181994,623.1032018355985,717.787568330639,1.0043218036009125,0.002475027481702779
a_ps[12],0.843207257283889,0.27220035184427993,0.012377256231609141,488.15083799027195,677.7081558659276,1.0041197339098036,0.0019389833589090366
a_ps[13],-0.3942302955485639,0.24297064956619255,0.01157747044245191,431.2388666041566,556.0519787863814,1.0013739659728336,0.0017129233855313322
a_ps[14],-0.30786637317295834,0.24255022921191177,0.011918073839273447,412.09362089191666,685.2721771812811,1.0098567763088826,0.0016368765779685485
a_ps[15],-1.068420454951684,0.2880119314299932,0.013628132358312525,445.450618101858,793.4658056976454,1.0104254738901388,0.0017693738666335337
a_ps[16],1.0116909291599707,0.28097725978485305,0.011705973822806573,592.4965580566735,683.589675354862,1.0004989877733048,0.0023534548686069577
a_ps[17],0.5938004957471112,0.2577149686361536,0.011520735812255265,518.8389414253933,634.9882888560871,1.0012901501733018,0.002060879537807669
a_ps[18],0.07222290844617017,0.2365141680694273,0.010491633464941788,521.3080388714554,738.4621212832628,1.0003206409337104,0.0020706870368158645
a_ps[19],1.0997696289349448,0.29042370838418496,0.011279973612050482,652.8232321917823,661.1691825043572,1.0019354736224448,0.0025930783786840524
a_ps[20],-0.4350312138855497,0.2526131777001177,0.012068302090592092,439.6127073557945,785.003319950455,1.0021977425263804,0.0017461851083513263
a_ps[21],-0.938570818200468,0.28730064848052816,0.013840476679941288,435.03309385534743,698.4804082475787,1.003708611905901,0.0017279944310513336
a_ps[22],-0.9192861018859901,0.28432825773526704,0.01188945448920302,567.9822049721089,760.6342848354424,1.0017382424892387,0.0022560814360812957
a_ps[23],-1.182408024010415,0.3021344483422018,0.013064914357057884,527.497811210189,696.0107353713335,1.0020343265154477,0.0020952734241088816
σ_bp,0.03789305744844349,0.008573036640269769,0.0004396485434838439,352.9709545361114,445.44480529432434,1.0105133989913007,0.001402035505749551
b_ps[1],0.1158949199169278,0.5421188150592385,0.012193512705602271,1991.5763364061966,824.2616715352491,1.0036213725737464,0.007910737980471512
b_ps[2],1.212096615613216,0.5929440616008744,0.01524447365566501,1530.3998151663952,683.3695810544335,1.0025963321607763,0.006078899272819115
b_ps[3],-0.8462488335023112,0.5541005318331185,0.013561784673630173,1685.4677086786016,672.3268284425712,1.0023431720206863,0.00669484426690973
b_ps[4],0.23771549221598604,0.5306905575776356,0.012138542400168666,1877.9802212396685,794.4808797528553,1.0022315618468705,0.0074595229874758395
b_ps[5],-0.5594956939801611,0.5992094706458906,0.016407325993548973,1380.8868499568944,536.886578288152,1.0020652312328384,0.005485019002786381
b_ps[6],1.459260932111569,0.5900775226590004,0.017281972154723674,1098.3135331295955,522.7010012092088,1.0001133563164954,0.004362609869462754
b_ps[7],-0.3123103036702423,0.5958993152882366,0.01455693779641491,1691.6354170383363,548.1324021937498,1.0088414665349623,0.0067193430138981925
b_ps[8],0.6003291875571873,0.5669345688497974,0.015423122251287773,1383.3211307092836,519.2888977502571,1.003568559995829,0.0054946882064473394
b_ps[9],1.155879837228272,0.5473253088323109,0.015456652915960706,1258.4310029817311,763.3230217677941,1.009139471419292,0.004998612279685181
b_ps[10],-0.9152780044100759,0.5656206962779964,0.014219708352962754,1579.5437827095402,705.6839862284005,0.9999155834404907,0.006274103967436115
b_ps[11],-1.2995918990519426,0.5573959953960334,0.015705470986265038,1257.8139412387252,879.8244786527779,1.0007228538077741,0.00499616124947486
b_ps[12],-1.0575510435284303,0.5756173589351238,0.015074616569359234,1435.2765822872962,786.1705280716926,1.0056799911903715,0.005701060393431843
b_ps[13],-0.7484845835011974,0.5762975720736946,0.014264033163014795,1637.787628138386,828.8302887897802,1.0024591685764117,0.006505454276103726
b_ps[14],0.945256200229704,0.5697214127361018,0.014351105976955434,1575.8402281692454,675.7831436356071,1.0119925926909248,0.006259393082882462
b_ps[15],0.764486298113794,0.5905454286172899,0.012353935309883834,2321.95461983371,729.011965775586,0.9989579541655844,0.009223033164370485
b_ps[16],0.395776027728808,0.5580060476058804,0.013763612807634272,1701.394181167833,744.8526466306279,1.008925440549357,0.006758105789208617
b_ps[17],0.44235996627505153,0.5661904933337237,0.014823737076493128,1451.636361243041,760.3783830130444,1.0044642682500144,0.005766043051827385
b_ps[18],-0.8247620651746294,0.5558636068021692,0.013831370750970757,1639.905312067333,840.6101470561447,0.9999105418991602,0.0065138659259014854
b_ps[19],0.428325740595949,0.5546489059491266,0.014894008861231671,1388.0732181019177,741.3446258185339,0.9986907295528519,0.0055135639670879115
b_ps[20],-0.996287645730211,0.5828984272958835,0.01325168036426241,1959.322597237964,841.072296617862,1.004671965908237,0.007782622941752595
b_ps[21],0.11934890098167382,0.5910267853379586,0.01382219072065911,1822.6779205850264,632.152404587251,1.0074506055244368,0.007239856785282672
b_ps[22],-0.007969041886042541,0.5665901710634088,0.01603738074924798,1269.8668819504396,771.6626333376937,0.9997971768574139,0.005044036720839711
b_ps[23],-0.08174573609759567,0.5662036405777027,0.015103332180848117,1419.869666311817,685.5560345573547,1.006020289741788,0.0056398626009389425
a_e,-0.0026784906002900503,0.04869038708374495,0.0023633700031746316,420.91821846148605,624.3879913445459,1.0015066821390781,0.001671928751405164
b_e,0.018756593678937093,0.012787182149711546,0.0004880347368450345,685.2783058144545,736.0269786765631,0.9994056018111386,0.002721993137748305
aL,0.03624823909193181,0.006290017901874298,0.0002205758815025077,817.712291352844,697.0112146827465,1.003758532604691,0.0032480340130853964
σ,0.9752222044505203,0.0033166532850363614,0.00010717860133054887,959.554303729974,697.9717606204797,1.000481526991285,0.0038114445005603876
