parameters,mean,std,mcse,ess_bulk,ess_tail,rhat,ess_per_sec
σ_aw,0.06341952686433597,0.023224688502094974,0.0011402565951111284,412.4346774797315,721.4913886735429,1.0011167186785752,0.002821126625066287
a_ws[1],0.24842527602238662,0.5099442804914356,0.015711199066301685,1046.071154123938,777.3418487687863,0.999601063005568,0.0071553129398482474
a_ws[2],-0.2013641968085263,0.4382316383669635,0.013978326123256704,985.4811649061003,914.264506327054,1.0027912172016111,0.006740866625975134
a_ws[3],-0.6626612917572389,0.5596820498925469,0.020766322943475978,759.3600282069092,881.5093638062801,1.0057775205558792,0.005194157791668419
a_ws[4],0.47508479943221393,0.5009843019161838,0.017091117351493414,882.4809886979823,877.2268695893325,1.0009135005677348,0.006036327082251823
a_ws[5],-0.976054699876663,0.4751941696960999,0.019606813674576947,570.3986317124568,653.5856662758591,1.0021083751895268,0.0039016281963935285
a_ws[6],1.6191318880104935,0.8267007459740064,0.025560593415782776,1044.7496643156248,769.0221468360007,1.0070687357412484,0.007146273714277383
a_ws[7],-0.36767179391480465,0.4322394803011165,0.014836629848337115,850.6827343517467,717.2952158492665,1.0046073698631013,0.005818821361067155
a_ws[8],-1.147128058106757,0.5916354759527025,0.019652416689654846,906.2863185682974,768.9696531997955,1.0042839048170102,0.006199159776936988
a_ws[9],1.1260001339151335,0.5169056681503859,0.023548241790805793,487.31939202515366,667.3974304128379,1.0003704510132625,0.0033333514052557786
a_ws[10],0.27335185900439807,0.48777817578084265,0.017133512050151126,831.2995899548822,511.0636877502488,1.002813152658227,0.005686237202359535
a_ws[11],-0.014347805448233542,0.630030383922087,0.020972100380897567,919.5374783265909,750.1552056267718,1.007598765166387,0.006289800068959877
a_ws[12],-0.3246669536859698,0.6286849945819585,0.020006814887598097,988.4828193988852,820.281343365795,1.0014132269708254,0.006761398477129336
σ_bw,0.03963721182194271,0.013629583806157187,0.0006473119851195077,463.68641225143864,686.8221778175968,1.0093104565550794,0.003171697615917085
b_ws[1],-0.2992355620737464,0.6050550808341375,0.019150694177606252,1011.2346259577715,817.0964184801171,1.0004127366819064,0.006917024884791884
b_ws[2],-0.6673565398965535,0.6036646249255568,0.01920925591276469,971.769730594609,845.6922650084238,1.0054866233568578,0.006647077974059713
b_ws[3],0.0868635865938964,0.779601017856251,0.028753443509389763,739.029650354155,690.2561613501675,1.0015759377534428,0.005055094387474232
b_ws[4],-0.4153496560013365,0.6477369581184034,0.021668934131270304,923.0037692009745,787.8374338771445,1.003131180937323,0.006313510115689467
b_ws[5],1.752941214383445,0.5925260385183675,0.022475921801992853,725.923684970808,745.9384033688548,1.0026600753343244,0.004965447250826819
b_ws[6],-0.07564632957441929,0.897551240554931,0.03685610848582757,589.8086287332343,683.269607749262,1.001454496898493,0.004034396031829635
b_ws[7],-0.46914604358004675,0.6339831439904453,0.018713230224311567,1147.4634161904064,729.6397359890617,0.99938718239522,0.007848854064564826
b_ws[8],-0.38464779510445113,0.7011631426050343,0.024408829249392704,833.4251248369035,720.9542347475677,1.0051974378025728,0.0057007762393891555
b_ws[9],0.4706130071007433,0.4688614506694401,0.015329925260511142,929.7823809687561,952.1149909201935,1.010157263854951,0.00635987702706543
b_ws[10],0.7805131194196759,0.6410392963267277,0.018606051907867377,1185.9630397606927,752.2708160670802,1.0004228591993485,0.008112198344373845
b_ws[11],-0.07815354042656615,0.840873218922244,0.03243490974385856,671.3660611130239,592.1233392520379,1.0023149464537442,0.004592263390036863
b_ws[12],-0.35622525305351904,0.7791069010353386,0.026013920850111314,897.0101362926281,748.9253600758381,0.9978880087126225,0.006135709038612143
σ_ap,0.1629732405139136,0.02698708981782333,0.0010999278475542177,573.3365957705589,711.6127606187137,1.000748534458035,0.003921724393634865
a_ps[1],0.12793815157824143,0.25567679328108445,0.009143404113374365,777.0472945357724,713.5720212925479,1.0070506177687755,0.0053151418424517
a_ps[2],-0.2645384583267083,0.2541377637632335,0.01043213948068846,600.3057287130471,566.8748857688093,1.0069854124645348,0.004106198064626666
a_ps[3],-1.501983821291195,0.34388920063190326,0.013525832086356175,652.9702140849859,789.2897418400466,1.0040264876593648,0.004466432521113396
a_ps[4],0.3346693676915848,0.26506569614844355,0.009609394510616669,755.2695300746884,753.0074061603121,1.0026611777985681,0.005166178056159492
a_ps[5],0.44509320136189473,0.27170782825029066,0.010498223488405333,662.6169858075151,649.0422145466483,1.0054998179705819,0.0045324181572356185
a_ps[6],-2.0202775855280244,0.3911115936497052,0.015927926673558024,614.8286120696602,662.8493888586194,1.000849979236906,0.004205537172483538
a_ps[7],0.2649469762334578,0.26670512091344034,0.010203635825069907,686.9402150303881,838.2887438515255,1.000622090512284,0.004698793375700631
a_ps[8],-0.03958149460705199,0.2569080308345211,0.010178357639903232,636.6197297814663,717.7718169125594,1.0049504664989801,0.004354592297388138
a_ps[9],0.5309319610599821,0.2598793869239977,0.010225425188228006,644.6279065472482,674.7886259767174,1.0053126252963411,0.004409369652265857
a_ps[10],1.2346350894991733,0.33068192958942577,0.013195796644952469,630.5335564658876,711.6378447108779,1.0056641515970526,0.004312961788309059
a_ps[11],2.168537618773664,0.43667746576146904,0.01746420906368336,633.489706717278,662.949683630891,1.0039740591253408,0.004333182382350411
a_ps[12],1.0765774954785583,0.3129221742962644,0.011718051824535471,709.7478522556684,740.9785914258648,1.0027275139376404,0.004854801675061572
a_ps[13],-0.7129963347062753,0.2748878178634657,0.010132560113613442,740.4821731035196,794.9970134814238,1.002708940724898,0.005065029901691385
a_ps[14],-0.5847164055260679,0.2679607898417719,0.010002267176598292,724.0182877921075,736.846050544908,1.0015379687324653,0.004952413994881888
a_ps[15],-1.6933186907299076,0.3599610131758989,0.014840318251066246,607.339201000367,693.136634969947,1.0037199732461342,0.004154308267332401
a_ps[16],0.2848609159687669,0.26335390476981296,0.009559644967186743,751.9478412985898,894.9603263315241,1.0020006413754559,0.005143457113527562
a_ps[17],0.07234857605795739,0.25311840972408933,0.009527365576474116,700.3355288059288,749.0254668913415,1.0064663474975468,0.004790419706867103
a_ps[18],0.5536553332495365,0.2764320407924691,0.010726611305994267,662.0111452791659,756.0957078932114,1.0018634947648737,0.004528274100156048
a_ps[19],0.882159199267598,0.29314432126687556,0.011283818210271464,673.8812855507425,883.2570226638832,1.0018099000612988,0.0046094679730089485
a_ps[20],0.578610721775405,0.2858239047979107,0.011703740868619635,601.1179202907687,694.9574542406873,1.0047306424906075,0.0041117535996233025
a_ps[21],-0.3992433283250264,0.26771250812857433,0.010262203727375763,678.6903241922314,784.980221656849,1.004388312789245,0.004642362653532372
a_ps[22],-0.5174781473507812,0.2638397426455475,0.010061868321964871,689.9978515751976,602.7598631451386,1.0067537962927897,0.004719708154057894
a_ps[23],-0.8640575282765213,0.28387203949926254,0.011625230644404776,602.2494839311647,629.8955855073546,1.0073030893744093,0.00411949369639059
σ_bp,0.05568877444784021,0.010538374974546731,0.00045613470698617774,542.3163593075772,696.6977659701155,1.0022941720579568,0.003709540453292287
b_ps[1],-0.36362544990661044,0.44450462263240814,0.01176360184499367,1423.0066301141255,910.9205229322516,1.0061312055437295,0.009733618706341927
b_ps[2],-0.6682603445802823,0.43124147319359857,0.011488472164460932,1411.849505358938,929.6041074751512,1.007589599468364,0.009657301986568544
b_ps[3],-0.9902448923649182,0.4393204522984247,0.013467129149022022,1087.771478164863,705.2044362886493,1.0019291967697086,0.0074405505807387294
b_ps[4],0.742697134390139,0.4267939229822854,0.012060035248224509,1286.406758904778,587.5724195084297,1.0002108447386249,0.0087992512666199
b_ps[5],0.2223370082983485,0.456515419428596,0.01127107993531555,1597.727643793751,639.5903931876827,1.0007726725260855,0.010928741547763004
b_ps[6],-1.512748716627624,0.4993287755307828,0.01483309741137984,1177.6751223769343,576.8198829651317,1.0060244076110934,0.00805550751386331
b_ps[7],-0.18124181990501434,0.43749602115063085,0.011055290928308857,1567.1493756424422,784.0351169438073,1.0007653658397488,0.010719580749361631
b_ps[8],-0.21817838079449986,0.4306051400152947,0.012297900021621531,1274.5831727038262,823.7940059631521,1.0047337514618562,0.0087183758318987
b_ps[9],0.5298803271667069,0.4185505050614931,0.01094453341372479,1462.7654574125097,833.440670761408,1.0000637309271718,0.010005576163843535
b_ps[10],0.8263120156523485,0.44734644095377674,0.014250891373100063,1009.8900470746188,810.5622005094874,1.0039808225354467,0.006907827725838269
b_ps[11],2.057787910946489,0.5146155116813389,0.015332463222300583,1131.033554136714,805.5407887059338,0.9998237973339261,0.0077364708828957345
b_ps[12],0.7962570846738035,0.4489654190548056,0.012286238540335089,1347.170549579931,966.8572025307653,1.0049364211747835,0.009214886413405184
b_ps[13],-0.37348361983479045,0.4232122688936319,0.011269298846480195,1405.1967508878463,552.7974498520317,0.9978744651457262,0.009611795961509951
b_ps[14],0.20523862078497745,0.4366814503614459,0.009804623312058508,1977.8098385173457,790.700856260048,1.0020291190411543,0.013528571430644414
b_ps[15],-1.1736196443834144,0.4665070790075655,0.014487472327690997,999.3610985256313,954.6728507061935,1.0020691956345078,0.006835807843157668
b_ps[16],-0.844958247915492,0.45819916689943196,0.012590790315955674,1335.31580767684,834.5490903945367,0.9979484817002999,0.009133797868134296
b_ps[17],-0.034629319071811916,0.4352402368442907,0.011172479039925574,1464.0099272303291,800.9261148030685,1.0043585117803928,0.010014088558966553
b_ps[18],0.5518406953872359,0.4613590438460109,0.011100706842324006,1742.0875602829158,860.1912596236789,1.0019367910193775,0.011916189078820676
b_ps[19],0.6208530455128635,0.4232160090683582,0.010433093458391664,1681.3032629309164,820.2037487515479,1.005578348955767,0.011500413662714695
b_ps[20],0.8479623933402455,0.457850907100701,0.01187221096946652,1486.7217071789707,773.5990459047789,1.0016621662940561,0.010169441177488569
b_ps[21],0.8463526322964183,0.4504209339186987,0.012144608795303212,1376.7670703795043,824.7029582141556,1.0011120919863044,0.009417331885127448
b_ps[22],-0.8958555168582721,0.47294418059447985,0.013242936216881962,1310.6930957841894,678.7093861069296,1.007565058354361,0.008965374134887212
b_ps[23],-1.15803389320674,0.4327131674893109,0.011939042355478218,1331.2652178535138,934.1108296570746,1.0024956260426185,0.009106091112563604
a_e,-0.007197500076100716,0.04060419080175137,0.0017271852154151289,551.8676895223912,648.5320059211082,1.0068865901209214,0.003774873252509045
b_e,0.03073990468975689,0.019294314359131638,0.0007430922779435399,677.2321710632733,807.124154082915,1.001649631934046,0.0046323886265163495
aL,-0.08886152059227012,0.006753126246021471,0.00020561904516930732,1064.0560655826835,779.6517850570652,1.001520704238674,0.007278332936313555
σ,0.985431652019075,0.0035973397272885807,0.00012794454048160295,794.6477689858251,599.0072810700681,1.011402958187952,0.005435532221331233
