parameters,mean,std,mcse,ess_bulk,ess_tail,rhat,ess_per_sec
σ_aw,0.0278666301574635,0.010607004160958906,0.0005032488732219978,397.0919907114351,640.7284972487665,1.0072280934362583,0.0013765021910430602
a_ws[1],-0.025321968113379726,0.6954983164935629,0.024227555898517758,835.4384599707331,717.4432011287399,1.0022616930717154,0.0028960112455832464
a_ws[2],-0.46148242980191806,0.6766953055137735,0.019627456766961676,1206.6186822561992,730.6630785477363,1.0108140239205599,0.0041826914134013
a_ws[3],-0.3251018144661431,0.723435094635272,0.02271815319871195,1011.9872962980664,773.5625926991863,0.9993397396977585,0.0035080101418472572
a_ws[4],-0.2496622586192142,0.6668058017270716,0.02145559014514281,951.5842324110744,741.838297088387,1.0054034433878096,0.0032986255364383316
a_ws[5],1.5868492214741872,0.623944777847951,0.023829465430505653,687.2407019308399,718.3064164691679,1.001415956196285,0.0023822901345527695
a_ws[6],-0.4027515785573953,0.9830949711786497,0.03980461586138527,617.2896259405899,639.0261198473613,1.0020803768921787,0.002139807758633053
a_ws[7],-0.0798978950909894,0.6160056374671002,0.020429645809946082,912.9587370464336,753.4434882445987,1.0049490567741743,0.003164731929306405
a_ws[8],0.7884332385136096,0.7118501639838646,0.028620550915346824,621.8407083063217,682.7775414701646,0.9994753567336204,0.002155583888584261
a_ws[9],0.17299411893878966,0.542633881470884,0.018339410869670905,885.9165991851959,583.4367128034603,1.0017014617587023,0.003070991529380957
a_ws[10],-1.1643153621279563,0.7293057775265582,0.024628850563887156,924.2527475533684,499.4204394547086,1.0046156476902557,0.003203882127678843
a_ws[11],0.13162783082350576,0.8322109817973987,0.02987028204839308,785.3179049021968,531.5709312643403,1.0030343998819509,0.002722270511743389
a_ws[12],-0.03827336355795378,0.7785356131143311,0.026297661591419327,863.0380182297348,819.6228043687577,1.0006707451664782,0.002991683919180293
σ_bw,0.011210407185313924,0.01062529285439026,0.0006333874593216677,202.40393884998784,268.633781172963,1.020730545651002,0.0007016244895889075
b_ws[1],-0.12457459936430283,0.8767241735088033,0.03668880297345348,592.3835482552303,566.2192344962428,1.006571184599306,0.0020534719188122505
b_ws[2],0.13030416561028096,0.8884688308413482,0.037963893037386016,542.9327707857434,522.0027926937158,1.008036379952584,0.0018820529400169893
b_ws[3],0.4046023723268996,1.0318678338051483,0.04358422074711875,559.0354183156945,702.2068518974747,1.0037591099337013,0.0019378720704075574
b_ws[4],0.024189479038036657,0.9132983972929478,0.03287782118314205,769.4161791434705,748.5450447088133,1.007183191161256,0.0026671478679725176
b_ws[5],-0.1914675368160951,0.830277794521864,0.03440993627694317,579.4428126191509,474.6063899656406,1.0059979282939018,0.0020086134190856293
b_ws[6],-0.09709963765009295,1.002726107865042,0.04347296156752282,531.4562834422283,605.4683910991904,1.0008673101857382,0.0018422701935921024
b_ws[7],-0.26486799786676635,0.9456735389348548,0.0359164695067239,703.7143216501415,794.8671057543502,1.006168181685984,0.0024393952239739948
b_ws[8],0.22552434942560529,0.9479811029880307,0.038664696276652435,600.2082601417115,671.398592619438,1.0058351752886043,0.0020805959437434135
b_ws[9],-0.4290993542322888,0.8386847921676952,0.0399167782881527,466.15778585297,504.20486693204293,1.0059501900658487,0.0016159157792348712
b_ws[10],-0.14571406662550532,0.9069749103090662,0.034983223666166643,667.3369803052873,615.0525728111983,1.0077504885913804,0.0023132947454027677
b_ws[11],0.4800984756855794,0.9681136205433251,0.046082261520640905,445.0207329451268,643.6132009743536,1.0070060704881305,0.00154264510060015
b_ws[12],-0.006742486808425998,0.8976610285291978,0.03597903829098152,611.6180281287725,614.7485957975875,1.0017401859287736,0.0021201474104082132
σ_ap,0.21985407758728548,0.03789204536744192,0.001942613140802052,388.4321207059504,684.3696930008775,1.0093687865289476,0.001346483126656138
a_ps[1],-1.014306838300717,0.28621832311606155,0.012493478552724434,526.6733782607367,628.9883660874061,1.010580655147329,0.0018256904598883859
a_ps[2],1.0820492776052644,0.293291455604545,0.013176047235233596,502.08869353808063,604.0405136798371,1.0063911368924559,0.0017404687148559334
a_ps[3],-0.8225468049829278,0.27528372404106377,0.01159123197635792,561.907876087487,709.300076848136,1.01110711093129,0.0019478293208911722
a_ps[4],1.2279876629812922,0.31066031758878604,0.014578640199310823,454.67371272356655,503.6201581670298,1.0066428312714417,0.00157610673701168
a_ps[5],0.7125565375150058,0.2697157843990941,0.011715235291303746,536.1992569488865,669.5912731879356,1.0069156903635523,0.001858711505874119
a_ps[6],-2.7975253321644717,0.5035329565161193,0.023949235955128982,441.02560307964643,530.0714075173836,1.0121287037528512,0.001528796155917376
a_ps[7],0.07805752425943008,0.23753453631231047,0.009972219623447852,567.563035787161,711.7683293680265,1.0076630428590028,0.001967432687112065
a_ps[8],0.40115647876228233,0.24564954670065575,0.010680906372748293,529.9122758594557,811.0266065341275,1.009857861719961,0.0018369179581645741
a_ps[9],-0.23354817682275222,0.24421397209430998,0.010053413301474074,590.5798092687957,732.6174158988082,1.009643068123955,0.002047219335720739
a_ps[10],-0.26115611432912983,0.2431707604916699,0.010402658896655488,545.1170604856386,756.8128739883393,1.0101536601899717,0.0018896246856782194
a_ps[11],0.5748103103696132,0.2547544621502709,0.01058469749708786,579.6285282802845,777.192798764409,1.0040676758721732,0.0020092571943831454
a_ps[12],-0.18118027572655143,0.24286501384649897,0.010370376347973517,547.9848364017482,712.7515591657307,1.0069008793108554,0.001899565706711842
a_ps[13],0.3924751026581047,0.2421316604546071,0.009795079410931603,609.3462827323734,732.0537717444741,1.0051181251759893,0.0021122725033620327
a_ps[14],-0.11933331588565269,0.24043073373604373,0.009556808141669574,631.4342878641897,821.0636003584174,1.0076428927672696,0.0021888396167033092
a_ps[15],-1.0213105493560672,0.29365156390864705,0.01308868785051735,492.783175673069,516.7039026578102,1.0088018511396035,0.0017082115401216105
a_ps[16],-0.4540099707762924,0.2459546271348731,0.010484361113051826,552.4929652634193,715.1036019148744,1.0124979469286786,0.0019151929402011823
a_ps[17],0.08885299588033677,0.23777531434518495,0.009675552454333979,604.2976323040621,686.151149937893,1.0073044451820599,0.002094771575267436
a_ps[18],-0.04075371931295919,0.23922011603376836,0.009937320443034331,580.3789749912874,736.481722902124,1.0068013204114439,0.0020118585854112187
a_ps[19],-0.5523148656525572,0.25296387674352505,0.010405045788837334,592.5368751237631,785.8330946890967,1.0104080876361703,0.0020540034197627055
a_ps[20],0.7719788844432707,0.26911827249667136,0.011738731570537045,529.2387878532775,689.9200953936943,1.0076819041867602,0.0018345833411543325
a_ps[21],2.1283749728795023,0.4116201316493237,0.018904209894724206,475.5606251527413,604.3871447536982,1.0035824872895787,0.0016485103145086049
a_ps[22],0.3012730849439858,0.23750366805431622,0.009423627472436216,636.0994086921945,807.6054967595306,1.00358712806195,0.002205011056045927
a_ps[23],-0.5981203437567894,0.25772697191656513,0.011509104023438405,504.092513497439,793.0569219270396,1.015593286832591,0.001747414869976239
σ_bp,0.05069377715153355,0.009995918489700498,0.0005251176937537188,360.94658185134404,680.1103393791986,1.0094059755746023,0.001251205696387194
b_ps[1],-0.23745989595517872,0.4624224408263419,0.01135335069255283,1650.55435491919,822.730712607137,1.0026496943165806,0.0057215751995183806
b_ps[2],1.5305510489802494,0.5299367281150975,0.014548806270496569,1332.541611859155,883.5487003072627,1.004695015875493,0.004619197796193065
b_ps[3],-0.6931333175790242,0.46991805786992313,0.012857210795612297,1346.6019103686408,699.1874235657585,1.00552895679078,0.004667937212141374
b_ps[4],-0.12604215852925849,0.4722975797865552,0.011672090589300174,1641.339388989787,733.8720692812059,0.997383602176132,0.005689631919147792
b_ps[5],0.7159808858586768,0.4594352816672567,0.012114656429691105,1435.756117744741,799.6683423707331,1.0023225307940105,0.004976986411481912
b_ps[6],0.5382729772174571,0.5206170535185667,0.01121134149077746,2143.8648056628276,747.2018118087583,1.0023515493619197,0.00743161451584021
b_ps[7],-0.4787906055361283,0.4819385878321457,0.012614733130895978,1439.8151605002142,770.123016399412,1.005268032248038,0.0049910569074303095
b_ps[8],0.6484150117577991,0.47133567689823885,0.012335511467172593,1461.1332282617307,862.4188890837964,1.0020565190763833,0.005064955066217038
b_ps[9],-0.9745148099903557,0.5007334009248853,0.013160639369438763,1400.392379774906,611.8109932005957,1.0056228868493513,0.004854399545119441
b_ps[10],-1.3913569313891825,0.5137226937975935,0.012944356072794707,1588.2504334527664,861.5411451466792,0.9981597064188886,0.005505601353620719
b_ps[11],-1.7744330190052033,0.5387188888276491,0.015009635321443332,1299.7939401724534,816.9475956303394,1.0016834429197365,0.004505679410320959
b_ps[12],-0.026782581287436994,0.4777175924851264,0.012011727326721705,1577.4215680700356,646.7601371190876,1.0002135132335472,0.00546806356067976
b_ps[13],0.21168488826729187,0.4795426529851985,0.011334832344709861,1791.705207787426,641.9857271678142,1.0033667247687308,0.006210868518914279
b_ps[14],1.1217877270257273,0.5020859985891016,0.012245211428271494,1808.5319598152807,731.6658322591534,0.9972707705720929,0.006269197726191875
b_ps[15],0.4772432113294742,0.45886146296122166,0.011088392188081412,1738.0768173133968,977.0075702643434,1.0133313312176233,0.006024968025536516
b_ps[16],-0.6578173416738421,0.4897078227841639,0.01150908947541516,1878.921739838985,808.2496372555229,1.0060918105004306,0.00651320085064693
b_ps[17],0.5916595735775654,0.5182388575993988,0.013742286834392393,1459.646494434111,457.21864881240816,1.0071842482816107,0.005059801367781697
b_ps[18],-0.6115237533418065,0.46887130675975214,0.010774483754787498,1877.8011659371587,777.8239011806146,1.0028990515324379,0.006509316429739003
b_ps[19],-1.0660134656500546,0.49907833801825824,0.012424267756474663,1619.8390546700793,386.09864331339696,1.010733983245908,0.005615101941229546
b_ps[20],-0.3769723998850957,0.4914807151569194,0.011944602147379552,1679.168767538449,487.6926489944094,1.0043580155460667,0.00582076582181034
b_ps[21],1.5130427114955494,0.5185923800958145,0.01605011560554052,1049.9594587190995,744.0456949275268,1.000562468476348,0.003639638998620595
b_ps[22],0.30047531300510544,0.46404387668055874,0.011908208251032223,1505.3539882774364,761.2898559561916,1.0002972952231874,0.005218244415977412
b_ps[23],0.5771048520766153,0.47922885899370793,0.012037656292061513,1637.2386174051442,735.4509040886396,0.9997296950978996,0.005675416772020007
a_e,-0.006286319189659026,0.04908913636177471,0.0020657076156080445,560.198790825788,713.553064226599,1.0113621124387648,0.0019419048508377895
b_e,0.024634227036233764,0.014674435237337925,0.0005200995653823804,792.3853699734519,817.532156586997,1.0001457453592704,0.002746769573379645
aL,0.0051300114800886375,0.006746072288718959,0.0002084325919194094,1056.7264069774658,616.9238056302694,1.005139439985394,0.00366309633173786
σ,0.9796569365699463,0.0036939532246300084,0.0001178638225089022,984.1161194386585,803.6383053510402,1.0043049704640672,0.0034113959141334497
