parameters;mean;std;mcse;ess_bulk;ess_tail;rhat;ess_per_sec
σ_aw;0.04370458614921206;0.014561560527117696;0.00036337789817733585;1596.9419609029123;2256.7006630111678;1.004301091478249;0.028918547902624873
a_ws[1];0.5809241141253678;0.6125735408487456;0.010198954639876889;3613.773259386099;2890.833502128523;1.004214484104339;0.06544074717135899
a_ws[2];0.6973659727454734;0.543554268352644;0.009885786807614134;3023.458347236754;2502.951486852418;1.0005757588162802;0.05475090966782652
a_ws[3];0.4424671425574707;0.6122482202056776;0.010598338749662668;3339.4479547015258;2691.511264411344;0.9999242327531858;0.06047307166489435
a_ws[4];-0.11042843562658572;0.5570900222987574;0.01023727154503863;2946.8671277968865;2829.7733994688297;1.0006218481066702;0.053363942011819814
a_ws[5];-1.7913841994472204;0.6105539678693939;0.013469552316747388;2080.1174883437925;2673.5627310348095;1.001480300481523;0.037668230093814176
a_ws[6];-0.15558449314288897;0.5073554442440383;0.009939524109455212;2608.7836155935397;2521.6296223818476;1.0004306881681868;0.047241688052626275
a_ws[7];-0.441875539781204;0.618209411837988;0.011115835935960461;3218.537886118673;2877.811802799991;1.001515141000954;0.058283547126228005
a_ws[8];0.4113978115320436;0.4309177573901842;0.009341075891459332;2139.8872378169335;2396.2309869140445;1.0007696089706535;0.03875058274380632
a_ws[9];1.0903872024862888;0.5677810757133565;0.010359645336917474;3038.538553186898;2764.0693794000695;1.0002531530187346;0.05502399264067552
a_ws[10];-0.5732820181046936;0.7041232914394893;0.010839066544468038;4238.038646600032;2916.9043792859197;1.000109975998993;0.07674538374931557
a_ws[11];-0.1690883464359671;0.7145435681531322;0.012209681254840586;3433.0955992503714;2708.19141414259;1.0039626215243498;0.06216890905983799
σ_bw;0.025237162522195277;0.012055390861971374;0.00032386755608929005;1323.4455678410714;1803.695720178879;1.0008337403409489;0.023965882910666026
b_ws[1];-0.006710866843710974;0.7321680250929161;0.012054049864920502;3691.073633485176;2788.539819519058;1.0004790587613734;0.06684055669857002
b_ws[2];0.4671947692636656;0.7591051790654127;0.011375323993978278;4468.3007347327575;2971.8245235824947;0.999761738987115;0.08091513154782651
b_ws[3];0.12559126302451956;0.8728497955366518;0.013872405761467359;3957.1822556709053;2713.241847265921;1.0006383444886713;0.07165943874086321
b_ws[4];-0.17025766304576065;0.7553486850283531;0.01247370666442068;3690.163863465202;3044.345233239308;1.0004143373422982;0.06682408194335218
b_ws[5];-1.360648909456561;0.640179287008925;0.012553705736452748;2613.268928094938;2558.493589961913;1.0021651175455861;0.047322911245206545
b_ws[6];0.19753510722191206;0.7743036003498455;0.012256467877808501;3958.8638865302896;2849.0536478564964;0.9998092739334179;0.07168989089488774
b_ws[7];-0.48464030473072134;0.8213683134857155;0.014417585086464275;3262.9988576588244;3136.966755718827;1.0009196878559536;0.05908867766118755
b_ws[8];-0.09194037135021467;0.5875780463160688;0.011452746871753055;2661.6067442933636;2640.2560880509272;1.0008769188323896;0.04819824640920468
b_ws[9];0.883614656420038;0.7905197765401798;0.011962686512700934;4365.747432064249;3033.872876387108;0.9995943902506876;0.07905802423372296
b_ws[10];0.349411678051925;0.886026336047329;0.014686711882760503;3670.0770932013356;3113.8022392930334;0.9994235059585311;0.06646033658359207
b_ws[11];0.15239076702360477;0.8458554085277936;0.013129850419530088;4162.819041449365;2848.847961799321;1.0005258115583502;0.07538325424929529
σ_ap;0.24356995946185886;0.039787861578450406;0.0015756762419582857;645.8634373934411;1124.0792122927544;1.0036592287019188;0.01169574925707128
a_ps[1];-0.44492938101067137;0.2400392226617167;0.011596216766774864;428.67516489918313;859.3902624638396;1.0076276952916368;0.0077627513048711926
a_ps[2];-0.939627503203272;0.27092364717039186;0.012888816112096005;442.9081522904769;835.816977356221;1.007462014737302;0.008020492248342843
a_ps[3];-0.5850387273590101;0.24769676760064444;0.01186574130018587;436.6942727939321;778.1449347197514;1.0060931917320723;0.007907966949188973
a_ps[4];-0.5863661729478634;0.2468646408002026;0.011922216874861181;430.2247884069297;796.1528681376146;1.0069634147710207;0.007790812976952541
a_ps[5];-0.5665312830455196;0.24691839149664135;0.011920458402604538;430.54092308755537;771.7084623643249;1.0062989396640667;0.007796537766036413
a_ps[6];-0.6700380804189903;0.2509917106363262;0.011979043779693456;439.40672765755124;742.8339855151702;1.0072481021926596;0.007957085989096302
a_ps[7];-0.3244816436196887;0.2365660998217263;0.011271710731910628;441.11557659594035;814.6707462165012;1.0063934042518305;0.007988031027233576
a_ps[8];1.28338119288452;0.30408286993684663;0.013011322789012594;554.3257635536937;826.1333586976139;1.0042090215243782;0.010038120695333885
a_ps[9];0.14162511810835304;0.23042702173348562;0.010724378269579352;463.2183183442239;904.1457557937606;1.004747678366733;0.00838828301614474
a_ps[10];-0.14166705979082175;0.2332174280247526;0.010997418189017517;450.4357017945417;869.2033413451896;1.0048595040513806;0.008156806407687494
a_ps[11];0.9355218507996204;0.2741791294074257;0.011925108277108182;535.6032655647299;748.0717475904804;1.0033460232346063;0.009699080537202826
a_ps[12];1.6552425973887452;0.34404559884057506;0.014234502104203193;590.3084279575021;805.0188064307109;1.0029714828953968;0.010689720083227276
a_ps[13];-0.37112084836172393;0.23853712978116892;0.011383802235278203;441.23620531216704;885.7463744960321;1.0062692309629717;0.007990215456845947
a_ps[14];0.9630838417310896;0.2754475481976044;0.012094433848388627;531.0040733389586;750.7901741640972;1.0035613607533125;0.009615795130500163
a_ps[15];-0.48240196881872205;0.2394858018408944;0.011576963508325119;428.78129397140754;770.969991217314;1.0062310598815554;0.007764673164734683
a_ps[16];-0.08835450544449483;0.22998425227852437;0.011010470136294416;437.68700399772564;865.8755159100137;1.0057162641158632;0.007925944023856797
a_ps[17];-1.5074429099676832;0.32436305326419806;0.01506542219862842;464.3833651028503;821.9206917516478;1.0067117919488564;0.008409380502041526
a_ps[18];-0.2955381971963178;0.23583629623388566;0.011315017570646551;436.5894497007705;840.1875899622447;1.0056978282237814;0.007906068738912638
a_ps[19];2.74428958031608;0.48146928093251357;0.018444225944134307;683.1862967105347;908.2493929143056;1.0024636905085147;0.012371617836799782
a_ps[20];0.34561051116952524;0.2359411485685585;0.011071659790358856;455.94449937449826;820.1241564254028;1.0054486349307596;0.008256563587724123
a_ps[21];-0.47010936016053834;0.239402618226432;0.011424910709588947;440.6696557368981;785.5696475688599;1.0065108531932339;0.007979955978773016
a_ps[22];-1.0721025665862458;0.28198317633366804;0.013502605164980174;437.31135298488385;796.4138659131219;1.0079516488302427;0.00791914147118081
a_ps[23];0.19014061974802676;0.23404723768308563;0.01086451025276261;464.9753076621309;827.5010929487313;1.0049317180244661;0.008420099814123776
σ_bp;0.04359846089760558;0.009331652764648807;0.00026868195164351274;1199.3126291543479;2107.054781390313;1.0028681972676345;0.021717996374028235
b_ps[1];0.36487063278991017;0.5241924842198511;0.008815493651056232;3535.743697789053;2427.1564269484875;1.0010555345777221;0.06402773300421344
b_ps[2];1.0143680351361843;0.520618848980986;0.009159321583129902;3333.27004048064;2994.4381288385116;1.0005638729135495;0.06036119765024076
b_ps[3];1.0711998215012217;0.5374148979742412;0.008900219351065105;3656.6232472678753;2690.6634891330395;1.0008879428094712;0.06621670488148479
b_ps[4];-0.5960956723329303;0.5430678424541182;0.009182088492971963;3528.628259535306;2449.148641060634;0.999769540816171;0.06389888164516166
b_ps[5];-0.5017471354297494;0.5212903409926886;0.009363682235814698;3092.2574705800757;2730.5232792238917;1.0015449186344179;0.0559967725687785
b_ps[6];-1.0522363818200131;0.558997247179486;0.010195478526521995;3040.4281592612692;2527.023778113288;1.0001066285371156;0.05505821095612883
b_ps[7];0.6515701348129808;0.520219328726053;0.00853871187511523;3710.3528266918975;3214.4291750491843;1.000357100160574;0.0671896778851392
b_ps[8];-0.9216431466841921;0.544462562962183;0.00882949333068249;3892.3132095927335;2769.9963529490337;1.0002981122975731;0.07048474444242513
b_ps[9];-1.4076632171267927;0.5484256894390004;0.010722201311190912;2614.3767921363374;3108.760444603836;1.000364016502483;0.0473429732262523
b_ps[10];-0.21585200292977874;0.5090041588478026;0.008112596584597906;3920.838882585202;2850.472907784643;1.000023249533035;0.07100130738652918
b_ps[11];-0.11893739227348166;0.527182813204857;0.008454393958159386;3884.0765615907285;2873.335253792019;1.0012981918641093;0.07033558942888389
b_ps[12];-1.6954150960934735;0.5649400827140872;0.011938292229299048;2260.80899112254;2890.227306602868;1.0012772662002971;0.0409403188776483
b_ps[13];0.2435674861723049;0.5112502499014656;0.00826336918766678;3846.744574448293;2859.5661469669226;0.9993812290416755;0.06965955555607595
b_ps[14];-0.9115445093293675;0.5433853406177083;0.009524326885366995;3309.7647342105815;2858.3299922795372;1.0011029853926965;0.05993554703676935
b_ps[15];0.8202666514625782;0.5270957650554385;0.008965986703625695;3468.958956809309;2260.1951052324785;1.0004489525317788;0.06281834795549499
b_ps[16];0.2787241741407353;0.5157916464067074;0.008979441632410882;3335.1788968445135;2630.4506504938254;1.0009936958470675;0.06039576456347203
b_ps[17];1.5082147030943898;0.5362998781489714;0.009604889451441416;3105.8288826037333;3109.40568190318;1.0005179446323746;0.056242533240312545
b_ps[18];0.4200383500579668;0.5283473222628943;0.008982568415617589;3461.7941631916688;2436.2070630612525;1.001342319248293;0.06268860283481006
b_ps[19];-0.3870696709130423;0.5198283763980652;0.008437534725429612;3817.8397340497127;2995.479000667733;1.0004265850373204;0.06913612638197406
b_ps[20];0.5584045005724699;0.5247568955599956;0.008648610251049377;3666.4274431117537;2841.0231082630503;1.0025455985380012;0.06639424615355308
b_ps[21];0.7787747014159356;0.5189263459433193;0.008479142378757206;3845.9833617101617;2819.35328042692;1.0020911176360676;0.06964577098057435
b_ps[22];0.44778206688986893;0.5142910712170174;0.008575663273170978;3603.5893222875056;2826.3391485592956;1.0019325231181573;0.06525632927763886
b_ps[23];-0.11968319012135122;0.5249276709177125;0.008865249433141134;3499.7115856758896;2682.6605967671017;1.0003210551461093;0.06337523818243036
a_e;0.00948984023035099;0.05543347962006981;0.0028571451145263417;379.1200196777185;668.8434640667632;1.0066223432855228;0.006865371890970514
b_e;0.009467213002908871;0.01510884403674652;0.000371853236973842;1647.72156550742;2415.5530479330832;1.0008517192092667;0.0298381006880007
σ;0.9733700535986586;0.00347315459626255;3.390407298545196e-5;10555.094145899715;2608.1421221725655;1.0032552917249475;0.1911390665082997
