parameters;mean;std;mcse;ess_bulk;ess_tail;rhat;ess_per_sec
σ_aw;0.05511103031463894;0.016089867299458847;0.00038331058979704794;1701.379956065788;2471.272452675824;1.001469594945913;0.03937487395369281
a_ws[1];-1.1755556118437387;0.5837712085483266;0.011435541144550487;2692.1986890059297;2579.5003660665043;1.0004764463603237;0.062305297332306504
a_ws[2];-0.1039617753422688;0.4680065664343705;0.009166061724143412;2609.7598885101615;2766.1450702970255;1.0013811629391878;0.06039742403989951
a_ws[3];0.5444528760465713;0.6032249773241578;0.011718934248303954;2600.9359062145945;2621.7533835812706;1.0004384359004608;0.06019321145974135
a_ws[4];-0.9803652103264419;0.5501049856553895;0.01148509115082942;2321.4454113022257;2733.9064782397554;1.0007758816752041;0.05372498960888736
a_ws[5];1.8306933784266508;0.5715532482124305;0.012140783398403184;2200.6787002232695;2812.424608749345;1.0002358802353992;0.05093009713964043
a_ws[6];-0.4168991498155002;0.47813689809641163;0.009607005835288994;2501.3072911038917;2652.8413606996737;1.000768329154202;0.05788751592819413
a_ws[7];0.6320960140629414;0.5805660445105323;0.010409792001417919;3121.125530641026;3134.71529822969;1.0016900085632756;0.0722319102940525
a_ws[8];-0.16566448366295258;0.3867415904217617;0.008579977810970524;2039.4817160632965;2754.4221167844635;1.001315348557142;0.04719953071890324
a_ws[9];0.07192799903779815;0.4931104949732742;0.00953645388150182;2676.1874385504207;3019.2871162980264;0.9999296629666233;0.06193475049103274
a_ws[10];-0.3296527331766845;0.6632142031340457;0.010849479615577485;3748.517043218176;2736.2182004316974;1.0007140397043353;0.08675157219512801
a_ws[11];0.16708317720739962;0.659737709312125;0.010524149933464915;3925.8331371864574;3424.979149701526;1.0006716907252422;0.09085518163584735
σ_bw;0.03837619461329072;0.014837134880848118;0.0003775930205494693;1423.6059526024126;1812.4807562392364;1.0031605144959923;0.03294637670063118
b_ws[1];-0.3080210840154643;0.6176940828365376;0.010338950773823755;3611.675932415496;2658.7440629725365;1.0004298115268957;0.08358467142711962
b_ws[2];-0.017303985824135323;0.6467614012020447;0.009576645675093507;4504.014587914231;2767.0858412511525;1.0009434602954008;0.10423597977185704
b_ws[3];-0.772115536615283;0.8271682470180288;0.012064656017559633;4700.306913661439;2919.6993077122797;1.0008463218124235;0.10877875433365788
b_ws[4];0.9676024261938196;0.640262740568284;0.011982995421852627;2873.0376065374476;2485.501277939637;1.002293878059576;0.0664904351425526
b_ws[5];-0.8854531451948733;0.5430491267730859;0.01223910593601153;1994.537643538182;2359.072982772142;1.0021821999832092;0.04615939433764826
b_ws[6];-0.9226044568559045;0.6703582729792803;0.010995058809225895;3734.2803348521493;2787.16593335161;1.000852979252792;0.08642209341207945
b_ws[7];0.3493017665842369;0.6898540397382666;0.010748965176437019;4094.7430217804294;3184.7964102188716;1.0016684216838474;0.09476424697525546
b_ws[8];0.6334169233129237;0.5112913418580711;0.010208629482720397;2562.162753758578;2355.365629887446;1.0010884318292217;0.05929588809272978
b_ws[9];1.1030801020260028;0.6749353704307985;0.009962218751836066;4540.159118390501;2411.9726664821815;1.0006372290755918;0.10507246919125132
b_ws[10];-0.040497698992320794;0.8119424825034209;0.01259362861354801;4182.079258356376;2891.8090518220974;1.0006755324089567;0.09678546116348398
b_ws[11];-0.15063881279832456;0.7675016252756299;0.012207987297452996;3923.227410423651;2985.4730322018227;1.0011264580514354;0.09079487755005071
σ_ap;0.2094325050975383;0.03389424518866313;0.0011855275869435973;808.3843676115226;1487.0686301948738;1.0021918731834678;0.0187083622722593
a_ps[1];-0.28598945548709864;0.24590997689943603;0.00920799250909502;713.7144034686446;1368.108426410658;1.002944685684414;0.016517424326836425
a_ps[2];-0.6291462168283822;0.26007454099128224;0.009611375619412204;732.0539978302836;1316.843736939658;1.0038352151699237;0.016941855808926525
a_ps[3];-0.448440449101197;0.25028429684816805;0.009150566177652721;744.0945997664991;1049.1721908696588;1.0033281289083045;0.017220510310453248
a_ps[4];-0.17154131609297354;0.24215356805765634;0.008899709628366347;741.8462434161644;1516.4135991811802;1.003567642224646;0.01716847681400715
a_ps[5];-0.35226430854211177;0.2489605917997805;0.009218448306040615;730.2314345075994;1308.5122715841298;1.0030470027533598;0.016899676399884198
a_ps[6];1.0443943940748242;0.2905486630759269;0.010764089099832137;722.6996314057646;1136.2115250909196;1.0048916478316465;0.016725368599488723
a_ps[7];-1.321130654668876;0.31197216131453054;0.011627973004004994;719.5669992510649;1385.0005945716766;1.0027454131155165;0.016652870392492202
a_ps[8];0.49775894122052133;0.252555662419592;0.009322079146277914;734.0764874064186;1009.2134983169008;1.0042063437984874;0.016988662092172695
a_ps[9];0.9877086560203131;0.2854022706875653;0.010500927320565187;735.7713476937782;1291.525994268133;1.0040904955956516;0.01702788608205572
a_ps[10];0.31134403939698224;0.24435567159816232;0.009321664015874627;686.9681133998694;1247.9391053075274;1.0037154338324792;0.015898437488280882
a_ps[11];1.8999674263771575;0.3753690674555071;0.013355342764615051;785.2125389709639;1270.5890273518369;1.002823670652777;0.01817209885341173
a_ps[12];2.1521707034276716;0.403354292885548;0.014348861174469981;785.3532803524238;1328.2358486134335;1.0024172188866178;0.01817535601777134
a_ps[13];0.14919492597860848;0.2428405179729234;0.008833234499322992;757.0291714903746;1260.200207724604;1.0026274309579983;0.017519853869460655
a_ps[14];1.350734185385552;0.3176728272907493;0.011548099127685575;751.0289211359677;1252.351304727976;1.003382457708987;0.01738099064813666
a_ps[15];-0.5490707899070121;0.2560142797066338;0.00945124232644317;733.8841814031423;1278.4148156785304;1.0032840134386152;0.016984211572691407
a_ps[16];-0.31107001669803164;0.24363807980686905;0.00903396442142239;728.0883619828686;1248.0944008791755;1.003044911536933;0.01685007947696639
a_ps[17];-0.8929458742483737;0.27577767519783325;0.010357222263761377;709.1489408290631;1340.2627455849563;1.0028841985419619;0.016411766260669067
a_ps[18];-0.0033834920156499563;0.24047531707778583;0.009098597903935541;698.3453248358999;1264.575555770053;1.0033182448462616;0.01616173920677185
a_ps[19];0.2247559386872168;0.2459633919862385;0.00916118223018147;721.8296692266014;1270.8268800001263;1.0049299511791754;0.01670523514780034
a_ps[20];-0.3176335893893969;0.24730350634743936;0.009216188245253065;721.2496290593276;1260.1796115634438;1.003452484462411;0.01669181133356469
a_ps[21];-1.3965816581896555;0.320191872191791;0.011726786419079793;740.6335393666812;1321.934804329506;1.0031705602261025;0.01714041131992319
a_ps[22];-1.255263993446657;0.30484602513133463;0.011311667190368226;725.918831994629;1315.8663692168857;1.0027238622207708;0.01679987025149554
a_ps[23];-0.7473328931968495;0.263821013243674;0.009994225091430643;696.770104667666;1283.4885146281538;1.0034772286225446;0.016125284036748018
σ_bp;0.05992852143810821;0.011729271918922387;0.000349011905090125;1142.1216738475791;1914.8826292354734;1.0021114752266027;0.026432012900585836
b_ps[1];-1.225316319522961;0.45241195853584243;0.008015288274686864;3220.539218781101;2631.675008224079;1.0000405914314334;0.07453263179122983
b_ps[2];-0.5725451210516888;0.4254505575820242;0.007627996615816157;3101.134016911596;2900.6380014837673;1.0033332129248762;0.07176924859968292
b_ps[3];0.1508943669880486;0.420995647110621;0.00772297484023435;2950.9776185055534;2733.1164806973725;1.0010708784881408;0.0682941934014014
b_ps[4];0.09322541088891219;0.419020827269769;0.007486518814622602;3127.279245090991;2748.2956730093074;1.0002805116234204;0.07237432512029429
b_ps[5];-0.5576758673938103;0.42619534408213333;0.007800007189582532;3007.3985360880897;2998.48072598041;1.001343347646195;0.06959993731253876
b_ps[6];-1.1534294120007993;0.45533035844013864;0.008578046149989511;2834.7076952068346;2873.2077270727864;1.0006814237952264;0.06560336966260595
b_ps[7];-0.5390422370313243;0.43686720562003084;0.008032590277291562;2996.2486234718926;2459.090584500134;1.0008210327106408;0.06934189594894316
b_ps[8];1.0473267295305217;0.4436568794150205;0.008380179344217776;2785.8847640458516;2944.6195334822405;1.0024779563805228;0.06447346522611616
b_ps[9];-0.2694445849212749;0.4270805855006338;0.007081846545712394;3653.534013068242;3092.1460378162624;1.000627224434204;0.084553388992981
b_ps[10];0.752957996636542;0.4293542482517318;0.008556308840509402;2523.006926834353;2427.762511653395;1.0004325609022096;0.05838970852702062
b_ps[11];1.3813553481620389;0.45698837765477174;0.010387967246702786;2002.7222527081317;2125.9402001616186;1.0006288776547232;0.04634880996657821
b_ps[12];1.4794759161744353;0.46805122419982037;0.009967009522595504;2211.2937533454715;3032.9803915318585;0.9997660420474352;0.05117576030101031
b_ps[13];0.7537106947704856;0.4384475569929949;0.008982720905538472;2440.5447677993393;2364.967097858402;1.002119280026571;0.05648129465016906
b_ps[14];1.4856880952431766;0.47953620747170833;0.010365591006174178;2187.024598385615;2279.6289451061575;0.9996741054811136;0.05061410156387749
b_ps[15];0.32624280049087884;0.4358200208679872;0.0077693283802084704;3148.622554144765;2272.880068649552;1.0005288076495922;0.0728682712848479
b_ps[16];-1.164656434018673;0.4439894084459035;0.008798325272299911;2559.415311496239;3044.416069610987;1.0014358870323177;0.05923230429865194
b_ps[17];-0.9505651524916339;0.43428493121986284;0.008078697927603783;2893.6277051246316;2762.8453213872926;1.002864397446304;0.06696694982915981
b_ps[18];-0.26570981397047;0.41808782714390674;0.006911789893849727;3658.719774050617;2859.684100174863;1.0011863562292902;0.08467340256449805
b_ps[19];1.0866988612823867;0.4548885264197241;0.009032219967376362;2553.977749254263;2534.031016102504;1.0002042030536071;0.05910646331461434
b_ps[20];0.04078099529968418;0.4335801985786548;0.00772064937060194;3149.232500367097;2783.519509592185;1.0024290508589164;0.0728823872120617
b_ps[21];-0.881221812751941;0.43596266479034135;0.0077594248808304485;3178.0978097225675;2732.617028691082;1.0017718776049898;0.07355041431174268
b_ps[22];-0.8006220638194144;0.4355306936897889;0.008259973932769712;2794.813434558689;2704.7076321877316;1.000063655825974;0.0646801005956958
b_ps[23];-0.18763361891626462;0.42022007424683655;0.007341602819267236;3287.816389039121;2917.964208840122;1.0012556575684555;0.07608962092198002
a_e;-0.005610303639847292;0.04881513943474998;0.0019734949161901373;611.2616584024875;954.4622130784804;1.0034615536377574;0.01414637022524821
b_e;-0.03078780214537258;0.019718948910366404;0.0005115407519642203;1471.843600081543;2208.753227655711;1.0033358844811466;0.03406273597272782
σ;0.9731609130724042;0.003468863936550904;4.106814031727669e-5;7104.377583679823;2559.084921966479;1.0024542372099174;0.16441593241975228
