parameters;mean;std;mcse;ess_bulk;ess_tail;rhat;ess_per_sec
σ_aw;0.05935588220418182;0.018359458248548836;0.000502428130077166;1309.2445905820446;1879.156114802416;1.0028304401937886;0.02340571290863955
a_ws[1];0.9458753251310577;0.5159490863971394;0.010379902554189333;2495.6376962876975;2492.0120763296704;1.0007809977302586;0.04461517722774811
a_ws[2];0.5394185452056933;0.4683241246566103;0.009573944239362746;2397.1018513048375;2633.685444162057;1.0015562599466925;0.04285362578390848
a_ws[3];-0.9126773774008027;0.5311261877705409;0.011378809715231178;2206.9386868013394;2534.446025041023;1.0003613982545347;0.03945402843885582
a_ws[4];-0.6742373966698706;0.48404611909149364;0.011089281508753641;1923.3703112390197;2248.721854822627;1.0004055020808256;0.034384601353859956
a_ws[5];1.7804482130458514;0.5600660768916876;0.014001923500183783;1582.934886773237;2082.8277594722963;1.0031926863576042;0.0282985469479108
a_ws[6];-0.3740162319355277;0.4241350834896739;0.009898488621646155;1851.094746956577;2214.0628228165792;1.0014869630329817;0.033092511915359606
a_ws[7];-0.6906055030935051;0.529209680545795;0.011066722848459854;2308.0342040711434;2774.6968236533166;1.002162648347195;0.04126133982328973
a_ws[8];0.11201154131930212;0.36360430570718505;0.009011035238786604;1633.048032382954;2103.0151177727384;1.0017088152557947;0.02919443294776698
a_ws[9];0.43517713186384005;0.46031795940507164;0.009528809076767562;2331.4989904986296;2606.3186037366513;1.001124490349686;0.041680826035824035
a_ws[10];-0.4406331069369644;0.5941485729355371;0.010810960190355986;3039.299208621328;2942.5564031019385;1.0002473623735586;0.054334358325529665
a_ws[11];-0.7120514017222156;0.5761739763101852;0.010285107164910632;3177.394527915956;2262.500092824625;1.0005765093388408;0.056803124987380105
σ_bw;0.015008923075950887;0.010714851992001815;0.0002952866517502725;1150.0300652839398;1311.268196163663;1.001499168344127;0.020559392597813534
b_ws[1];-0.38792534914488774;0.8718240826026683;0.011746161680773467;5502.968049152092;2968.435941601823;0.9998393719064977;0.09837801983708006
b_ws[2];-0.7000121826835591;0.9123575113154069;0.014773241100211273;3911.8439411567824;2508.7700406606496;1.0005146091106871;0.06993307200865544
b_ws[3];-0.07516206613243874;0.9735414251216988;0.013706906101535148;5061.692237249805;2586.564479800823;1.0002886880507615;0.09048921507041677
b_ws[4];0.3774171084009187;0.8846427418961146;0.014227625871817673;3940.6677827776302;2698.835454923114;1.0002425605078047;0.07044836347272154
b_ws[5];-0.2156848184559012;0.7410599795378273;0.012136294954613581;3758.0694402440663;2984.229211797719;1.000408905028475;0.06718400445708947
b_ws[6];0.0869211004275439;0.8990630049234475;0.013269919930540263;4584.052064202499;2933.3125562046425;1.0004273178652185;0.08195031497153751
b_ws[7];-0.11835288908445674;0.9095906415550108;0.013793503923580816;4367.641937697781;2948.679743557137;1.0008271940756448;0.07808149372306478
b_ws[8];0.6157899402455391;0.782760873396428;0.01299411256862278;3698.054577804725;2333.1733997543465;0.9997123033455334;0.06611110283839174
b_ws[9];0.2782553468719312;0.9285779720839006;0.014246577360810971;4245.561016954259;2814.0312950132984;1.0011000882247933;0.07589902071297965
b_ws[10];0.31847854442833157;0.9717150667793674;0.014161473730625398;4723.856817774668;2992.2036833267516;1.0008650839173252;0.08444964164350685
b_ws[11];-0.15000329678778399;0.9514802021153463;0.012772586733228806;5424.315786787442;3237.062198722461;1.0006071858392938;0.09697193247512763
σ_ap;0.21880941872120577;0.034507229590208834;0.0011680416036243101;888.5283033192521;1520.5858991940931;1.0014701244684359;0.015884456218715832
a_ps[1];0.2394016851387662;0.23073312755923683;0.008361890326681588;756.053999375242;1473.5299562163432;1.0045683091427147;0.01351617793963055
a_ps[2];-0.7779443194466755;0.25471561475809584;0.008761474748841374;843.884478804893;1683.7872842906281;1.003234632344365;0.015086346723176696
a_ps[3];-1.9195606120860318;0.35711428113429106;0.01181543704091854;907.423177453154;1518.0190976445153;1.0019681703732168;0.016222244896709436
a_ps[4];0.4433046611427166;0.23821289704038642;0.008541667211367022;778.0587347889135;1542.2468209887256;1.0043416073063585;0.013909562432816809
a_ps[5];-0.5065631023141254;0.24021972395689495;0.008353187778872584;853.9823604318742;1645.5369443568845;1.0029193838812596;0.015266869232146145
a_ps[6];-0.3616313775829563;0.2344304126845682;0.008050089541930356;850.8880826424773;1790.8174956231028;1.0030518005333307;0.015211552007145425
a_ps[7];0.5328291317217296;0.24032057500501944;0.008506346546112748;795.4338848455831;1622.7283839817794;1.006061943866931;0.01422018260027547
a_ps[8];0.44418045830799907;0.23724539245232035;0.008571490665710184;765.0334621934275;1519.2643581228297;1.0049310716455602;0.013676706178821378
a_ps[9];-0.19123253435183274;0.22916991353214516;0.008040864069682527;815.2970556832643;1747.048984693904;1.0041282515260355;0.014575281775346602
a_ps[10];1.3626467898869807;0.30371892153387503;0.010916041633399097;766.496309274424;1300.3258873287866;1.0042827456518837;0.01370285788420427
a_ps[11];2.273041445034747;0.4032401075078798;0.014419830778152638;779.1749571409861;1432.9393138810872;1.0051439266150866;0.013929517435955835
a_ps[12];0.8391408545284558;0.2597178408849024;0.00946113088589619;750.2614337903804;1333.4236621782898;1.0050768844785114;0.013412622707812892
a_ps[13];-0.38600253281412683;0.2341349698262117;0.008562283926255972;754.3512995674686;1826.5716879954782;1.0025450029233063;0.013485738323414436
a_ps[14];-0.29910858879924984;0.23106172404595174;0.00804015226151586;829.6732991528374;1595.5406239447345;1.0041797919997266;0.01483228969409152
a_ps[15];-1.0662818819134872;0.2759359397604165;0.00937867134077339;864.6254977076759;1670.1555104159472;1.0013719321038619;0.015457139421014298
a_ps[16];1.010225607545709;0.27539127462110513;0.009957739828256356;757.3321398036425;1376.5047439789091;1.0059232770325;0.013539027595179455
a_ps[17];0.5818021912508452;0.24416364184339992;0.008886562505773658;748.6013878848948;1405.8778535460804;1.0051694077721112;0.013382945626724718
a_ps[18];0.08178519078639906;0.2284760746787694;0.008081489251275702;799.8419391122627;1598.821156207429;1.005607435978089;0.014298986555925758
a_ps[19];1.0916962315514698;0.2792435116602906;0.010063571997137831;760.4529810934117;1169.5059109921822;1.005784097764351;0.01359481970292404
a_ps[20];-0.4326984937889022;0.23626060984253122;0.008208257790391851;830.3244590468648;1573.2179306783064;1.0022397653676607;0.014843930652279822
a_ps[21];-0.9337837730273267;0.2645290118045746;0.008860516088245984;886.8893883260786;1679.7789986508842;1.0018255438470347;0.015855156900553415
a_ps[22];-0.9169754161451792;0.2638161573686164;0.008819421266043726;892.0611192533107;1707.9254872313415;1.0016219621510407;0.01594761330647961
a_ps[23];-1.1829777269024873;0.2830102572147174;0.009419021375880753;900.9996997685245;1721.6873964869937;1.0021139479637329;0.016107410681893506
σ_bp;0.03820026737564532;0.008592325003440244;0.000221817544698473;1513.3230927458035;2629.349189170158;1.0007992930443523;0.027054078436998624
b_ps[1];0.09532450140053171;0.573061914560283;0.008578676418054277;4438.681143450871;2847.655224595167;0.9997475677444188;0.07935148045211088
b_ps[2];1.189082413850967;0.560188163390718;0.009109334880495744;3785.548340162154;2536.2065894540724;1.0011284142709984;0.06767525204150154
b_ps[3];-0.8494437548405924;0.5750460480085048;0.009023414586977307;4077.771945602019;3019.4241737372595;0.999650219475966;0.0728994109673844
b_ps[4];0.230063868362607;0.5677081843921065;0.008558122118860414;4396.976590275832;2865.0252814044534;1.000275334930682;0.07860591709013884
b_ps[5];-0.5743663678232453;0.5680468749978407;0.009205521974198962;3803.182873245108;2814.637714610048;1.0000455528873264;0.0679905092681394
b_ps[6];1.469514836982795;0.5955450713060236;0.009363727963318655;4086.49627878161;3009.255671694756;0.9999952049170934;0.07305537818633624
b_ps[7];-0.347218813559732;0.5660878091552521;0.008349946638089106;4618.426162611494;3325.0832505501676;1.000891789357432;0.08256482984877414
b_ps[8];0.5850290912626614;0.5544584419581992;0.00858520606911889;4185.3204567915345;2853.113941555893;0.9994986177804366;0.07482208423619992
b_ps[9];1.130811858844504;0.5631599219105519;0.008765782027434119;4080.0254972963803;3004.120335746918;1.0006897460399984;0.07293969830892656
b_ps[10];-0.9255589946717308;0.550750434049982;0.008853026014452705;3898.048992164326;3006.4667689308462;1.0004610582633606;0.06968645604550433
b_ps[11];-1.262804957706244;0.5829930017540609;0.009403412027751712;3861.1526610465908;2707.2649230186275;1.0006267699234912;0.06902685054494626
b_ps[12];-1.0827199755122061;0.5866524236738252;0.009404935556071596;3929.085024781644;3106.5635297617;1.0004868144004413;0.07024129543494276
b_ps[13];-0.7642316499779254;0.5814107345946987;0.0088251740796667;4390.619380875968;2628.9150527314714;1.0009037035150206;0.07849226757103166
b_ps[14];0.9492913709644801;0.5728016836178913;0.008558018031288271;4490.745649097989;2724.28692259234;1.002526662627718;0.08028225143308163
b_ps[15];0.7437447845617021;0.5582557310376575;0.008411143789821576;4417.873651490964;2711.2483972471728;1.0002489272971444;0.07897949939779475
b_ps[16];0.42047607118601826;0.5554592555094243;0.008791995041868833;4025.151341392317;3112.148484196455;1.0008336132236726;0.07195869846486881
b_ps[17];0.4207242910161466;0.5490038758192274;0.008539749046141187;4123.587852442167;2912.8866102776537;1.0013213263492644;0.0737184740896332
b_ps[18];-0.8284738401260621;0.5669807162674466;0.00824342835079985;4738.694525770786;2932.6275513642454;1.0016279224138789;0.08471489928602646
b_ps[19];0.47267569473729887;0.5623355768942314;0.008058789108115413;4857.026834695443;2698.4813421907616;0.9995798160124777;0.08683035736806115
b_ps[20];-1.04157977710722;0.5792608179037582;0.00928261547023759;3944.8989224453885;2972.374353130788;1.0002235626050415;0.07052400467914874
b_ps[21];0.09238112418240095;0.5642013501615045;0.00875909683630739;4180.690089941571;2551.5547342761347;0.9995144478618839;0.0747393059395153
b_ps[22];0.014554731565706018;0.5640167680502705;0.008522006916094673;4352.315471560996;2724.291670242842;1.0027772121562428;0.07780749842158936
b_ps[23];-0.11754433375122625;0.5716976512326544;0.008266815321092334;4778.422639435615;3168.2868426279088;1.0008933755370921;0.08542512931449456
a_e;-0.009576809328425294;0.04814871001649901;0.0018601395344449508;670.8859940397346;1120.2618854889158;1.0060699940840423;0.011993606911860891
b_e;0.02864450903618331;0.012354430272727748;0.0002715654151051593;2058.9100095753415;2249.0385818163;1.0019201870463588;0.036807680501793054
σ;0.9750848766781337;0.003431633077818747;4.042428527102426e-5;7185.925892884484;2523.3761900018426;1.00613214993917;0.12846470372418448
