parameters;mean;std;mcse;ess_bulk;ess_tail;rhat;ess_per_sec
σ_aw;0.03029026138530465;0.010708028393568015;0.00023347828143756432;1993.3843050837572;2717.6021402148654;1.0008578879346928;0.04518509829068821
a_ws[1];0.21891326515300982;0.6801696739778867;0.010266347965634809;4373.319214698745;2831.2636450398113;1.001097680205591;0.09913234395833928
a_ws[2];-0.9249826647531963;0.6409824513543277;0.010708108806077475;3630.906751386353;2712.2189975392007;0.9998746971987557;0.08230368726557333
a_ws[3];0.1411464851862747;0.6837760425333532;0.01050108333888461;4257.426553686136;2876.519948260815;1.0002079025890855;0.09650534360237725
a_ws[4];0.747783297277773;0.6306652991515735;0.010243481874720801;3861.3041865569267;3181.321922546509;0.999999706702667;0.08752622801075463
a_ws[5];1.5397108505048744;0.6122322577127423;0.012058162004542879;2649.4379912154136;2636.906378375743;1.0006735874647328;0.060056214821618076
a_ws[6];-1.0754660518859869;0.6060307615827015;0.010807398028846418;3211.8797589175615;2771.6756265477165;0.9995878084629065;0.07280538039475734
a_ws[7];0.01868113035200114;0.7027894063479606;0.010872559013091082;4189.713791523133;3267.722239331094;1.0006676128042213;0.09497046254303194
a_ws[8];-0.018996049767996254;0.4907870943866132;0.009224242081897092;2835.481825232493;2651.8237868142837;0.9998937664509;0.06427336898752538
a_ws[9];-0.31463605866053584;0.6755861823646445;0.010429015247768533;4246.192951312186;2813.097682521279;1.0011523149165982;0.09625070558494583
a_ws[10];-0.04404313477832726;0.7757546671809433;0.011329376980485032;4728.611834427197;2832.0645642082663;1.0020676116544909;0.10718595003090825
a_ws[11];-0.18761950138246442;0.7685560317465585;0.010675049746692634;5202.299267665404;2813.491313204324;0.9998224801200327;0.11792327407592368
σ_bw;0.01344551770296486;0.009931098447741307;0.00026417691114676153;1346.3482482005072;1889.505419992843;1.0013735459632576;0.030518389140161143
b_ws[1];-0.04011887357955475;0.8846421648019385;0.011311357062644807;6099.124941426492;2680.1626461193496;1.0002647830825715;0.13825209682985057
b_ws[2];-0.1458164742572704;0.9141677906300645;0.012822507877553138;5044.014861150327;3063.15649908003;1.0005542300107026;0.11433535756227055
b_ws[3];-0.2465357924224767;0.9536237437175995;0.013131930274288361;5277.970717862025;3327.408749685292;1.0013224356667043;0.11963855893404819
b_ws[4];-0.12666280587907197;0.8788495145169993;0.012302021934435976;5100.104880812997;2564.097288661566;1.0009229058720193;0.11560677975874353
b_ws[5];0.7728481432049361;0.7975016122959907;0.012934356237119709;3892.859337288231;2892.39631815555;1.0022988749298187;0.08824150533271165
b_ws[6];-0.24534022267895234;0.9121840153670424;0.01130761089369773;6524.331023972579;3062.521689412019;1.0024373579396972;0.1478904684096028
b_ws[7];-0.28128311296936215;0.9275804184181586;0.012252880706704734;5705.376159057927;2804.907455003183;1.0009607792627784;0.12932678454170407
b_ws[8];-0.17053370582091082;0.7624370768718903;0.01204813805118181;4043.9192249851576;2455.0330009885884;0.9999435269077621;0.09166565985021155
b_ws[9];0.35065947595903313;0.9300515852781459;0.012359069322744835;5699.220492521472;2990.307681580239;1.000217881158563;0.12918725078657967
b_ws[10];0.4558103837933961;0.9660708925958343;0.01346143101166997;5163.610452626826;2960.233816268234;1.0002031274838938;0.11704629420515313
b_ws[11];-0.2909363914341859;0.9327141781482495;0.011701654743464731;6386.243877184119;2846.6197565124344;1.001081896527435;0.14476037388422472
σ_ap;0.24524208203390976;0.041134328658944855;0.0016829128714919567;592.6967019636287;1183.8637992704141;1.001327286121274;0.01343497019942074
a_ps[1];0.5886350914556446;0.2461020488581334;0.014307854298447773;295.76241077758675;598.6529180377142;1.0190625676723295;0.006704203282625241
a_ps[2];0.5463797015543921;0.243959272285607;0.013792083363774937;312.91551660637515;550.0873612215403;1.0173193434795758;0.007093021821472828
a_ps[3];1.0232164798459136;0.2764765947348468;0.01594146269009134;300.740436825428;528.5229746991299;1.0160778278871831;0.006817042836790317
a_ps[4];0.5294198368292827;0.2423140040339619;0.013903673375688864;304.8859329264066;623.6178330096327;1.0172440282462871;0.006911010993511864
a_ps[5];0.5858142842157205;0.24731569955625438;0.014165330188756911;304.5723630755442;573.3392681097079;1.0161858346885704;0.006903903139549094
a_ps[6];0.32687179997303795;0.23774660835160508;0.013648270554081694;304.515992627248;615.5677616265186;1.0172909957780694;0.006902625360728192
a_ps[7];0.8962092650842035;0.2691242791726211;0.01519582710534267;314.49061790487764;558.0122409499091;1.0165474120167757;0.007128725477215033
a_ps[8];-1.8562517316812492;0.3681696778189739;0.01410267949200511;679.8409878195055;1305.5473495136619;1.00414298610761;0.015410315902618784
a_ps[9];0.03237275617158529;0.22808798387126805;0.012498912333128907;333.8468458941269;768.0112535921992;1.0186119841389472;0.0075674833534562875
a_ps[10];0.15268391884732826;0.2321353961482995;0.012703322430709525;334.373826694054;635.7587877071089;1.0175043621896958;0.007579428706482939
a_ps[11];-0.4893944834527514;0.24134757448727934;0.011422925796426269;448.06332285417454;1065.4090515886296;1.0131479524275617;0.010156488757328488
a_ps[12];-1.867747957645791;0.3652028291189921;0.014064313590773068;673.6218264082326;1427.9122549422377;1.0044114368452133;0.015269342875522429
a_ps[13];-0.6672481170762253;0.25056560519588306;0.011778727949857279;450.5480040086012;946.8871693678743;1.0132936660810379;0.01021281034162985
a_ps[14];-2.1403919341303044;0.40344255098483506;0.015308993159437144;692.4703973570505;1481.9385452517001;1.0029299859039533;0.01569659342063273
a_ps[15];0.3572869455266242;0.23345454057164725;0.013172757804283597;314.8162676797418;568.0096297543422;1.0169928437607096;0.007136107153216019
a_ps[16];0.720550450178443;0.2562417611526273;0.01450689760958973;311.7418757176632;541.1940368320375;1.0177288132081026;0.007066418281563753
a_ps[17];0.5871752104259221;0.24835190481901162;0.014311116965058247;301.0198411261046;604.1851749227233;1.0178718892276009;0.006823376242123507
a_ps[18];0.13859885458298787;0.22993326352118992;0.012890227540653413;318.34865970467354;798.1503450934392;1.0181076305807264;0.007216177754976414
a_ps[19];-1.4887917866647284;0.32424465139595304;0.012727293507245076;648.6631515585875;1233.3694677409555;1.0054291652579281;0.014703591367692054
a_ps[20];0.2097632367243208;0.23014191962022787;0.01254341344872555;337.35394728731075;732.8098070205691;1.0179358467797504;0.0076469806790659435
a_ps[21];1.1381897848874853;0.28874945298967764;0.016232018587299998;316.15689216438915;637.7811106574184;1.0143599168928112;0.007166495798774833
a_ps[22];0.7204217871217542;0.2540093981249113;0.014913511044564782;290.64755538598854;538.0854548823391;1.0181952836465293;0.006588262145222581
a_ps[23];0.14945220692971448;0.23177745754980056;0.012844732363569991;326.45657742432985;720.8968882175641;1.0164518803899116;0.0073999642221223415
σ_bp;0.04864165047804351;0.009839536494782971;0.00026569537754004836;1393.9371092224976;2096.3087689937556;1.0059707365429928;0.03159711106916228
b_ps[1];0.9002211973478832;0.4921393253957431;0.008551488326101062;3314.460436840528;3092.441472938448;1.003820898576555;0.07513063097632039
b_ps[2];1.0898723926734337;0.49026655880660286;0.008706725018732653;3200.6879412482613;2430.2987464015546;1.0008689957689185;0.07255168953336695
b_ps[3];-2.2021457098826387;0.5290106741737111;0.011866486215320484;2000.612566255077;2582.811899463513;1.0008069886925572;0.04534894511674372
b_ps[4];0.8170319477860999;0.4994943709236951;0.008414391398707005;3533.2533014126475;2715.8116290625862;1.001161863213408;0.08009012477075812
b_ps[5];0.3400178607989368;0.4875943754888656;0.008444903507049345;3350.729506543085;2809.3747328240215;1.0004011854797865;0.07595276119739335
b_ps[6];-1.6649997590670709;0.5445687180039843;0.010972122951986409;2488.273609755846;2352.013067442932;1.0018272584573948;0.056403016389867326
b_ps[7];0.22731384017572445;0.4741900043208902;0.008922513703571304;2829.6214780821583;2665.011001934614;1.0009351184970456;0.06414052939340893
b_ps[8];-0.22191521738594974;0.4910827936800173;0.008456292287542218;3357.8843901020023;3051.2376937975987;1.0005496282058286;0.07611494473422746
b_ps[9];0.42884969987621774;0.4764592391215994;0.008126687311440728;3447.927857571028;3267.1188318873724;1.000667237796324;0.07815600772325876
b_ps[10];0.07914864924435222;0.4753575353933563;0.008765420935959658;2941.2178290238844;2596.156843893221;1.0011442367298713;0.06667014301248082
b_ps[11];-0.3318512072589227;0.48402925027504295;0.009116666620321623;2807.274389049507;2467.169726406426;1.002107031032065;0.06363397608511012
b_ps[12];0.9839501057297231;0.48470355255321784;0.008814341295649737;3070.339569819468;2867.796810555731;1.0013457471584013;0.06959701392966107
b_ps[13];-0.009125495978516024;0.48774409234561106;0.008752194372994541;3099.9728286667337;2655.158995662573;1.0006336734982104;0.07026872670991738
b_ps[14];-0.10000824208464236;0.48671818020329194;0.009247944339673797;2769.450358108938;2344.9241862134736;1.000926326879458;0.06277659873371784
b_ps[15];-0.921732737898688;0.5065835858415604;0.009882400207669582;2680.850188836749;2627.0112785421984;1.0014732335936034;0.06076825174968395
b_ps[16];0.36482438991703076;0.4838938386640779;0.008517684777145158;3219.85711797044;2814.0075403096575;1.0009242513365388;0.07298620741942345
b_ps[17];-0.8871118790455109;0.5075278632183539;0.009790096978141385;2710.1191150752006;2325.0133082986285;1.0013831991856141;0.06143170600964501
b_ps[18];-0.16566753358480305;0.47331770541415175;0.008002340378941918;3503.798662691376;3111.2099202159243;1.0015229102853185;0.07942246086754431
b_ps[19];0.018633230617719865;0.47875689021421597;0.008624688488486357;3093.1097340511983;2542.5801937449737;0.9998907166088521;0.07011315730767499
b_ps[20];-0.3496793056528907;0.48786920765300246;0.009795075010508298;2466.8013289437467;2797.0096378657045;1.000955013119342;0.05591629282304402
b_ps[21];0.8689361499725312;0.4959816252906793;0.009438192280107626;2796.68925931072;2282.022327552012;1.0017538013949572;0.0633940373405103
b_ps[22];1.2509477066457757;0.5019074241864203;0.008959621966187891;3133.383711197261;2701.876617997359;1.0017301544062722;0.07102606888787594
b_ps[23];-0.5618979637057314;0.49247557564021643;0.008767666854080192;3183.36687717594;2619.989304324047;1.0007619717021423;0.07215906379601608
a_e;-0.009899769258072696;0.0530224774015735;0.003089727701541553;294.39670107567696;486.83424703197863;1.0158084403310785;0.0066732460171546725
b_e;0.034004823487102875;0.013314289716898027;0.00037664994110957434;1257.3153587004742;2014.0650628846713;1.0031095905414646;0.028500233457434455
σ;0.9696645436343465;0.003520618647635359;4.0314851266709616e-5;7643.106423840464;2903.604245898511;0.9998215675561567;0.17325034321112048
