parameters;mean;std;mcse;ess_bulk;ess_tail;rhat;ess_per_sec
σ_aw;0.029625068074111676;0.010474155508138147;0.00026030005721317266;1643.5156559921404;2197.986481252647;1.001125775558564;0.02942895630215213
a_ws[1];0.014056944318468077;0.6769808506823983;0.011016693822215616;3815.894726809762;2695.078971894024;1.001714600621894;0.06832779399421446
a_ws[2];-0.47019932255216046;0.6542209810893798;0.009454323248178211;4768.202135240839;2721.227694288785;0.9998898351587397;0.08537990603632083
a_ws[3];-0.3808356988681528;0.6997745703473823;0.01005725552107659;4841.3294706036195;3362.3089388069175;1.0012507103464545;0.08668933144339731
a_ws[4];-0.30723450399043023;0.6393372356865641;0.010015413069500248;4080.7596306903056;2696.619528731867;1.0005390217733703;0.07307049154860364
a_ws[5];1.6018908748704948;0.6189976857387001;0.01278680071200358;2331.7690300746513;2856.372988615037;1.0015318827465536;0.04175289030109898
a_ws[6];-0.16652820592859874;0.5915019343806502;0.009917435231595703;3610.86985139388;2732.336288578144;1.000873834311052;0.0646565979958862
a_ws[7];0.702721840093335;0.7063789146707364;0.011326120756999913;3908.4275646312976;2853.7079729397465;1.000850717624256;0.06998469627612197
a_ws[8];0.15167181835201982;0.4845024287662176;0.008808747141447032;3030.114621071428;3209.3797791042807;1.0009066116612761;0.05425753654910711
a_ws[9];-1.17517450506833;0.6713179496458604;0.010260326928953437;4309.36391000192;3051.7310918401413;1.001834862141353;0.07716390271984389
a_ws[10];0.1372864261205844;0.8047305340738926;0.012037441001222653;4499.503568011221;2580.5932999177903;1.0000554319513015;0.08056856252120366
a_ws[11];-0.08686686598787674;0.7689651403465704;0.010903463554285342;4969.852421663535;2756.6886082533224;1.0016431814454219;0.08899067630541667
σ_bw;0.013539010913598666;0.011522996348745521;0.00032569664185441786;1273.8494324230082;2336.1234307405657;1.0006265252718693;0.02280967579810951
b_ws[1];-0.1672760665376801;0.8647247108398451;0.013203829778188979;4325.021997126889;2651.2859951713076;1.001147250921298;0.07744427799956571
b_ws[2];0.19453757940141908;0.8989511147434371;0.011916452990245577;5747.640887158712;2909.815749843227;1.0004823630023836;0.10291783463817852
b_ws[3];0.3869224033220359;0.9819952079802591;0.015552959538382453;4013.1794425312028;2910.872694689805;1.0002758831153185;0.0718603939161446
b_ws[4];0.046149891025984345;0.8474594234739549;0.012028328849284783;4929.562701137108;2756.368048277135;1.0025772269153073;0.088269244525637
b_ws[5];-0.32233010390371286;0.8015856542386958;0.013635871601353688;3622.525641811507;2145.421708704919;1.0012018813058043;0.06486530774904053
b_ws[6];-0.28309743912269103;0.8911481503625642;0.012996244827733422;4777.320337650058;2828.1215345338023;1.0008663317554296;0.08554317748388916
b_ws[7];0.2571160911297038;0.9242141551846992;0.013450893894717484;4727.478180126455;2710.585227796072;1.0024974738110364;0.08465069880842342
b_ws[8];-0.5003067497464108;0.789321803575768;0.012177358639401998;4321.399892183806;2920.1467721189197;1.0004930657132391;0.07737942022489033
b_ws[9];-0.13861500993596185;0.8955963186282173;0.01252813008789476;5203.368860705474;2950.142485090286;1.0006011139075341;0.09317204510184038
b_ws[10];0.5216508004064047;0.9814721010195262;0.01549827427692602;3986.7403658683747;3126.361382914507;1.0016078377604285;0.07138697315562868
b_ws[11];-0.0028058824492960353;0.9514209920589826;0.013601549557285323;4888.857960631397;2708.039003024442;1.0006725533597727;0.08754038135645115
σ_ap;0.22210231990541712;0.035916079637548316;0.0013135897149745232;746.8702632485819;1426.1198933190778;1.0035790129878306;0.013373533899956035
a_ps[1];-0.9991458942768932;0.2679958694206961;0.011444078132976897;543.5643823934387;1194.6487232711124;1.0064274630859558;0.009733118390774438
a_ps[2];1.0824016344060412;0.2800490763541329;0.011875109493683169;556.7172363991386;1080.6167967457245;1.00172013940375;0.009968634714802799
a_ps[3];-0.811647452811711;0.2516467269660794;0.011054043649086017;509.59612254780404;1067.833706385011;1.004030374848611;0.009124879320454252
a_ps[4];1.2016799370681956;0.29145514320347826;0.01222951228833325;568.3747399126244;1098.6103581696655;1.0011127251263585;0.010177375142823521
a_ps[5];0.7050420555122913;0.2524712943329051;0.010877221829764363;539.5281045618746;1063.3844830625972;1.0017378953285114;0.009660844394785796
a_ps[6];-2.752817687179238;0.4586913114099818;0.01764912323075885;673.3433428341023;1226.4949372454646;1.0061191410756107;0.012056953482835942
a_ps[7];0.06328368165365462;0.22838141712020993;0.010432837512473075;476.8399176379962;979.5274416598984;1.0075254482607825;0.008538343427473572
a_ps[8];0.41251779040203246;0.2310234615377948;0.010572612949225199;477.358823097835;920.7189220856754;1.0056003119474715;0.008547635000721974
a_ps[9];-0.25169788582479546;0.2274222117183548;0.010084044952603033;508.00847259996374;870.8326815697754;1.0054087089402821;0.009096450701129721
a_ps[10];-0.25922513941745556;0.22820099646893313;0.010374123467365737;478.77409523134367;933.7519399102883;1.0044210658536734;0.00857297700560086
a_ps[11];0.5633202528028483;0.2424608684477272;0.010574367560844953;525.8811356998344;1054.662325402147;1.004145361433566;0.009416480400543608
a_ps[12];-0.17139712662281184;0.22693546403211265;0.01014870089120667;499.29222151624026;1123.5189739014686;1.0053520310360877;0.008940376634341086
a_ps[13];0.38471929341918204;0.2334885179973888;0.010413912190575135;502.33441324031446;990.0020885465947;1.0064360103553092;0.008994850424708786
a_ps[14];-0.12049728455403814;0.22686614350803697;0.010168613490220564;495.23888107366895;1099.902621160411;1.0064349440854976;0.00886779711352711
a_ps[15];-1.009007677508793;0.26914720594216207;0.011706320600209158;523.4676369947906;1035.124744565127;1.0045258864747282;0.00937326405047899
a_ps[16];-0.45704788550566616;0.2327523164931146;0.01030637483277919;506.81900053139384;1061.4784033860406;1.0036187320712717;0.009075151894878045
a_ps[17];0.0832263218578975;0.2248884390782095;0.010105409092496326;494.1286103103225;1011.2049584228466;1.0053532563735905;0.008847916493796503
a_ps[18];-0.033926347073210225;0.2277330685093678;0.010023136310065907;516.1697413189011;867.9652836048255;1.007628419873747;0.00924258719798879
a_ps[19];-0.5539007568199522;0.2373315644951617;0.010527820865711548;501.24825314158375;1118.9767833695742;1.0047870702122745;0.008975401532958867
a_ps[20];0.7700266611684851;0.2555916053927927;0.011343353419781724;507.11649893673314;1022.6603255415532;1.0032006851408173;0.009080478931185104
a_ps[21];2.098809746525368;0.3879035681362833;0.015343274970648814;639.6166315159272;1167.635579208131;1.001192274869481;0.011453039604693597
a_ps[22];0.30308791078997344;0.2304110864854352;0.010473241698292257;484.08951523524746;957.0995739460088;1.0036773904153224;0.008668155449719812
a_ps[23];-0.5861427615999412;0.23976044267298563;0.010628564574416938;504.8019386308348;1088.0903067299378;1.007770782118036;0.009039034182026411
σ_bp;0.050780005034781056;0.009927626849148014;0.0002722544113648769;1338.457679084327;2174.9799838462973;1.0024256188555924;0.023966557547804086
b_ps[1];-0.23787422566753272;0.4588688689407178;0.008200951732947569;3131.904998804664;2969.8926359319444;1.0010980204663174;0.056080205269888245
b_ps[2];1.5123813616712636;0.5275685464001837;0.01031631140159626;2626.9966598139736;2757.4465617196897;1.0018294556794252;0.04703926587233845
b_ps[3];-0.6838897079832267;0.4874925869116872;0.008637590914815493;3176.1117585359593;2902.1701554083043;1.001526854652773;0.05687177594683849
b_ps[4];-0.1501572881205704;0.47607222315537495;0.00820267090986488;3361.153261842061;2578.6998166230137;1.0013677452512608;0.06018514767836147
b_ps[5];0.7049779685820509;0.4754552786366803;0.008827656036480776;2896.0376623535044;2753.147559965849;1.001674397716283;0.05185674106848645
b_ps[6];0.55779983405123;0.4815350136177226;0.008547739041091396;3166.5415211602926;2922.372933235843;1.0010402313556848;0.05670041031578845
b_ps[7];-0.4693066758338455;0.4706075701716927;0.008757850544013799;2847.4618768683267;2363.6873531363194;1.0018056263209434;0.05098693817785135
b_ps[8];0.6687931319489834;0.47793618388919923;0.008342316584114145;3289.073825606602;2545.8625241742425;1.0002644768342017;0.05889448605824045
b_ps[9];-0.9678647822335124;0.4885786406465824;0.008601472697118218;3281.4932669724626;2649.582440190921;1.0006245557873363;0.05875874781444786
b_ps[10];-1.389118546997021;0.5051388611612794;0.009637094309256649;2778.663641172899;2867.230526558268;1.001358777205304;0.049755030063946784
b_ps[11];-1.7763930084894841;0.5323180066902203;0.010741017064470533;2476.8156903746276;2688.946771872857;1.001510578877099;0.04435011035931881
b_ps[12];-0.02896673595987395;0.47504518639746346;0.008663667950731811;3056.2546562701273;2322.948345258191;1.0023228783052716;0.0547256026431504
b_ps[13];0.1738346880146198;0.48107524957134346;0.008349183496220923;3311.42599585661;2469.334376738497;1.003662910438761;0.05929472626230997
b_ps[14];1.1773235171511982;0.4919346615489736;0.00943189379939039;2743.2384496811173;2809.938659391272;1.0022331247236904;0.049120703029332885
b_ps[15];0.4899048605294844;0.4756898691812319;0.008618603645592825;3039.805794891404;2841.640652233808;1.0009024940594868;0.05443106768026781
b_ps[16];-0.6161147327580886;0.4812954372130161;0.008703907780465162;3056.1723937912907;2780.968580353659;1.0005996426663255;0.05472412964294735
b_ps[17];0.6145444926703346;0.48254952131606077;0.008708058453317067;3098.134466258968;2638.848439474032;1.00083429302635;0.055475506724447406
b_ps[18];-0.5976867289717915;0.48611372691791876;0.009091086115015414;2823.61142589561;2858.800868009482;1.0009041150670732;0.05055986960877283
b_ps[19];-1.0610143358310902;0.4966721085489017;0.008655802638025883;3349.8618514711256;2600.7856399525117;1.0018387959778887;0.059982962550897426
b_ps[20];-0.34364145304490074;0.48681860165438146;0.008270288993081533;3492.777563215279;2595.382655023636;1.0010169823349881;0.06254202563038523
b_ps[21];1.5129812001231508;0.5097004002325674;0.009565468480444846;2907.1494095680673;2796.910378237085;1.0020219426719232;0.052055709129439014
b_ps[22];0.27277338832806747;0.46509030864340434;0.008897299195882015;2727.0358102339414;2591.465659680366;1.00161722343258;0.04883057694107081
b_ps[23];0.5720466184284121;0.48115182595201195;0.009032634905987024;2848.061579696377;2522.5415868211785;1.001184413965526;0.05099767651688489
a_e;-0.004447437376839196;0.04636243264406081;0.0022805843702690233;405.8523313392464;768.4333404037058;1.0064076012237138;0.007267232581912421
b_e;0.027550296638035328;0.014306801143563568;0.0004273682194351526;1122.2676151940097;1747.378203801516;1.0038851497772774;0.020095436563959894
σ;0.9800980133318442;0.0034563259112879046;4.210717912947119e-5;6732.441751733305;2562.7298429907482;1.0009266431493988;0.12055177776748324
