parameters;mean;std;mcse;ess_bulk;ess_tail;rhat;ess_per_sec
σ_aw;0.06036805849836328;0.018397644690556512;0.0004632773536816029;1827.7312198152908;2256.5279972179387;1.0010543774135587;0.03988323795768688
a_ws[1];-0.2761512933759173;0.5266385504209393;0.009160676749929845;3288.7144080451676;3279.799060917744;1.0009555260586944;0.07176360390900045
a_ws[2];-0.48681778913066603;0.48140140391274855;0.009449195610217653;2616.56872902097;2248.9885121111374;1.0015809631524035;0.057096597202477034
a_ws[3];-0.14456934192224177;0.5655544210107565;0.010418608352941762;2949.644209500773;2833.9230559942566;1.0006709715333262;0.06436469466769917
a_ws[4];1.1144486255244108;0.54707891723988;0.010751437484797363;2596.8443684193157;2760.989131489883;1.0011900112027443;0.056666188530288084
a_ws[5];-1.942578396779792;0.6012790768563555;0.01306959775170268;2119.225459344266;2093.5232967500833;1.0002410211966826;0.04624398399757998
a_ws[6];0.3788253305569733;0.45701946259198256;0.00965194961905264;2258.4873987915184;2609.9042021059304;0.999865746246218;0.049282842780101116
a_ws[7];-0.4369823964316813;0.5614463995670073;0.009740238802260208;3325.263744657521;2691.4652726787695;1.0000126617716774;0.07256115328250921
a_ws[8];0.8718890937399041;0.44348903561325564;0.009780158987289183;2067.625967702701;2684.178397870507;1.0011488338352834;0.04511802259727946
a_ws[9];0.4812885620700396;0.4911055665835841;0.008959646621910058;3004.2698746941232;2842.5156175368074;1.0010703582466682;0.06555669072263524
a_ws[10];0.37847598971840446;0.6566786895706889;0.010821075942719499;3705.300708385797;2884.3337344507063;1.0003304154984474;0.08085400536752389
a_ws[11];0.2138086234232272;0.6493360826172079;0.010410978410746282;3912.839694554513;3019.837705571598;1.00057717824445;0.0853827493541263
σ_bw;0.04622241212420584;0.014785558701333332;0.00033746325088372783;1977.5869766258586;2428.2888394739066;1.000416384895207;0.043153266254740946
b_ws[1];-0.2285475973069959;0.5520414631319313;0.009118219645776048;3671.613028580349;2892.1567156535966;1.0005264321565286;0.08011890070040614
b_ws[2];-0.8531438494420495;0.5876777927213146;0.009685236601521357;3686.0301288747924;2971.7682672704454;1.0004025400507524;0.08043349873072334
b_ws[3];0.13475988083890822;0.750021110036233;0.011844803904246949;3981.53888254432;3184.054117104751;1.0006490609700631;0.08688184617558031
b_ws[4];-0.4164227612214086;0.5935977416334759;0.009977289632593365;3508.4103117415752;2654.346705549187;1.0004037180311767;0.0765576260882235
b_ws[5];2.038295049872376;0.627613106716951;0.013517939291279639;2128.0843665474217;2666.886653490537;1.0010012384721958;0.04643729573849571
b_ws[6];-0.1515968279778932;0.5706349822219504;0.009679017727866937;3486.529215747921;2913.0812671030553;0.9999020576380657;0.07608015492133163
b_ws[7];-0.4407625952896442;0.6464478233862615;0.01051467181473941;3877.109069043671;2981.011536082202;1.000689716614528;0.08460306521666876
b_ws[8];0.229917573556827;0.42917208955529834;0.008431552474886347;2583.9617262983247;2810.5684529556515;0.999921358755297;0.056385074176238184
b_ws[9];0.1812653142062564;0.6011901695719936;0.009548631287130033;3970.957519509981;3302.675073232412;0.9998035022238094;0.08665094842910648
b_ws[10];-0.18044476534040474;0.7815710681487912;0.01189262469742029;4321.393662638917;3042.9233491068817;1.0007260492287924;0.09429787590611145
b_ws[11];-0.36775795804392797;0.7011308680990885;0.010529182024632898;4430.413602417516;3157.5314389755063;1.0000559698338367;0.09667681880164396
σ_ap;0.16508199419933547;0.027086532077627283;0.0008600120029355257;977.4548295242372;1506.7064013665606;1.0002221759652885;0.02132921029972072
a_ps[1];0.1283232310357267;0.26331743768052185;0.00892661647388761;872.2111348691162;1675.0529107222685;1.004529843873522;0.019032669499864756
a_ps[2];-0.25041092018815947;0.26575044659547126;0.008798478373383746;912.4719380438755;1801.8140332895089;1.0042201551223018;0.0199112074249043
a_ps[3];-1.489535274457532;0.3443547875665211;0.010720186890561385;1031.4238396146022;1789.7606889010249;1.0034612221567947;0.022506877370479825
a_ps[4];0.3035977362829148;0.26833796917980696;0.009171685203732327;856.4297467907327;1831.810926394817;1.0045778592677654;0.018688301110678745
a_ps[5];0.4454736628249091;0.2721507569196649;0.009161873058370204;883.440226670817;1706.3937762139537;1.0045752376705128;0.01927770144740746
a_ps[6];-1.9948144960245453;0.3955535711077019;0.01219320892343421;1052.1168337699619;1957.9650876726055;1.0019929245002126;0.02295842276238851
a_ps[7];0.251425401705475;0.2655368621098281;0.008957088656281113;878.1223294052605;1805.3105634948702;1.005382006902742;0.019161658694634348
a_ps[8];-0.029328405642226548;0.2617133777044556;0.008754033577378131;895.9622430524649;1614.7162327586245;1.0044688712624243;0.019550946525045184
a_ps[9];0.5336285236405681;0.2785601404711735;0.009621396088131097;839.6591781093106;1671.609961999391;1.0037758821743517;0.01832234764106822
a_ps[10];1.20626871166923;0.31781913933807593;0.010983035595921925;835.8708673619414;1376.3584289695448;1.0034278763538904;0.01823968225933323
a_ps[11];2.1252299610399064;0.4128017628976415;0.014139912798704283;852.0170389615425;1233.2422271211103;1.001896014325254;0.01859201065260629
a_ps[12];1.0422136918053648;0.3055747938676575;0.010890824393122405;787.8595254661722;1339.6887377635833;1.0020761220527565;0.01719201849305454
a_ps[13];-0.7008390437278801;0.28348896854109873;0.009175075429901817;956.2826872502196;2083.8351284225378;1.003826168458412;0.02086720933413346
a_ps[14];-0.5761612672952844;0.28662616334709556;0.009251298624406218;956.909848613943;1818.8121318554283;1.0031388818635347;0.020880894730342745
a_ps[15];-1.6814667605024713;0.3602831021705835;0.011386593609853547;1000.3304463471272;1874.0061537270954;1.0031220213640157;0.021828383077033345
a_ps[16];0.2733354730517783;0.2664486038450534;0.00915178495011603;846.5610487670077;1658.801435349182;1.0042262358665417;0.01847295455022958
a_ps[17];0.06821387968366913;0.2627473558202436;0.008766225239051326;901.2449548152814;1901.0284851532354;1.0048646548935085;0.01966622148889877
a_ps[18];0.536530444135893;0.2801050467144312;0.009505116427048018;867.6532214949788;1686.7405674866275;1.0043697187590739;0.018933210486569783
a_ps[19];0.8093865983486684;0.2916550038604063;0.010156100876086838;821.4615946613951;1673.4859561045453;1.0030946933839389;0.017925255036291558
a_ps[20];0.553015250653482;0.27276135112685673;0.009655882605968615;796.9902207845724;1697.6853343462399;1.0030794134872578;0.017391260969275797
a_ps[21];-0.40135709668842356;0.2689835599881409;0.008890780336653198;914.3119415902443;1964.0854978792247;1.0065267057675948;0.01995135845941485
a_ps[22];-0.523067107679767;0.2719325844376759;0.008787642388082072;956.948897762624;1760.9411766730468;1.0038707488171514;0.02088174682854625
a_ps[23];-0.8470365543062964;0.2935128992850805;0.009367385819859986;979.6379530989925;1838.5485624956805;1.0046068098170122;0.021376848615507548
σ_bp;0.055902091391486365;0.010645104137364981;0.00028688180590893204;1401.4358514630942;1920.2080133203738;1.001488006466456;0.030580973252721865
b_ps[1];-0.3615410840707376;0.4314938563875608;0.0074602953441264;3338.9599220768605;3117.670036838941;1.0002202082531246;0.07286001993051747
b_ps[2];-0.6184782309062079;0.44268162029125513;0.007670165854867222;3320.7947739461674;2934.6795033924027;1.0035159378128249;0.07246363510238815
b_ps[3];-1.0007494101299566;0.4485354816692791;0.008341208616437314;2927.1918305937666;2703.403029386717;1.002139097987023;0.06387475743789424
b_ps[4];0.7514623745313552;0.44918460471331895;0.007723251516592093;3367.434929002801;2798.9279356710067;0.9997360545321108;0.07348137796432554
b_ps[5];0.23261420657526882;0.44871133963149645;0.007259163238090839;3809.537515251326;2913.422402940731;1.0018435937605734;0.08312857469538573
b_ps[6];-1.4991903964029571;0.4732847870992841;0.008722931168202538;2969.8404113131614;2683.453519865063;1.0013552753661434;0.06480539946826955
b_ps[7];-0.16767160602412473;0.43154756548610024;0.006878918672702142;3943.325019560393;2855.9373127362364;1.0000575852985645;0.08604797488523575
b_ps[8];-0.21244065609805785;0.4545373574898205;0.007728902106134658;3471.210437414878;2986.1395183996824;1.0011551241784082;0.07574588121912965
b_ps[9];0.5396770394351234;0.43623947948508573;0.007263946451353715;3596.7642830635577;2806.892682320602;1.0021163927650723;0.07848561332427749
b_ps[10];0.8518378751047488;0.45395329159498926;0.0076230717495327435;3535.4764488943315;3044.5087126308063;0.9999482494343727;0.07714824093189174
b_ps[11];2.08682583916007;0.4982026076348748;0.009810903604043474;2578.831359996135;2451.8104279618956;1.0006046106015827;0.056273123568937725
b_ps[12];0.7804533095220476;0.4525940488470594;0.007861480316466817;3307.7650408508034;2877.040978817087;0.9997101066426562;0.07217931105083529
b_ps[13];-0.3697215160796437;0.4504508427583672;0.0076509324512797116;3460.1086799546674;2805.2129772480152;1.0004432645080577;0.07550362785619871
b_ps[14];0.23064365584513336;0.4503726088189155;0.007489170152618697;3626.198978371127;2661.1955736700693;1.0009972848722462;0.0791279128836637
b_ps[15];-1.189741925178625;0.45945292193076515;0.007882450298663088;3439.5874393590507;2646.396285759742;1.0007327827441592;0.07505583032831897
b_ps[16];-0.8565942535183815;0.4642311707852753;0.007791880709005194;3558.3797976512647;3088.3822103365937;1.0006073995987297;0.07764801885251672
b_ps[17];-0.017448026128198988;0.43302519195836264;0.007887370345881396;3016.8068190340496;2743.290374453269;1.0003463295081718;0.0658302615458234
b_ps[18];0.5820117678370218;0.44477077606082144;0.007837838025115094;3230.6794972279777;2990.4990388505453;1.0002225261021778;0.07049721411772195
b_ps[19];0.5908910360141842;0.43977292492110837;0.007362913255004536;3570.147709425102;2798.33291232068;1.000008390074675;0.07790480848353723
b_ps[20];0.8531395620060673;0.4565927423828062;0.008362497692426545;2980.0397166444104;2824.9482621547454;0.999953025599682;0.06502796026775648
b_ps[21];0.8391010009081558;0.4506235810469212;0.007309227351394623;3799.022854361108;2861.748092463726;1.0005974447530808;0.08289913246789489
b_ps[22];-0.890890762677002;0.46237505960085595;0.008063048123835544;3332.6133473372242;2395.9860426167456;1.0007905404195718;0.07272153022928955
b_ps[23];-1.1629134651650173;0.46528608225277096;0.008586394749565178;2943.086917902685;3004.3996230132193;1.000879241606751;0.06422160687758585
a_e;-0.009168322440121649;0.042010138768800886;0.0014850528334328784;798.16507645787;1510.4273776942443;1.006770600941719;0.0174168976974096
b_e;-0.0030758320343346173;0.020842876165150875;0.0005215889388781524;1594.0196998656327;2100.174446326194;1.0007368626404471;0.03478337860060544
σ;0.9871170413892809;0.0035219470574195766;4.316855768579659e-5;6618.595326958668;2338.887002983782;0.9994467480780143;0.14442550934672096
