parameters,mean,std,mcse,ess_bulk,ess_tail,rhat,ess_per_sec
σ_aw,0.04986988002067755,0.016621317170210096,0.0006897706289767782,559.3443796883992,707.2545389091223,1.0112156187638188,0.0023227465564428606
a_ws[1],0.4357579692302547,0.5940413086449462,0.01989148843887757,900.9465638702883,805.1807970362393,1.0000070931234897,0.003741291777946405
a_ws[2],-0.07671281434701104,0.503603138089083,0.01664931222181816,927.3468072865306,553.1443510347361,1.0082870290707358,0.0038509220463661775
a_ws[3],-0.6311526596952766,0.6284154675858817,0.023138078665958264,721.7772076746344,749.0796588241639,1.0054608223848334,0.0029972689179055523
a_ws[4],0.6994288666727837,0.5501866600292739,0.019594464751915498,800.1838361894991,729.8995278053975,1.0034175221266954,0.0033228621177275506
a_ws[5],-0.9865974028666734,0.49384146959833997,0.01897556337308985,672.3315062593418,633.6535402773692,1.004496498193334,0.0027919395414715683
a_ws[6],-0.2685842675070731,0.49165022444679973,0.01709794162790243,818.5513384866297,878.5296853801746,1.000347834093744,0.003399135437457487
a_ws[7],-1.1578167323176347,0.6067994191320722,0.02054974150557108,879.6599303032995,686.3445114217534,1.0015875953143754,0.003652896405414856
a_ws[8],1.5632888436924908,0.5839224931212655,0.022506429819032767,671.4005082580586,701.5268133951598,1.0032199533316906,0.002788073457391595
a_ws[9],0.4910822343102617,0.5651943619737898,0.017044823830178506,1093.9034513090198,711.9717037377627,1.0035305569172257,0.004542569062773912
a_ws[10],0.03580940756516026,0.7033695083516432,0.025596512643359385,792.2389648469909,492.0493032277544,1.0093485323536644,0.003289870059127672
a_ws[11],-0.1891729623877027,0.6754287404826075,0.026103236455459852,670.9987781115259,542.9943701506036,1.0068623987141878,0.0027864052233869947
σ_bw,0.040242717424962805,0.013898848552611563,0.0006386399887191125,464.6378506809934,737.2921024166565,1.0134223303576742,0.0019294660085143122
b_ws[1],-0.3225553971898265,0.600047521662181,0.020294289478858394,866.5844126675979,684.9528745179306,1.0061071076298898,0.0035985987049910973
b_ws[2],-0.7236580906294025,0.6038339807012618,0.020521417103916723,851.4106384579377,832.939104756331,1.0050417655405786,0.00353558773523153
b_ws[3],-0.042474193839410486,0.7740943602996897,0.03235494223038642,579.3686552570887,740.9331167172594,1.0038594093128739,0.002405899831618964
b_ws[4],-0.510378911585182,0.6106484759231512,0.02235482046308956,740.5574186229384,892.0104280546527,1.0028093301634753,0.003075256061235292
b_ws[5],1.6697837140646006,0.597317255789258,0.022782851774433913,678.5532498713859,811.2949259492945,1.0010325633831312,0.0028177760995469286
b_ws[6],-0.5591382051426267,0.6470228675636581,0.024173605734417822,754.3877329875078,781.1958379062884,1.0035722090439247,0.0031326881482131243
b_ws[7],-0.3983848858147755,0.6904965353171619,0.025836194135916785,707.7206285091402,648.7726227438109,1.0080926578083427,0.002938897238422142
b_ws[8],0.42989130916837526,0.4413689509642154,0.017054198340341588,671.8286701499437,690.9619436149043,1.0104051225188462,0.002789851452480292
b_ws[9],0.7355076900925195,0.6645024927756776,0.022043397530053674,906.1831396691942,682.2712719236351,1.005642252163144,0.0037630373051138304
b_ws[10],-0.19735990465271636,0.7985837213063756,0.029388021331173294,738.483646158083,612.2066362696052,1.0061978545833439,0.0030666444651837287
b_ws[11],-0.3704399198486016,0.7763441613300902,0.03329223139074993,548.7474769547,587.7188800893766,1.0107758500146713,0.00227874161024608
σ_ap,0.16585647986528054,0.027569226950586827,0.0013025322394361783,430.10308570938406,718.2256746311753,1.004007176212761,0.001786056135584051
a_ps[1],0.13598400481763098,0.26451126763263,0.010123828538731798,683.8017491752178,568.4938056623187,1.0003127037934745,0.002839571140539849
a_ps[2],-0.24803997530691385,0.26477734835455385,0.010170228095287035,676.1902052411385,633.8903951441715,1.0041298114504953,0.002807963265134101
a_ps[3],-1.4796944602940758,0.33836454412318295,0.013854180183387108,593.2828218948763,634.8215169613813,0.9997520209439744,0.0024636801255082095
a_ps[4],0.31094148120400217,0.26135375553605084,0.01072895039530879,590.9554400981353,669.8077813626853,1.0047589364461489,0.0024540153854121006
a_ps[5],0.45113531138633306,0.2652645299472707,0.010778920156174154,602.8690608596669,645.3322898909687,1.0024726438156453,0.0025034881656946684
a_ps[6],-1.9829096492759606,0.38506576561443356,0.016174401472953615,569.956193068473,586.3408752605188,1.0027088347337632,0.0023668134209385975
a_ps[7],0.2609983672161309,0.2733797985533492,0.010975841655779743,622.2208798977993,654.4519881575451,1.0039344985789331,0.002583848982150477
a_ps[8],-0.019686538297086664,0.2560335392429242,0.010492117154286336,593.2154051444447,586.6328301033719,1.001514145843469,0.0024634001691332145
a_ps[9],0.5533799938690016,0.2744244087408909,0.011966788412815298,532.6507917910508,511.09232423884487,1.0050210814209508,0.0022118981388683226
a_ps[10],1.2117341850133512,0.3295270733159598,0.01460150438838142,511.51092360336247,625.6721107972742,1.0001765209498172,0.002124112227684298
a_ps[11],2.1273807186529377,0.4230684860864505,0.02029881420847565,445.2208146025494,660.0986378848879,1.0022412954252597,0.001848834370251213
a_ps[12],1.0494497869237942,0.3157001062286323,0.013719132322567856,542.647712441447,505.08551005136957,1.0056195015288565,0.0022534115854299483
a_ps[13],-0.6905246232712147,0.280648766568033,0.011197065219003917,628.7676483362991,733.4659038035554,1.0013481484768418,0.002611035245923835
a_ps[14],-0.5699313943061037,0.2699026569468317,0.011010311244721639,603.7522937139802,689.8802276319956,1.0008402625071011,0.0025071558991079127
a_ps[15],-1.6608923977877248,0.35366142006376516,0.014451530005037239,599.9911682227721,752.7255880713586,0.9992616128885973,0.0024915373614050403
a_ps[16],0.2866925888084892,0.2585258660355249,0.010399791024097271,628.7674605090548,670.5970174939065,1.0014626497095118,0.002611034465948026
a_ps[17],0.06791823786020802,0.2605904911976104,0.010633653484778988,600.7844333140164,705.529769860421,0.999269475820794,0.0024948314925806506
a_ps[18],0.5475973907111954,0.27791858315854623,0.011471936308818322,586.635907783035,613.2706113130024,1.0037771351110627,0.0024360779944689174
a_ps[19],0.8101862908379323,0.2971866609697348,0.012579897697777443,564.6944670434067,583.0006357364036,1.000680994876677,0.002344963454353652
a_ps[20],0.5605530895741844,0.2816929530869219,0.011727588873741595,584.175766203905,650.4942660253071,1.00030841478529,0.0024258619529946663
a_ps[21],-0.39091803378914536,0.2625957284560266,0.010340029249383936,649.7291425944367,741.9917758897167,1.0036336257191858,0.0026980804373551125
a_ps[22],-0.5132873813840783,0.2686586952690166,0.010506005752056825,655.1609525356226,677.2636390005124,1.0008243955319827,0.0027206366983890938
a_ps[23],-0.8458838162130279,0.2861484894434303,0.01194841373899795,575.7413170970269,588.0187381096586,1.0058464665240483,0.0023908368623172423
σ_bp,0.055989302760334494,0.010827718954709926,0.0006021644006679735,290.06936168035054,618.4676463607789,1.0096185451958397,0.0012045488172205312
b_ps[1],-0.3599733030114298,0.4638442815878276,0.013413458023600356,1189.2154637291615,683.4438902630376,1.0021614561218215,0.004938363955286916
b_ps[2],-0.6314141792444911,0.44516794683028665,0.013639971988326413,1083.600842741281,738.3248469327935,0.9993534476566742,0.00449978620941544
b_ps[3],-0.9995606945594459,0.46618060504189035,0.012957191998593933,1300.827631525325,639.886466600509,0.9992766946931825,0.005401847254341576
b_ps[4],0.7472570868534372,0.43085380001062307,0.014310380988477943,895.9597235711645,908.2976099477311,0.9989458222484395,0.0037205833082577084
b_ps[5],0.24432551905266756,0.4348941421107687,0.011877316962654896,1339.4840685909771,867.54634597026,0.9982086537389153,0.005562372879232298
b_ps[6],-1.494100032092575,0.4920128560955721,0.01729005915279642,815.803343564098,669.6243209560025,1.0023822972193912,0.003387724049455361
b_ps[7],-0.1875421980807453,0.46163933944231195,0.013224040236495257,1211.31430038086,659.3101966428865,1.0041673275637757,0.005030132101348777
b_ps[8],-0.1926698641405007,0.4660212503944841,0.011795953287984067,1569.1488504017882,672.5670561571967,1.0110345359162751,0.006516084224976828
b_ps[9],0.5522314114643062,0.46174794272532055,0.013600010221798044,1122.0514433507142,710.9582803427772,1.0022481566516372,0.0046594570730227125
b_ps[10],0.8730880471375545,0.46192170693501505,0.012828339754296569,1296.751480115715,736.1695589606855,1.0025027307481984,0.005384920532640205
b_ps[11],2.0787203330872077,0.4974762936416957,0.017494779002799127,811.2079568293649,838.3611211256399,1.003229849904395,0.00336864113899585
b_ps[12],0.7823881336918097,0.46582549703097725,0.013137377634064463,1212.1401061665517,840.8377187167889,0.9982937999897409,0.00503356136177341
b_ps[13],-0.3844830769048515,0.47804386176999747,0.01448704717862084,1069.2808661274091,735.849541484053,1.0060162233696466,0.004440320739525955
b_ps[14],0.2208982104312562,0.43618714855940516,0.011757608838912218,1381.4704215383363,840.2384217834829,1.0020372331017762,0.005736726390713725
b_ps[15],-1.1761485684841944,0.4713494851369043,0.014571081465630846,1060.4150236648359,649.6833392924295,1.001290884970752,0.00440350423470762
b_ps[16],-0.8474677178145391,0.45831966432126564,0.012826827062214321,1253.225654943923,829.2268670667834,1.00081754274344,0.005204174172785058
b_ps[17],-0.010897223263644557,0.4507832118095209,0.012450596986757167,1325.9499206385003,804.0818302388715,0.9977393095323231,0.0055061706598258636
b_ps[18],0.5980285407343844,0.4716962489825148,0.014094037984093623,1131.5466791830008,699.8008514715075,1.001726949806761,0.0046988872114722005
b_ps[19],0.5822423570120154,0.4667112827022526,0.01359617544009743,1197.62476485172,616.1500145414655,1.014152420959667,0.004973284615856341
b_ps[20],0.8314030250417626,0.4559487292494619,0.014453298856065144,994.4492702557201,605.696427871272,1.0009208501150726,0.004129573303892618
b_ps[21],0.8391924889587469,0.4562110602276374,0.013802056616065256,1079.4313776257204,704.857329656806,1.0022299809101474,0.00448247199103575
b_ps[22],-0.8869390339849018,0.44112701816219285,0.013347564788667948,1128.9652746329164,662.3341263510108,1.001166479113117,0.004688167610547927
b_ps[23],-1.1561832152616196,0.4769550105341528,0.01569411982007723,930.4423215810926,830.450831623009,1.00498632891773,0.003863776551442494
a_e,-0.017450470865261306,0.04146099681238437,0.0017773407439648848,542.4266147460697,493.8497052415677,1.008019018706708,0.002252493449967747
b_e,0.03225604073396061,0.020335247851193672,0.0008667578723013478,555.1817219588434,486.96261782950273,1.0094375821158141,0.002305460606573547
aL,-0.0884208401227973,0.006509772346763121,0.00021951225495361513,888.9467427656773,678.7187748726006,1.004218798955606,0.003691461040102587
σ,0.9849800386063021,0.0033554851237284316,0.00010134594358277273,1097.5465173081986,913.5970772781899,1.0048903095769874,0.00455769734386829
