parameters;mean;std;mcse;ess_bulk;ess_tail;rhat;ess_per_sec
σ_aw;0.030231870945121544;0.010688528647071672;0.0002364384839467847;1977.4889527315352;1816.9635540919614;1.0015338068697162;0.04806976868750434
a_ws[1];0.00671782623933986;0.01977291530793156;0.00033336360070862557;3634.773864559691;2535.6761203707288;1.0027201582489609;0.08835586093132071
a_ws[2];-0.02608111383076392;0.01867055211280558;0.000332106078622071;3192.3136550463196;2875.101963691852;1.0008417275983368;0.07760032174342622
a_ws[3];0.00391007008461301;0.02048191578056614;0.00036068908523372717;3270.5980960873026;2381.7670098102913;1.0016749049787945;0.07950329822654263
a_ws[4];0.021361836827975864;0.018582857736901697;0.00035529837637766876;2755.939392372426;2448.7175301569105;1.0013197973957655;0.06699272272804903
a_ws[5];0.04316887447806188;0.015524197815168728;0.00032310008033214935;2408.140052440229;2148.15092914362;1.0002418087550826;0.05853824625822414
a_ws[6];-0.030329051276707073;0.01712378392295509;0.0003117687828769146;3046.452410489259;2964.3595612531867;0.9995869176535727;0.07405465526744197
a_ws[7];0.0007378699351623044;0.020065618543622658;0.00033738408055300267;3599.3277423077;2782.1316399392263;1.0000152834121288;0.08749421925429966
a_ws[8];0.0004082184451836839;0.014245394171465869;0.0002813044569656459;2653.2779791000958;2520.4289812744646;1.0009327681753104;0.06449717888072865
a_ws[9];-0.00844311763753565;0.01808043752124245;0.00029409492015985847;3815.5743102849237;2788.1675271766153;1.0013665846658981;0.09275084659867656
a_ws[10];-0.0004881739125248088;0.023343508191720215;0.00040206710647779575;3428.561708918051;2424.9513928916936;0.9999383836815663;0.08334315499000412
a_ws[11];-0.005843622279516766;0.02327817490268119;0.0004288516424419267;3031.7496974300643;1961.0531653786331;1.0024574940827418;0.07369725452704441
σ_bw;0.0141166388349542;0.00935037508025829;0.00047456398149019245;312.36787823876733;476.82574657530654;1.008222057244894;0.007593191168832067
b_ws[1];-0.00039985156197399143;0.012016215593966933;0.00019136825530309843;4241.459499033398;2424.824085742038;1.0020500882434995;0.10310347207468477
b_ws[2];-0.0023029414045331684;0.012581797705258463;0.0002097498313875301;3998.9971008221187;2606.1532517333153;1.0020947351005545;0.09720957750635639
b_ws[3];-0.0050382724750211135;0.014687090158686104;0.0002829180537953285;3416.364481010756;2242.963944949693;1.0040971946705946;0.08304665880815566
b_ws[4];-0.0024242521960801725;0.012199828754442485;0.00019430805500662775;4111.713115862766;2148.386683984648;1.0033691034858507;0.09994953353134298
b_ws[5];0.011185129147857777;0.011204482320642317;0.0003480701779295799;1071.3857237630539;1979.1427335651088;1.0013696415069178;0.026043768206767955
b_ws[6];-0.0038783662838126924;0.013119223909972517;0.00023730700237155065;3360.9251253481066;2337.984266865791;1.0037057505242355;0.08169901183434743
b_ws[7];-0.004546764397614334;0.013917584162172824;0.00025522926759725267;3787.6748637186633;1884.0561657242072;1.0021626606841711;0.09207265320543559
b_ws[8];-0.0020917747910724977;0.009911287382897389;0.000161243307271364;3983.3152484042876;2142.2971838754074;1.0028569453197769;0.09682837536751489
b_ws[9];0.005869249588801179;0.014181436556750474;0.00028453566069324836;2994.9579545529305;2245.285086072999;1.002491424105797;0.07280290284570076
b_ws[10];0.008596279917755596;0.01659700990001106;0.0004746268600402545;1795.5280904363353;1473.2962756889399;1.0012655229436698;0.043646575046585645
b_ws[11];-0.005328160516327616;0.014797945321864311;0.0003120595360415024;2940.7653811488267;1760.1348101828914;1.003173557383971;0.07148556326485632
σ_ap;0.24651135926641024;0.0417566660837937;0.0007844909600206666;3355.054951118517;1902.7489663620645;1.000729415203514;0.08155631676796946
a_ps[1];0.14207595392376124;0.058188275177111184;0.0027912804112276246;434.62404315304684;739.5423762904551;1.0038850604178187;0.010565053823201413
a_ps[2];0.13337122239732427;0.05784336794312313;0.0028181114174538314;420.4319997224115;762.2878907751522;1.0034255187893362;0.010220066689912344
a_ps[3];0.24707138065681747;0.05701971834536992;0.0027011612690220036;442.74198405649264;699.5405088442806;1.002881983211841;0.010762388701309553
a_ps[4];0.1291108812426994;0.057532300220193684;0.0027404197844696702;442.4865643892925;748.5376973321114;1.0035140343097027;0.010756179835109016
a_ps[5];0.14190046554644556;0.05755506617317592;0.0027520490071724535;437.7415025310395;749.8548328441562;1.00316028479089;0.01064083455056568
a_ps[6];0.08025559665958754;0.057961414535994585;0.0027747281364929174;437.2045061705198;774.7092435040063;1.0029441514985842;0.010627780980379834
a_ps[7];0.21624348693353676;0.05785629572193049;0.002756722951607194;441.2535857731923;674.41722496413;1.003311155721528;0.0107262079878374
a_ps[8];-0.44099336722687715;0.05754698997081547;0.0027413538253766674;440.07715975924486;774.1146283797232;1.003689443183292;0.010697610848879784
a_ps[9];0.01085079119948833;0.058085653738164496;0.0027899747500965467;435.39848163170234;793.8645773998173;1.00354115542153;0.010583879252532005
a_ps[10];0.03889590598408236;0.057213566736908514;0.0027250337151638643;442.72749739697116;785.2833940127703;1.003143451476917;0.010762036552504226
a_ps[11];-0.11420725114759134;0.057685524540922246;0.0027741051923012476;432.3940639744617;783.6224812226574;1.0033542704785439;0.010510846398606465
a_ps[12];-0.44410011897432444;0.05816739030335975;0.0027604488695636407;442.48895675309916;692.244837521965;1.0031139762251762;0.010756237989858575
a_ps[13];-0.15746081344658722;0.05777532536007209;0.0027941589211763233;428.5806129985431;763.0587711612706;1.0036165589169563;0.010418147167058125
a_ps[14];-0.5091478308697954;0.057536521702041855;0.0027423766369790853;442.0349744962087;735.4149981795765;1.0028796447496884;0.010745202367107402
a_ps[15];0.0881985406580252;0.057144146577474506;0.002703403841361157;447.12068268449497;744.9456300676613;1.0035596780799412;0.010868828249257277
a_ps[16];0.17480881556958314;0.058046999095283464;0.0027925178541771747;433.7110878845253;644.4750921679943;1.0035966914038228;0.010542861259991768
a_ps[17];0.14249946471321934;0.05852636180679868;0.002814880731265735;432.75286011978505;708.5268435660212;1.0034385562946053;0.010519568190800467
a_ps[18];0.0353040757949146;0.057269953284468406;0.00275277029302384;432.6995154222419;696.0047413830409;1.0039250744185186;0.010518271461800763
a_ps[19];-0.3538165062078069;0.057463331531422496;0.0027868903313396833;425.2782685003876;659.7418863154;1.0028966324171706;0.010337872161762386
a_ps[20];0.05256161029201309;0.05691144558915467;0.00272545232185811;437.21962241682473;723.8680916619816;1.0037214816289686;0.010628148433488638
a_ps[21];0.27467092785254577;0.058057120117853245;0.002809928132121534;427.6615164128861;696.7592590515192;1.0041562125042285;0.010395805317707726
a_ps[22];0.17515098623382003;0.05733081226292763;0.0027751386858342222;426.610707712005;736.7966737968893;1.0025501283088027;0.010370261745837755
a_ps[23];0.03781758996630461;0.05779058507122284;0.0027536846533766607;440.48298492452545;754.6129358296532;1.0024355844979476;0.010707475845493626
σ_bp;0.04861702148110512;0.00992028115313451;0.00019890975039552205;2798.9343550534436;2584.19408959689;1.000873356060897;0.06803786531048901
b_ps[1];0.042885631733591036;0.022204932953751057;0.0003869726415272021;3325.5145164290425;2712.9009823526876;1.0005486215556585;0.08083823343279337
b_ps[2];0.05183852543918097;0.02322035187887685;0.0003957807396069995;3463.399045699492;2469.985116347345;1.000396039946489;0.08418999801203941
b_ps[3];-0.1055011916121841;0.0240173744506919;0.00042615150567732634;3201.2660705811027;2479.912411381759;1.0000330663268469;0.07781794143902908
b_ps[4];0.03899413748061614;0.022525808603504248;0.00038596063754741457;3418.2721929070576;2300.772999762755;1.0018118233011721;0.08309303240202628
b_ps[5];0.015580193657360773;0.022847234601884495;0.00038935791487061287;3444.381025519766;2174.499517430716;1.0009704749849977;0.08372769867546363
b_ps[6];-0.07888801471729345;0.02355331176518347;0.0003993735625288296;3485.031874266021;2956.7863865011213;1.001111407924182;0.08471585938983021
b_ps[7];0.010049098596643907;0.022867999817116763;0.0003870923187872478;3510.984182568489;2795.5850133672902;0.9993945300728562;0.08534672079377545
b_ps[8];-0.01081357498736903;0.022461000263143727;0.00036989203598389693;3687.5034427964592;2533.7847991131234;1.0006215864468668;0.08963763731006098
b_ps[9];0.020273890702219535;0.02301543011020632;0.00038966846953300153;3507.6224872557696;3063.2243264926346;1.0017053782295169;0.08526500305984977
b_ps[10];0.0034371417490470357;0.02274301570610423;0.0003927142449377379;3360.999112478643;2259.199327919485;1.0013857732973357;0.08170081034970492
b_ps[11];-0.01595261088532361;0.022266150006486705;0.0003867552096903128;3311.34368829305;2901.055949781726;1.0018760233158113;0.08049376201126324
b_ps[12];0.04668712396045322;0.022306030067720285;0.0003920097906079468;3265.0645887780847;2693.1683136976562;1.0002182061595708;0.07936878702433477
b_ps[13];-0.000884113662115278;0.02295686281795533;0.00038911876031574475;3503.6048657677106;2553.2803978336465;0.9999915012583329;0.08516734075162895
b_ps[14];-0.005054374088523736;0.023128444047861026;0.00038811764752888007;3567.739869399205;2492.557990241882;1.0004236847427503;0.08672636578945768
b_ps[15];-0.04327497617576684;0.022996247477814816;0.00037547843295033763;3758.8010440748367;2902.7621389370124;0.9998914602370764;0.09137077427484219
b_ps[16];0.017453673321075378;0.022111988416754758;0.0003715126829647883;3542.079844451812;2747.974014807674;1.001304938899151;0.0861026093522685
b_ps[17];-0.04236956792444876;0.02250505631259287;0.0003697360341183355;3725.5355151373515;2965.144308183204;1.0006650310541083;0.09056213952667656
b_ps[18];-0.007892195708807597;0.022416791744489198;0.0003668089376108148;3738.7108547437156;2978.1823903661098;1.0007597733427482;0.09088241212611758
b_ps[19];0.0011639027112724577;0.0222918969815509;0.0003825702514191617;3400.558085217057;2896.2391765224165;1.0001006540168436;0.0826624292080172
b_ps[20];-0.01666997668657878;0.023949072156087242;0.0003760381193777479;4047.356646849658;2948.1327203575966;1.0004960659830164;0.09838512500469537
b_ps[21];0.04098548967061085;0.02262846716950235;0.00038513102974188635;3459.52483295624;2936.967598895663;1.001404942619078;0.08409582175373109
b_ps[22];0.05936077005658773;0.023434107857213147;0.00039254913887844586;3573.282085741514;2913.916895228994;0.999657062352692;0.08686108869510169
b_ps[23];-0.0266600856800962;0.023119833684217658;0.0003788340579528376;3725.1065547051653;2428.902060926939;1.0024506852769077;0.09055171214667891
a_e;-0.012576927034203269;0.054099671316555006;0.0027556572730775266;386.03614180129324;600.3160953276806;1.0029638442542987;0.009383955351948838
b_e;0.034138260441013375;0.012995521303910861;0.0003287403604371923;1567.1398452270053;1983.349039555049;1.0006240547608998;0.03809480187334356
σ;0.9696252403771365;0.0033927482529297636;4.632778913497251e-5;5445.408543512218;2072.593669595976;1.0012073817256315;0.13236965432045517
