parameters;mean;std;mcse;ess_bulk;ess_tail;rhat;ess_per_sec
σ_aw;0.0293784119290042;0.011189354722470476;0.0002663247001563928;1691.2901019535275;2550.1361038768027;1.0016916013113863;0.09541722711354104
a_ws[1];0.0004808966474401417;0.01962386244182537;0.0003149174484078587;3963.00284863218;2914.6242972321925;1.0004701179003328;0.2235800602290388
a_ws[2];-0.013218048812040082;0.018572395270396988;0.00033010370894155075;3206.995879362834;2652.773269442139;1.0009822917971558;0.18092854313988177
a_ws[3];-0.010605058519614489;0.02001024061661706;0.00037326888676050997;2940.686358835667;1940.2858998605302;1.0003704612761448;0.16590420404318365
a_ws[4];-0.008801165828831108;0.01824209097949291;0.0003476473737628574;2787.6091557317627;2147.875831366195;1.0014113253166936;0.1572680734127259
a_ws[5];0.04376219315140574;0.015876427596935725;0.0003133121685562469;2613.586447639609;2589.294090616987;1.0013562180475781;0.14745026377630507
a_ws[6];-0.004273570131402435;0.016366533270308528;0.0003115184553132652;2818.119543270629;2375.8928667818554;1.0024494544229272;0.15898937277689504
a_ws[7];0.020752231183619522;0.0216453289891879;0.00041528684438299794;2907.63700748948;2196.0352059779525;1.0013941934891024;0.1640396643880932
a_ws[8];0.004579847991224172;0.014275630238990212;0.0002598152643952908;3055.5273275091067;2849.96593856117;1.0013570803360101;0.17238316751443902
a_ws[9];-0.03296548950153161;0.020009702173092232;0.0004251010721854173;2274.3751698081865;2465.3433174718466;1.0031631819225033;0.12831303859008172
a_ws[10];0.004215294896916557;0.023838325165939474;0.00045875088981589714;2897.1738611426745;2282.9535541830137;1.0014555151575828;0.16344936683349734
a_ws[11];-0.0030273144713434622;0.022732418936266718;0.0004224943886867468;2987.271469962177;1769.1717649273523;1.001179088902691;0.16853238836433207
σ_bw;0.013612403772985927;0.011270102835573717;0.0009216943329596585;118.94695674023718;279.35492412425543;1.0338791927639572;0.006710610304310533
b_ws[1];-0.0033677833233186527;0.01287496054812851;0.0003436488349520661;1853.8930828383438;1245.8087496733308;1.0118041724233702;0.10459077193503828
b_ws[2];0.0026415211519159837;0.012142228508240765;0.00023358947694171342;3075.3811023202156;1534.4692085774388;1.010519261459902;0.17350325456397864
b_ws[3];0.0078666660305391;0.016815030891797953;0.0006160333379114177;1165.8061681103725;1079.4891576846962;1.0151880293548599;0.06577108905472148
b_ws[4];0.0003471249734817087;0.011898203838622336;0.00024155923842716969;2884.069994955929;1512.9423886918228;1.0123087224336356;0.16271008823512917
b_ws[5];-0.005291095747501516;0.010348483297827012;0.00040531221488727633;1020.6030173727456;1533.7233184630222;1.0136875949219353;0.05757918750245036
b_ws[6];-0.005358561671217966;0.014057066418941737;0.00046426197017537476;1448.980401455557;1181.266037345752;1.0115711567324943;0.08174688179695488
b_ws[7];0.0048930173670719375;0.014140921728794185;0.00036815742100842016;2311.7099356416797;1337.6039867586308;1.0200805079422808;0.1304193477481916
b_ws[8];-0.007793136817247838;0.011326260133246509;0.0005875454293706358;543.6907884083896;1051.5513696023395;1.0139193988246795;0.030673311087898135
b_ws[9];-0.0033320080578189107;0.013542270851502038;0.0003882799889448966;1982.491910352334;965.2565462966471;1.0210256983912311;0.11184591019740046
b_ws[10];0.01064294071484328;0.019647727761712072;0.0009054163447434627;623.558799005392;914.174644145652;1.015642332939064;0.03517921110909407
b_ws[11];-0.0007373551937110203;0.01351633414122671;0.00029314643428095044;2660.8781695937737;1455.659220793753;1.009868164806197;0.15011831284079075
σ_ap;0.22075828101898595;0.03602152688936756;0.0006724829403300204;3560.6999636378755;2360.5729819200337;1.0015002317222612;0.2008834065316064
a_ps[1];-0.21711977753026152;0.05015519799757332;0.0024972798215865074;405.73413021630716;1168.4136422307852;1.0126177832136718;0.022890233677739683
a_ps[2];0.2343696936096378;0.0496380553134468;0.0024247645105113145;419.5043851306963;1180.5647290908637;1.0124875567340528;0.023667107816043916
a_ps[3];-0.17639844399823995;0.05013042037417187;0.002556021309598934;386.7756267411294;923.4949830278387;1.014509568503399;0.021820654999466546
a_ps[4];0.2607689598230215;0.05004193146117045;0.0024289928861206326;427.4352225794225;979.8586911622677;1.0116298326635935;0.024114540528605535
a_ps[5];0.15264266427752332;0.050597097050093416;0.0024211774710801745;438.2006906348304;1051.2292560066987;1.0098045077939406;0.024721894115810914
a_ps[6];-0.5954905395065102;0.05162440566140651;0.0025332182828948784;418.61650850917187;1179.1328001935856;1.0120427220233679;0.02361701663112718
a_ps[7];0.01475166167969144;0.05036500179800918;0.0024773301723601906;416.26084762306556;1171.9655889395194;1.0130848182289034;0.023484117710053574
a_ps[8];0.08852886916184095;0.05027884603730155;0.002493602103329824;411.00168962086013;996.2596806493082;1.0117041268186278;0.023187412684142993
a_ps[9];-0.05515190145877724;0.05059124427088483;0.002404287035929525;445.94707826834167;1055.920782705746;1.0117531432017888;0.025158920754400314
a_ps[10];-0.05498268741546888;0.049973697174390944;0.00238154167202005;445.006636724113;976.4345944554798;1.0113113948686365;0.025105864023145852
a_ps[11];0.12253320235248791;0.04999792974342012;0.0024292469625227567;425.2555340891347;877.3362244759265;1.0106997184789688;0.023991569412370458
a_ps[12];-0.03787150728440922;0.050337852255732014;0.0024638910799851138;419.4966851895535;1043.006375003455;1.012492449598083;0.023666673409769124
a_ps[13];0.08355852297047978;0.05074415797446293;0.0025854484411831705;386.5745062376252;1159.3769326475008;1.015165715696989;0.021809308418097754
a_ps[14];-0.025952930383606222;0.05016107894574206;0.002414265975513144;440.65491245255276;1194.8006481080508;1.0119341430495332;0.02486035353226356
a_ps[15];-0.21817703605382213;0.05055468552827831;0.002446680811765097;428.49218326505155;1020.6980984075558;1.0126335132293762;0.02417417090051764
a_ps[16];-0.09919276671016963;0.05006128358599124;0.0025582978677342674;384.5410652400226;716.5244998590507;1.012693162554351;0.02169458812187765
a_ps[17];0.017928749107090147;0.049829233072540266;0.002455788530219078;414.62389355004717;1145.7665821006003;1.0116756818695483;0.023391765949477894
a_ps[18];-0.00724010716840207;0.050297541068212825;0.002528070133664647;399.26148978250814;1104.2239907624942;1.0134229404236896;0.022525067819095607
a_ps[19];-0.11967664141693438;0.05042092229530007;0.0025310526579690245;396.80682323603617;797.6014082077619;1.01214942645071;0.022386583312456448
a_ps[20];0.16739494981569084;0.05089283126027036;0.002442306135095091;436.80274838746783;692.7500933987143;1.0110799586067303;0.024643026644905634
a_ps[21];0.4556593757005862;0.050452906533326715;0.002432934494144569;433.52824466587185;927.7077396952875;1.0147425243547845;0.02445828952326886
a_ps[22];0.0657280778813258;0.050156306050456755;0.002449223185973148;418.148176972552;1072.0559242976185;1.0121588263925563;0.023590594850178732
a_ps[23];-0.12669473134136952;0.05066502601962968;0.0025484759983599127;399.0310469920136;864.0875868249847;1.0131840249727009;0.02251206696722998
σ_bp;0.05187698252999523;0.010372114522840996;0.0001965334404078851;2875.4188724493806;2878.2087327573463;1.0009298379030465;0.16222201932250388
b_ps[1];-0.012242880815274687;0.023362106325387325;0.0004379364891490502;2863.4145676969088;2758.358187778949;1.0002403428722113;0.1615447744952659
b_ps[2];0.07570080417817293;0.02393332460127069;0.00043187447232211133;3090.6689057796743;2701.414735598909;1.0017264798749734;0.17436574398142005
b_ps[3];-0.03451919301862695;0.023768896184526007;0.0004364836358049116;2961.597298846054;2418.8500413465185;1.0001014589810768;0.16708393300264726
b_ps[4];-0.0072517143812521005;0.023220055014648015;0.0004121150836582624;3173.456602565939;2722.919859534585;1.000451996953492;0.1790363634436506
b_ps[5];0.03437338048212895;0.024202190539542298;0.0004714652713353838;2636.589161507279;2445.9611273800624;1.0010791514688948;0.1487480039870496
b_ps[6];0.028298589910621088;0.023831069825342843;0.00043767490515522647;2983.4406667282587;2646.3983668234396;1.0004012020944604;0.16831626658736673
b_ps[7];-0.024171085700023732;0.023482780181297905;0.00043931553284350333;2863.3665093236896;2509.3341314634717;0.9997277934562979;0.16154206319416692
b_ps[8];0.03395652847498224;0.023223140350232648;0.0004583777314241344;2564.9001581474754;2439.3887013354597;1.0018984089608598;0.1447035376313222
b_ps[9];-0.04923888943671311;0.023610609951027525;0.0004527691664904528;2698.718570442926;2693.7171929051483;1.0007112211561597;0.1522531483239054
b_ps[10];-0.07034018575521389;0.024745321144934614;0.0004453124877314922;3096.4935491755277;2695.0004948960395;1.000138233825132;0.17469435190096952
b_ps[11];-0.08847714389360922;0.023613551845349037;0.00045035851140011717;2751.7305025671376;2600.7267159896687;1.0007528932251892;0.15524391351633512
b_ps[12];-0.0015287560897886947;0.023129241356467968;0.00047241866405707176;2402.5136836308907;2376.641760252427;1.0010110309722906;0.13554220741291714
b_ps[13];0.009027489976245974;0.02391466922671527;0.00040797622664930663;3432.962868966617;2628.7648759916387;1.0003107630611392;0.19367688450502255
b_ps[14];0.05865248990841128;0.02372892456421996;0.0004506125371110512;2795.855664142621;2635.94577179804;1.0015701752596842;0.15773331528047155
b_ps[15];0.023901316099706974;0.02334705600140644;0.0004704206365650072;2449.447814258918;2449.6943428160766;1.0007746768655263;0.13819008230814556
b_ps[16];-0.030522832560638202;0.023785834933727656;0.00043673601765040155;2971.279967419251;2685.2739982207545;1.0012413251428323;0.16763019847493185
b_ps[17];0.030406920821854297;0.023805151655721418;0.00046237871796038667;2638.1086627294026;2465.8942080488146;1.0012960246594644;0.14883372943003728
b_ps[18];-0.03082404412363462;0.0230762302024012;0.0003986800615425208;3361.2901633185515;2948.9649475531696;1.0002310065217181;0.18963333761453685
b_ps[19];-0.053118860349414224;0.02339498290239023;0.00040722952700808057;3312.054807166503;2816.6528999010293;1.0013056928119188;0.18685563486883416
b_ps[20];-0.017290371878483164;0.023619244482368868;0.000481081455216436;2407.0903156763798;2720.568432292889;1.0012149986455259;0.13580040648757333
b_ps[21];0.07509447600182628;0.024113248851947888;0.00048304355026677095;2506.1383593371183;2265.051110666563;1.0016372870762016;0.14138838318430463
b_ps[22];0.013385757121688583;0.023797272353506125;0.000469943038721762;2561.5837187668662;1557.980351885733;1.0010931406433186;0.14451643463271635
b_ps[23];0.02816191654621995;0.023292725130521087;0.00044434956367205675;2752.0946536557935;2413.2586366869905;1.0007828285474605;0.1552644577666029
a_e;-0.005058838377618335;0.04652472051056724;0.0024078872537776417;376.0107958112464;964.229426079406;1.0119698877248526;0.021213337356863954
b_e;0.027791005579737956;0.014485734443964716;0.0004604370077911388;1000.1775963779331;1614.625839609899;1.007733778404774;0.05642684998702318
σ;0.9801041474592044;0.0035523484377607707;4.9072478569856006e-5;5273.244201967164;2328.335963781998;1.0016446424439147;0.297499724655806
