parameters;mean;std;mcse;ess_bulk;ess_tail;rhat;ess_per_sec
σ_aw;0.043085681395927604;0.013861238410948577;0.00027185564081248727;2928.6291240359715;2711.740670869465;1.0010125700762147;0.10424671477273924
a_ws[1];0.02373418168008898;0.02502621534304488;0.00047894048554795294;2764.0759205011445;2540.942305643034;1.0010240636204244;0.09838932206532966
a_ws[2];0.028115494348700264;0.02256715486443155;0.00044335101755858244;2640.815987056853;2770.554656354701;1.0007037819727906;0.09400179377804488
a_ws[3];0.018323143057341885;0.02533619591919636;0.00047721431945027667;2889.785539639843;2364.140265285102;1.0010263442969967;0.10286404872258618
a_ws[4];-0.004728025757561124;0.022927698987961723;0.0004691422578204245;2438.537016674834;2599.5675479498327;1.0033681364275584;0.08680152456099986
a_ws[5];-0.07237519145473909;0.01871412644559136;0.0004334867055581259;1883.061767615341;2013.8731754172604;1.0012811821754308;0.06702897317278592
a_ws[6];-0.006307804618334013;0.020897041068754757;0.00046619562574851136;2033.6679182174655;1919.9715615708724;1.0018265427789803;0.07238991023920534
a_ws[7];-0.01861907639075637;0.02552933335868113;0.000544037972130202;2326.431333112254;2239.1757729986366;1.0010877858468925;0.08281104002923172
a_ws[8];0.01661075645346971;0.017878612118269733;0.00043447760749723964;1741.0286891531111;1915.5911290369856;1.002565768788897;0.06197320093545283
a_ws[9];0.04464653498726662;0.02314329387388481;0.00045495109731588803;2682.7110390378275;2186.509980657962;1.0010981882091665;0.09549307906862853
a_ws[10];-0.02442275792769184;0.029014800242644117;0.0004943368211527477;3473.5239325236794;2916.3660825035586;1.0018442609862448;0.12364264757125046
a_ws[11];-0.007225293234053787;0.02897727211374863;0.0005002658479841972;3367.9205482293837;2810.6859199134924;0.9999375831246647;0.11988361718013282
σ_bw;0.024444303391308906;0.011097580682357435;0.0003932305337566306;700.0034632650082;747.3282664925447;1.0064981976842498;0.024917139823547235
b_ws[1];-0.0006074777539232464;0.01803140977641332;0.0003258982235401519;3205.844899667654;2218.474070431316;1.000896846151423;0.11411441487023534
b_ws[2];0.011348100244002882;0.018081566984783654;0.00031482893099635376;3431.6796884724945;2262.737176017827;1.0010582980398073;0.12215317082642
b_ws[3];0.0035037730329775495;0.021283476945514038;0.00036324946201931664;3685.2807938132196;2219.5621546239004;1.0029436223625068;0.13118028930910203
b_ws[4];-0.004586029581796693;0.01761746633044966;0.0003070198136591217;3600.5972133792447;2570.5035667293314;1.0011201252343909;0.12816591477359615
b_ws[5];-0.031230976561866974;0.015321657700304483;0.00040510826545129864;1450.2122958284724;1289.0317990312544;1.003199986719416;0.051621376814967854
b_ws[6];0.005463877631720513;0.018999021902681087;0.0003137087492115622;3927.85845021324;2279.2973378474594;1.0009013616064926;0.13981501999228355
b_ws[7];-0.012798023956123497;0.020406505574238704;0.00040853931899573106;3046.151452987934;2192.388727698959;1.0023350665965358;0.10843000879420947
b_ws[8];-0.0028650048513955387;0.013698079407245278;0.00029003057834691044;2620.8958719149114;1895.4607374455325;1.0006482368540068;0.0932927225800571
b_ws[9];0.02163056265271348;0.02093220985738299;0.00042638738142566945;2572.5022651408776;2298.52214765759;1.0013557883278812;0.09157011643618168
b_ws[10];0.008704045607886722;0.021909273010922978;0.000356448239347604;3998.961155653061;2220.1750082851363;1.001317272160947;0.142345973260733
b_ws[11];0.002947207592607793;0.020813468428540906;0.0003240491561162342;4332.635446130689;2588.5860732795527;0.9996803405535708;0.15422335585620509
σ_ap;0.24415675626516736;0.04124472147553823;0.0006837255003196471;4265.590599963362;2661.1008489010137;0.9996676490957039;0.1518368450829476
a_ps[1];-0.1042647783623823;0.05550856097851458;0.0030694448461081204;328.2544276670028;652.217558043232;1.0165487457076754;0.011684458579286634
a_ps[2];-0.22396284298638067;0.056244983587497945;0.0032790870249068036;294.07319510244184;770.2899306003926;1.019936499718181;0.010467752383034696
a_ps[3];-0.13774629261262142;0.056887937557904444;0.0030907969342669392;341.07258646573354;734.9240130647946;1.0174381443486307;0.012140730400541167
a_ps[4];-0.13849196640411512;0.05671237870880831;0.003291541667844704;298.29878806084645;653.2109251474285;1.0178086099601698;0.01061816548255118
a_ps[5];-0.13353432905162166;0.057082498203119676;0.0032490769649374408;309.4750203384398;753.9887056927229;1.0198919272760227;0.011015991717670546
a_ps[6];-0.15793635569248518;0.05624643015387962;0.003005243796931854;352.4759095820931;766.9227943924493;1.0159358116671264;0.01254664010164196
a_ps[7];-0.07683106426097396;0.05661710516528628;0.0031898155068001695;318.0176302425032;710.6301202301054;1.0170281990586965;0.011320072220993689
a_ps[8];0.3062108363415018;0.05638170155795304;0.003278686633711176;297.3711040660893;704.1677134185597;1.018044541862207;0.010585143886198477
a_ps[9];0.03395153277998712;0.056519241857034525;0.0030637437194532733;341.16140360930046;656.8592227706192;1.0172361798469898;0.012143891912306642
a_ps[10];-0.03292151029448289;0.05659045049064692;0.002973240453325376;363.74397860751674;629.3095071176516;1.0166059227774864;0.012947735333568789
a_ps[11];0.22240290104208002;0.05649655644125746;0.0032808879125709187;298.4724935045654;659.7214575629392;1.0178076463156034;0.010624348656001594
a_ps[12];0.3943160689794598;0.05638904873693785;0.003155950578070259;320.27885915154275;701.1787758627323;1.0176320599151243;0.011400562332623687
a_ps[13];-0.08792142883572761;0.05587671975650996;0.0030012800260083906;351.910551148864;774.8374960871779;1.0172904546077193;0.0125265157510202
a_ps[14];0.22962984651994967;0.0561340982155872;0.003076948980440066;336.6822397510812;618.0904341086759;1.0182062008891348;0.011984452769495465
a_ps[15];-0.11398893692330983;0.056155974167258545;0.00314526257913398;321.0050347319091;612.9097653273737;1.0176374256479466;0.011426411088268465
a_ps[16];-0.0208915369772239;0.05602668347293223;0.0031144682708248673;325.34187561829793;661.9703846348912;1.0161886523307904;0.011580784139873948
a_ps[17];-0.3583414892055466;0.05582982986130733;0.003199327143956926;305.8808335753501;570.8962255730514;1.0190069684249836;0.010888053987605424
a_ps[18];-0.06914949170392612;0.056278261955348054;0.0031238406923591497;326.81234955855484;614.7528811754994;1.0180022735244174;0.011633126744873878
a_ps[19];0.6531087179766534;0.05670551466781633;0.0033191454549067745;294.1490102317844;594.3898247410523;1.0195523650972298;0.01047045107850937
a_ps[20];0.08248058555988927;0.056396761125946056;0.003067977063186003;340.24950555347215;713.1149577971621;1.0176541417618048;0.012111432228098918
a_ps[21];-0.1114313862285226;0.056268818905717055;0.003322538905323228;287.787666993159;762.3465432990483;1.0198089307660612;0.01024401437174925
a_ps[22];-0.254386078642331;0.0562668054947534;0.0032220751541509472;304.3285122341254;646.4354768644519;1.0189237299619458;0.010832797963970969
a_ps[23];0.046014741955716545;0.0559826004951233;0.003270447637672689;295.9308901577484;606.3207728893017;1.0192863587703702;0.010533878409364171
σ_bp;0.043660735002340176;0.008974164247940286;0.0001822397956780149;2446.532905171864;2573.6131651195296;1.000984647176528;0.08708614411240137
b_ps[1];0.0152187603901906;0.02254800941396817;0.00038737437751851315;3390.1989679366725;2581.2521349195745;1.0011985547317;0.12067663396937124
b_ps[2];0.043791251646491815;0.0228756909938527;0.0003960943452060339;3386.063666534158;2343.607583190806;1.0002915957175968;0.12052943486441488
b_ps[3];0.04570212909056785;0.022583093916995905;0.0004076742192961104;3139.9437549058516;2450.216709047266;1.0014133034079613;0.11176861499247102
b_ps[4];-0.02604376500033895;0.021893514262689012;0.00034985724510675436;3866.795610097422;2629.6149508476633;1.0007567876761254;0.13764144313868915
b_ps[5];-0.02152929305388242;0.022127552065052878;0.0003999539013042629;3052.7749419197717;3009.7812303992664;0.9997411979083015;0.1086657767703628
b_ps[6];-0.04478295901445038;0.023224730359749444;0.00040430180486806947;3306.312521653463;2626.21404889848;1.00267208952938;0.11769063401218546
b_ps[7];0.02675095116150683;0.02184933130173097;0.00038584603317531744;3217.2511052296027;2430.0599578612414;1.000661011970913;0.11452042717411391
b_ps[8];-0.03946098555590619;0.02246975587666486;0.00037762024658660883;3546.022406932943;2707.6565281701523;1.001464731744869;0.1262232842661372
b_ps[9];-0.06053755395276491;0.02261109668886764;0.0003993516773106678;3196.0831454651097;2691.3548131670273;1.0000154835669166;0.11376693802597321
b_ps[10];-0.009321098643879875;0.022427561622477103;0.0003859563418217063;3367.9644389353266;2809.674443045907;1.0007068120218248;0.11988517950219882
b_ps[11];-0.005720191766559691;0.02252463207028536;0.00040427994414783534;3097.3758698087663;2094.550829900906;1.0043145614373887;0.1102533797106204
b_ps[12];-0.07241840608552713;0.023233592877574382;0.00040713581584000307;3303.650232677944;2575.6818462876777;0.9998301724960218;0.1175958678715377
b_ps[13];0.010464478020839881;0.022137421762180556;0.00040310495106442507;3025.4373403250615;2590.081202631846;1.00067864889273;0.10769267466855514
b_ps[14];-0.03928819742604114;0.022384785992912725;0.0003849410011914535;3365.27365475504;2880.0804793856037;1.0024310724177745;0.11978939905371008
b_ps[15];0.03481853253698615;0.022762322381482215;0.00042831140570242897;2851.085802991529;2370.346544918934;1.0008236574209155;0.10148650303916514
b_ps[16];0.01187312763998969;0.021888784442027277;0.00034957645313222384;3898.661684979488;2595.195314374688;1.0020342692384137;0.13877573958882466
b_ps[17];0.06478888317248312;0.022875002490409514;0.0004302563372815712;2864.993474294347;2520.180254372153;1.0014642196584893;0.10198155686197895
b_ps[18];0.017720855828658497;0.0220632288730783;0.0003964195028349656;3109.502909353078;2773.603556687798;1.0014591684672642;0.11068505063202112
b_ps[19];-0.016780534680255477;0.022164456033280048;0.0004000796105258673;3054.6763759008445;2832.8150338033447;1.0003128641938643;0.10873345971603089
b_ps[20];0.023606202315363915;0.021985868864104047;0.00040197336241001684;3003.031033494698;2377.0569924517245;1.0005531478227236;0.10689510564280004
b_ps[21];0.03277618179110695;0.022541894536120415;0.00036408771371366117;3869.5787919497116;2512.9324131116996;1.0014725111269727;0.1377405125504952
b_ps[22];0.01878572918721003;0.021412600131543932;0.0004001699094197642;2869.481656161638;2265.896739391617;1.0008750440920766;0.10214131700747764
b_ps[23];-0.004800443562644516;0.022118407747259584;0.0004265609577268981;2708.385802784434;2914.232915549813;1.0008552971255436;0.0964069912301867
a_e;0.008742184927977768;0.053979211809957246;0.0032496529564424717;276.8639379422718;605.0115943853077;1.021384000447473;0.009855176175312418
b_e;0.009472464200913808;0.01529376670073543;0.0004491724584152824;1177.5957155940603;1837.008215625112;1.0027275702957634;0.04191738847148948
σ;0.9734664527955104;0.003596850819067367;4.3693922445121904e-5;6796.899401595112;2792.211270967605;0.9997493321842202;0.24194064978791924
