parameters;mean;std;mcse;ess_bulk;ess_tail;rhat;ess_per_sec
σ_aw;0.06035658049719656;0.017581765587844574;0.00037303592912821975;2406.441013638934;2748.8537976809016;1.0008591536294102;0.16433384151662403
a_ws[1];-0.01741856821043263;0.03059571347638698;0.0007116692279046233;1851.4642210392467;2452.132407496863;1.0011638954605728;0.12643494112239842
a_ws[2];-0.02818620442167599;0.026992266541410095;0.0007404912903568242;1329.8342090793474;1807.6859502147508;1.002286051431483;0.0908132644513763
a_ws[3];-0.009370698178544447;0.03272383195178929;0.0007518143919307063;1904.3133368508913;2372.2943829942847;1.0011504932377584;0.13004396298200824
a_ws[4];0.06258920465135095;0.028967288279429314;0.0007058048935539401;1695.3528744792743;1898.4295253951877;1.0014656118851932;0.11577422800326001
a_ws[5];-0.11037140619680026;0.02318542177400821;0.0006974456506680469;1113.1253809452849;1626.8159115278563;1.00095552812375;0.07601440006367861
a_ws[6];0.02078053851789;0.02602609489643924;0.0007201932448393138;1304.9666796907995;1774.1520105322506;1.0005048809164006;0.08911508169506265
a_ws[7];-0.026923247359231225;0.03246860718669128;0.0008018822195486132;1631.1994939092315;2059.303671861634;1.0021527589623875;0.11139324737020016
a_ws[8];0.04802704093182094;0.022367314525081068;0.0006798786724713361;1089.592325464859;1197.8782571407776;1.0011686546052998;0.07440734741297837
a_ws[9];0.0259696719784681;0.027707315056582697;0.0007077234805166254;1533.59389615323;1978.5104684810883;1.0002633642794876;0.10472784284049796
a_ws[10];0.021602714713556074;0.03720825950559147;0.0007801940907049596;2284.3239154478215;2501.1410725888195;0.9996028521920197;0.15599456714967738
a_ws[11];0.01056612319100499;0.03714554422055961;0.00079807456515925;2179.9713718750013;2653.6349608135974;0.9999854958984737;0.14886841934046063
σ_bw;0.04599927046712108;0.014234126025632862;0.00031876739399023206;2132.4735930920106;2672.547603730275;1.0016290002049968;0.145624835804992
b_ws[1];-0.009376007165290539;0.024138950989979886;0.0005140018127751008;2198.548371189931;2734.622372472791;1.000837705212229;0.15013702706613172
b_ws[2];-0.03676866070840619;0.025596068369267352;0.0005369487296378887;2279.301785937675;2375.133915430199;1.00133915607884;0.155651610131276
b_ws[3];0.0063490729724876155;0.03415044185874839;0.0006683872335375867;2618.8811141862107;2703.0792582577806;1.0009757895854268;0.1788411980723206
b_ws[4];-0.01731147111048873;0.024962741169608345;0.0005734661739643671;1895.316892225316;2272.6765387204387;0.9999005899442046;0.1294296033127152
b_ws[5];0.08829740129221239;0.019333541448359484;0.0005983546359190949;1039.8251366320605;1910.68074887783;1.0006957075904124;0.07100878776575482
b_ws[6];-0.005553528785153047;0.026869330746598592;0.0005599926805388012;2314.7014856942324;2649.3569202435483;1.000526073484737;0.1580690259817204
b_ws[7];-0.01933993465617233;0.02782675323045114;0.0005895307758991898;2255.5194961422485;2155.5053489934885;1.001728751537775;0.15402753747792886
b_ws[8];0.010490136050517138;0.019417860916382763;0.0005816936158053412;1105.745614041042;1859.3033158579656;1.000782214984068;0.07551044196206796
b_ws[9];0.008832397817223999;0.02649252854823569;0.0005816592605677396;2084.6671243548094;2821.5721171041387;1.0010077878043429;0.14236017209106672
b_ws[10];-0.007686649850938374;0.03397704548822981;0.000636474527686442;2870.519247949861;2458.846165243074;0.9998335917972873;0.19602535548946948
b_ws[11];-0.015902352629021854;0.0322408614685898;0.0006016117150828241;2927.8043146402056;1862.0761488919643;1.0001089520406206;0.19993730471964197
σ_ap;0.16414708716369777;0.026267970838110347;0.00048355955023556295;3240.4909545198425;2513.4099289145006;1.0000515465880662;0.22129041349359999
a_ps[1];0.02234472484471706;0.0413444417431172;0.0019010370233532548;463.3677313026217;1003.0566140524558;1.0136293952941426;0.031642994317428084
a_ps[2];-0.03894746775012686;0.04139212566056808;0.0018642779125266672;488.7076319010453;971.4161507424998;1.0139770256497014;0.03337343490807086
a_ps[3];-0.23782637050206099;0.04097433556219136;0.001738077909212077;553.1994039515852;1052.4925295998396;1.013281307739179;0.037777524011943585
a_ps[4];0.050176701115610914;0.04121200814538521;0.0017940760986688922;521.3800071763043;868.0022356467091;1.0121677813290741;0.0356046040537201
a_ps[5];0.07293620533629157;0.041176312572418106;0.00181933423512542;502.03691458998946;994.8393955513806;1.0127111925732395;0.03428368046012073
a_ps[6];-0.3202939152741186;0.04150780809931196;0.0018245235282702008;512.9683699955635;1070.0571560677142;1.0129526193039486;0.035030180395080365
a_ps[7];0.042319967297459814;0.040619686136867734;0.0016414825397277418;599.4494666671359;1033.044844244082;1.0134707092945137;0.04093590206208249
a_ps[8];-0.002897248674679199;0.04091263524940659;0.0018914435116806126;463.26732974142317;906.8578362378458;1.0126622549490787;0.03163613797889641
a_ps[9];0.08743876365204697;0.04119768210501335;0.001821184615940051;501.21990262007523;1238.6919556119285;1.0153557557279156;0.034227887396912404
a_ps[10];0.19622017007494336;0.041027597226195846;0.001831213935287925;493.39214580372214;1107.5464161997531;1.011553275370164;0.03369333643937863
a_ps[11];0.34378680885451185;0.04173543477992748;0.0017083766399991506;590.5278925413538;1091.88926421148;1.0143901711186014;0.04032665523651909
a_ps[12];0.17007723241294315;0.04116788055447136;0.001776066910839924;531.4873660385193;1038.6662504781127;1.0143568777441574;0.03629482712588392
a_ps[13];-0.11115927608165886;0.04130195735500686;0.0018868994293392005;478.5091851002536;992.9067635638206;1.0134222844503904;0.032676991516864394
a_ps[14];-0.09172377152324673;0.04194775692212581;0.0018646571892621457;504.089427710578;927.7404476289738;1.0150934656563606;0.03442384486222238
a_ps[15];-0.2689259678536962;0.0412781309870794;0.0019026019468518852;467.89229296970933;936.8232951453786;1.0145347549538524;0.03195197284452151
a_ps[16];0.04600969010638055;0.041280365503285954;0.0019376593047601722;447.55904953866695;879.8797336777244;1.012916596675139;0.03056343267895018
a_ps[17];0.012281953277455297;0.04095404628775439;0.0018555725427616362;486.96764670850945;848.2056869998654;1.0136356752950542;0.03325461277644542
a_ps[18];0.08823849719103395;0.04152486013958154;0.0018721657741750924;485.8923704271943;1060.9747131523582;1.013496730685448;0.03318118305969827
a_ps[19];0.13244948789651742;0.04121575225483528;0.001960151817225639;439.6452795058791;1035.00323618452;1.015537858308895;0.03002300795089894
a_ps[20];0.09068456881759433;0.04215098314798173;0.0019605913693560638;457.46060934324385;947.2645955354499;1.0133680281162603;0.031239601905816945
a_ps[21];-0.06300766227072223;0.041500182067694756;0.0018478943704034754;496.99932502363265;1089.1250116259043;1.0133954984901832;0.03393966768742798
a_ps[22];-0.08244023704448458;0.04127378187060699;0.0018713711790898082;473.4568628132711;1089.1124349442925;1.013655337955097;0.03233197265901822
a_ps[23];-0.13564296110483118;0.04125989544886139;0.0018054736229755478;519.1809027078818;1064.6478951918284;1.0145515598752868;0.035454429051239675
σ_bp;0.05545540374667079;0.01099561160693095;0.00022963641365532914;2296.591680871738;2652.6542217607744;1.0005782581677027;0.15683232257667973
b_ps[1];-0.019419915108438206;0.023205793849080496;0.0004781861603784907;2350.26546512926;2828.158014189445;1.0028464261201009;0.1604976603538294
b_ps[2];-0.03302624536787472;0.02407184815501084;0.0004946224848022337;2368.5675762202027;2706.0551179941726;1.0017214024752212;0.16174749619289303
b_ps[3];-0.05358944958506769;0.024025163538445436;0.0004990033989691786;2310.466463966401;2828.1786055633843;1.002492572532333;0.15777981989459985
b_ps[4];0.04147097431579694;0.024108012153518786;0.0005158085697877593;2188.010067155439;2428.550510219637;1.002686462889802;0.14941737510905365
b_ps[5];0.013598193917739601;0.023649518415150873;0.000490778184330985;2303.084749315029;2245.085520822662;1.0032602444105587;0.15727572878296892
b_ps[6];-0.08130335156463395;0.025205294581040396;0.0005125775513369313;2418.555934200352;2420.3015359208425;1.0019425082111753;0.16516115929596825
b_ps[7];-0.009102797644735695;0.02325715372039721;0.00046096105153558897;2535.892039345188;2653.359994588919;1.0013606672278914;0.17317394365168842
b_ps[8];-0.010095919433361404;0.023697659684569033;0.0004928847689091685;2312.791098837915;2405.415023933371;1.002853463800974;0.15793856726318037
b_ps[9];0.03009963461951334;0.024142155117392892;0.000489525807064075;2432.443987614074;2749.8249536733924;1.0010773635519048;0.16610956283286352
b_ps[10];0.046860318257214074;0.024204278461001347;0.000518498332257411;2178.469111070363;2523.04968440258;1.0016799224632271;0.1487658312081994
b_ps[11];0.11436252344189984;0.025607319036391192;0.0005380158834125611;2273.7614423369478;2633.0665270616623;1.0008153822693318;0.1552732647066139
b_ps[12];0.04347623603769251;0.02433269341238774;0.0004693999142478473;2696.5027422718485;2487.071675776917;1.002926274197203;0.18414191404906444
b_ps[13];-0.01948875559728392;0.024456429305188473;0.0005246564568152187;2178.4025038611344;2612.892227918782;1.0017784953006095;0.14876128265766222
b_ps[14];0.012882031798133471;0.023661110345170315;0.0004933540532685837;2308.4659847101757;2985.6638023667456;1.0008913444682153;0.15764320884151914
b_ps[15];-0.06458744089298525;0.023948360569190624;0.0005441376216622499;1945.0227106683633;1962.7983975815923;1.003050976080255;0.13282397202741805
b_ps[16];-0.04567345396867327;0.02420168787123657;0.00046268912269558125;2737.3544695780197;2715.7609532017136;1.002280783472446;0.1869316442950018
b_ps[17];-0.0005003467670809882;0.022545574677258016;0.0005052691914873177;1991.9411953671981;2446.281545464486;1.0029139002463303;0.13602799605501692
b_ps[18];0.03251528219192364;0.02421088125895925;0.0005207001396352748;2164.25823799679;2394.770951249507;1.0023046984751125;0.14779538258708233
b_ps[19];0.032766795992854446;0.024217737332303813;0.000491329822099315;2430.2649601453813;2811.3592222549023;1.0022035656755566;0.1659607588718809
b_ps[20];0.04637173528889229;0.025348029917271885;0.0005307470144760077;2275.93952638746;2328.2344767035042;1.000821747380029;0.15542200424235905
b_ps[21];0.046157367981072124;0.024356740976869306;0.0005211948542325506;2182.4740791058466;2629.488990767708;1.0017750045022116;0.14903932712133092
b_ps[22];-0.04703023916997249;0.02433087172797454;0.0005114014372895396;2279.1695480277217;2415.210485408205;1.002296581574131;0.15564257971514964
b_ps[23];-0.06284740718588235;0.02471046809323718;0.0004999674832081715;2444.262914438519;2832.137062103946;1.0018415055661853;0.16691666744779357
a_e;-0.009764138348575131;0.04034444992493125;0.0020939698725936547;367.8999815149136;800.5110737355064;1.0160563085110976;0.025123581635112538
b_e;-0.004049732998108444;0.020599575744432455;0.0007320793700281876;790.4670520284909;1272.4421141592582;1.0043312650987872;0.053980332996291555
σ;0.9870999475556109;0.0034569229852720496;4.070678474321457e-5;7185.411267390334;2524.5896497315484;1.0019557545182205;0.49068571793559773
