parameters;mean;std;mcse;ess_bulk;ess_tail;rhat;ess_per_sec
σ_aw;0.05535999525283094;0.016707209952623706;0.0003437878780476286;2466.0458985621585;2657.604774553881;1.0019250872502092;0.09191544184832022
a_ws[1];-0.06205893775429679;0.028832302734087864;0.0006286849155623168;2213.293677863952;2227.238551284721;1.0016054300618973;0.08249476072589454
a_ws[2];-0.005588195938884077;0.024940434672559998;0.0005753764105513371;1892.613133815721;1880.2933719236999;1.001361097815537;0.07054222816535351
a_ws[3];0.029288213829396812;0.03125479216429961;0.0006341007714423307;2501.461264139419;2892.5271798979793;1.0017462416639216;0.09323545741540747
a_ws[4];-0.05158667550462368;0.027609441263279542;0.0006415561260543032;1889.2099849181848;2016.0726014512904;1.0013736302054477;0.07041538464846071
a_ws[5];0.09343326460633762;0.02114328566554312;0.000542164233621708;1566.0767576790201;1503.773910042707;1.0016813145318102;0.058371434706215614
a_ws[6];-0.021674946230006775;0.024182261922801516;0.000590850423599124;1714.6493252400103;1925.56692899707;1.0020395555345636;0.0639090904334955
a_ws[7];0.032762176251773856;0.029620712184120396;0.0006667355086011613;1948.063076745562;2227.7964614701414;0.9997670083707046;0.07260898045404049
a_ws[8];-0.00895543289171961;0.02083401957737589;0.00055588342010168;1462.7774423471662;1503.1627430623812;1.0031734560273717;0.054521221611279994
a_ws[9];0.003406306304140978;0.025269806348860443;0.0005506840505904942;2119.1521665895543;2152.988465167576;1.0022626369526797;0.07898588093979644
a_ws[10];-0.017174703840912825;0.035205433972798204;0.0006979555557575045;2582.9163260502205;1998.5598868765721;1.002684619295798;0.09627148282380676
a_ws[11];0.008676876725813663;0.03521279188436378;0.0006493790122882487;2980.262335037268;2353.5114878167064;1.000663366527939;0.11108152103274908
σ_bw;0.03756767977760731;0.014387322719778639;0.0003791287369061194;1367.3878735565806;1957.5325971485056;1.0029479089634177;0.05096582372991067
b_ws[1];-0.010856131964675133;0.0220869860065482;0.0004408588450060014;2572.9632197784717;2254.516844713566;1.0008685746984352;0.0959005066950719
b_ws[2];-0.0005622920584760407;0.02260972289537436;0.00043654998680308515;2736.011961271331;2096.2039166737277;1.0019947297393639;0.10197772412475023
b_ws[3];-0.028735623773044446;0.03157665208678056;0.0006125352754208014;2778.075160724061;2334.845512673161;1.0014069395336347;0.1035455203954952
b_ws[4];0.03591380718560139;0.02423557544303946;0.0005433805504206425;2055.877862385519;1920.6242807060858;1.0013486902642121;0.07662749595111885
b_ws[5];-0.02992201459131343;0.01687621811902225;0.0004184365772998706;1682.9791881781898;1684.9788761520829;1.0021326819482235;0.06272866851063862
b_ws[6];-0.03307915115252303;0.023981650969383175;0.00047052872371472823;2700.0416631971375;2583.5728062657627;1.000429848272277;0.1006370248933073
b_ws[7];0.013247644579368778;0.024683647243960313;0.0005105553958439067;2423.032399877985;2199.4457786852763;1.000909059332221;0.09031222564731474
b_ws[8];0.02157030590766986;0.017066701578257088;0.00041793991985375766;1756.0626420414396;1430.7486876890637;1.0025122976900094;0.06545266402003226
b_ws[9];0.041298884088152486;0.026849814922301873;0.0006420502000040365;1837.0425405041303;1953.9754829364438;1.0021101326220132;0.06847097894773502
b_ws[10];-0.0007758249306777489;0.030853313107195413;0.0005509255231578426;3188.6980083726326;2784.2591411705744;1.0006473960037001;0.11885041820645645
b_ws[11];-0.005390229375218505;0.028386657185216838;0.0004891592621401868;3432.2589290116;2781.813713997127;1.0002713222927653;0.1279285175437669
σ_ap;0.21018066337479013;0.03568626376217385;0.0006031805084162454;3913.404651486022;2592.298710519754;1.000818415225355;0.14586197194558936
a_ps[1];-0.05513646573329285;0.04974712089652068;0.0023401689761910027;452.54069866804844;868.4818058887638;1.0037527121818373;0.016867276597192973
a_ps[2];-0.12390061855738191;0.050349190508290995;0.002434635438466028;426.5734317623125;755.5638496532689;1.005295763836484;0.01589941431505718
a_ps[3];-0.08760539779830541;0.05014858953408616;0.002425437090379395;427.71981841320854;765.9335819413506;1.003355191683631;0.01594214289346992
a_ps[4];-0.031498511140593;0.05032919650112424;0.002398282511839;442.04304689295657;758.7054986909366;1.0036635680908794;0.016476003952251544
a_ps[5];-0.06822812232820605;0.050717281939693305;0.002426200250793457;438.6865374111361;746.5309258256501;1.0049118838222704;0.016350898798178994
a_ps[6];0.2165343017415184;0.05036126447094931;0.002352523927967739;459.1147509283417;756.8749413357355;1.0043369378538411;0.01711230728319566
a_ps[7];-0.26683797327597675;0.049879283799863665;0.002381275460444729;440.33144638288167;866.0808102734435;1.0042146723475722;0.016412208498467383
a_ps[8];0.10576517332033851;0.050511457016605234;0.0024267873419518407;434.90246985976574;826.2044544362158;1.0044257086656818;0.016209857529980824
a_ps[9];0.20547845575107188;0.05049741713223057;0.0024020124601726763;443.63203333710885;770.0345713713255;1.0051515713968853;0.016535229285888037
a_ps[10];0.0676336079971226;0.04977664794455302;0.002380025649217311;438.589299570666;732.2182762038138;1.0036205631869293;0.01634727451078175
a_ps[11];0.3924280782209909;0.0497222312924989;0.0023238415650206298;460.0041576961239;764.4309603305729;1.004018570746502;0.017145457605373872
a_ps[12];0.4446977053559287;0.049929892908520554;0.0023762405371730005;443.05118637283135;814.2940212380089;1.0057466955560288;0.01651357972721642
a_ps[13];0.03479536277909072;0.05049288730361693;0.0023526263623993245;463.04728213890934;775.8524167961483;1.0051984330552917;0.017258882147845336
a_ps[14];0.28059206526541325;0.0503644003827525;0.002376209480649337;449.96983165921245;833.7272948125136;1.0054369356876467;0.016771454221304424
a_ps[15];-0.1080030171036907;0.04987906608123448;0.002351876591902915;450.6639092800969;754.4151156854101;1.0041501960141723;0.016797324157966118
a_ps[16];-0.059779726841008025;0.05007882211348897;0.0023680661953361837;449.1588160515797;714.1764397732532;1.0041059555129972;0.016741225725571678
a_ps[17];-0.17841379912730243;0.05045576701757215;0.002399282717864079;442.3802997032997;736.0160201993295;1.0050506837945012;0.016488574172901272
a_ps[18];0.0038674951848139674;0.05039692938146707;0.002389107698469172;445.85511533438194;727.8950731244107;1.0034193948282006;0.016618088880741295
a_ps[19];0.05008209998857425;0.04997043527138946;0.002395351994724239;435.84444220351946;904.4425406018238;1.0039653608921608;0.016244967097177244
a_ps[20];-0.060883326619766295;0.050290670372030104;0.0024084101069749447;437.97873168062176;844.7093321852011;1.0053344727330535;0.01632451718196458
a_ps[21];-0.28188110894282054;0.050859878599456336;0.0024455704002501744;434.7660639213931;733.9982067766208;1.003781831916356;0.016204773353687283
a_ps[22];-0.25310919585531133;0.05050489390414414;0.0023621596563299474;458.91202753184984;790.553068779134;1.0046383859617505;0.017104751296272463
a_ps[23];-0.14798978394484752;0.050324335809717895;0.0023741195234523106;450.3677251301565;951.8338083200314;1.004801430967838;0.01678628466473279
σ_bp;0.05940184338556101;0.010917805306132974;0.0002018848585219199;3045.3234864511132;2575.97689577032;1.0004939540136522;0.11350650610007926
b_ps[1];-0.0716001613686057;0.024859651477271844;0.0005138963007227334;2353.5923159224863;2607.952511498166;1.001683752259374;0.0877240272676838
b_ps[2];-0.03369118074220674;0.024232614551556602;0.00046956675578087634;2684.046295556138;2414.170022340269;1.000271646939875;0.10004083919980256
b_ps[3];0.008419942857865891;0.024907627232192118;0.0005023662747516046;2453.8843183655767;2620.4144757374006;1.0007925101713468;0.09146215060260807
b_ps[4];0.005249846636407064;0.024543318332145462;0.00048809043592044866;2540.8657115465912;2761.1840488462285;1.0011084484702126;0.09470415562428139
b_ps[5];-0.033726283098942274;0.02498863184568083;0.0004970622997802342;2546.6850129933864;2704.8762129123597;1.0004984527140288;0.09492105493829764
b_ps[6];-0.06726927956216686;0.025457283910369635;0.0005141394397708342;2459.2763019508434;2893.3902638563204;1.001492896864319;0.09166312275562745
b_ps[7];-0.03176241530337155;0.024425903097350318;0.0005049136216564126;2342.0953185014682;2652.8663286037745;1.001547917647933;0.08729550661504792
b_ps[8];0.06073456245040503;0.025174678118462367;0.0004967448149210161;2567.129243561934;2669.0552868699056;1.0013602344542354;0.09568306041721132
b_ps[9];-0.01517322545879067;0.024747991646365514;0.00046911444491767895;2786.381166180945;2720.5573074638437;1.001149723189486;0.10385510512869468
b_ps[10];0.043831020315951666;0.024365358264534245;0.0004700046984201643;2678.429526594393;2836.1398518461506;1.0017166149579262;0.09983148875698243
b_ps[11];0.08059961857540202;0.02508939384745622;0.0005141707358556384;2371.7526070031827;2767.440530402306;1.001663082014237;0.08840090484719258
b_ps[12];0.08595940119011711;0.02480462212357682;0.0004882277135288875;2588.504425469416;2667.2881780583252;1.001459989097799;0.09647976468405405
b_ps[13];0.04358027144134599;0.024363371055418585;0.00046290945048410077;2766.4509287758924;2637.449754408143;1.0005407568317295;0.10311225740704627
b_ps[14];0.08658194104176473;0.025283897833918587;0.0005066044902743433;2490.747251954578;2391.93110472776;1.0018329484116824;0.09283612049937029
b_ps[15];0.019321588790903278;0.02440340862231042;0.0004800883107617476;2571.2275843751504;2813.386228978054;1.0007021178897482;0.09583581540320385
b_ps[16];-0.06782861740624543;0.025178748791955936;0.0004943369126753864;2603.6970561760554;2411.125177929753;1.001269891138017;0.0970460304478232
b_ps[17];-0.05549206479038564;0.025530063989389697;0.0005230804441367336;2379.239624112874;2596.538387283469;1.001873841266758;0.08867996392154495
b_ps[18];-0.01496040563646104;0.02493108628718076;0.0004728956805289903;2779.0016591496646;2584.149257833559;1.00031086425708;0.10358005321267058
b_ps[19];0.06406724221730464;0.025049288649392765;0.0005247197716913648;2280.608004114027;2635.2494777339302;1.0035816599026997;0.08500372702031961
b_ps[20];0.0022840321391550296;0.02473536860736957;0.0005203223822050049;2255.9837809260516;2033.0161796497887;1.0008416824860373;0.0840859231968733
b_ps[21];-0.05143207921755496;0.024929839221018532;0.0005098596324783001;2402.714510839484;2225.1905829162256;1.0034169989748312;0.08955492922007151
b_ps[22];-0.04608404195715518;0.024576442620601862;0.0005085111490490366;2342.2215609112495;2173.856093880798;1.0021878647577491;0.08730021197226849
b_ps[23];-0.011459464782799113;0.02509805470247308;0.0005154160291891347;2385.4726436340084;2690.3413996785875;1.0004145717662614;0.08891228349989032
a_e;-0.008681830780702405;0.04835774576674015;0.0024343579778340176;395.49863650275;679.5335039200146;1.0066767341655423;0.014741182208228135
b_e;-0.030776202123078824;0.01963201462477884;0.0006185308924868635;1023.6812600347675;1372.986484726113;1.0066413862733663;0.038155054365696016
σ;0.9731100467786388;0.003408176362181365;4.6196557273552014e-5;5443.275587825979;2555.6735339975958;1.0023636625776762;0.20288392890372184
