parameters;mean;std;mcse;ess_bulk;ess_tail;rhat;ess_per_sec
σ_aw;0.05952508241191538;0.020384344821018488;0.0006865178452702894;1300.5744883282498;656.8352118083575;1.003550719980119;0.042113761400567135
a_ws[1];0.05172522717236073;0.03140874209078648;0.0008077146032139448;1801.9038101813728;1644.3746946029796;1.0020011966327358;0.058347251779706344
a_ws[2];0.029974505884279693;0.028769783912103122;0.0007531645080287827;1622.586362433243;1551.3123981701744;1.005274476723878;0.05254079295924282
a_ws[3];-0.051384401046762986;0.030547950775222172;0.0007425649037465156;1840.9874218030557;1697.3821359883148;1.0041600475212626;0.05961281396724678
a_ws[4];-0.037812774191022566;0.027658419349721974;0.000709602263837696;1615.5450551673298;1670.901843111196;1.0030650480007879;0.05231278915261279
a_ws[5];0.09809117692052872;0.02500829980068373;0.0007064243072598897;1397.6719370320739;1299.1585038355433;1.0029534978412857;0.04525786335244596
a_ws[6];-0.020569567504638495;0.026071376113314674;0.0007253788351302292;1418.6195563744136;1481.5620805444432;1.0039637115993187;0.045936165941655706
a_ws[7];-0.038735963583364806;0.029883824158828436;0.0007253661967468574;1810.7399906152664;1899.5462390628893;1.0086962967070534;0.058633375179653766
a_ws[8];0.006121348581529543;0.024510091618628386;0.0007169431983966262;1280.1146572387188;1203.0995600290005;1.005149885802474;0.04145125382984893
a_ws[9];0.024672852700991406;0.028496087925944633;0.0007005814941011687;1886.6720896208449;1637.8444640564219;1.0032776617179078;0.06109212423929093
a_ws[10];-0.025393782586045206;0.03486725193424682;0.0007573771453936249;2191.0616033552037;1848.1646044546824;1.00255915663414;0.07094852805874527
a_ws[11];-0.04176973042542949;0.03620969995841226;0.0007981352932732312;2267.317659238098;1950.7855655210092;1.006958175770751;0.07341776713087905
σ_bw;0.014791036880320435;0.011018233693349672;0.0006486357689949974;195.19007731100356;194.15705073700934;1.0258490349132565;0.0063204287162360335
b_ws[1];-0.005795551735883437;0.013580561591032264;0.00032784326210908;2057.64865379434;1947.977497270738;1.009927708385633;0.0666284978136694
b_ws[2];-0.012095134500868137;0.016329625956375878;0.0006537265378259376;674.116731960504;1565.3233289640916;1.008195400137089;0.021828500759234894
b_ws[3];-0.001412104943577261;0.016047335483175218;0.0002898325135124411;3734.768738610389;1786.7656844078926;1.0113497201575543;0.12093514132074691
b_ws[4];0.006413043885451841;0.014038406060663032;0.00037379720833410104;1841.9036895857882;1616.2814768793417;1.0063620458814937;0.059642483534908856
b_ws[5];-0.0026869073402884663;0.010179242937157119;0.00019052937214688394;3033.5184855144557;2091.6165355714843;1.0095270577933282;0.09822803295748042
b_ws[6];0.0016899485039021667;0.013506078891446937;0.00024194796572607767;3431.4104619463906;1996.3507939609283;1.0139288986161454;0.11111212987698371
b_ws[7];-0.002137604286997592;0.014057230160812987;0.00022685054706797107;4360.821796692321;1702.6306618664808;1.011848857603284;0.14120729747079402
b_ws[8];0.009395938545990183;0.011483272971275773;0.0004179701709409198;777.4349746322374;1694.7761725831133;1.0031931188378118;0.025174037565662777
b_ws[9];0.005711585511470928;0.014488007366615848;0.0003248769495835026;2499.657011881044;1888.7051207419609;1.0069884714922988;0.08094112250112351
b_ws[10];0.006331179686241708;0.018036656699420745;0.0004361169004251855;2388.017229321816;1461.1455863256863;1.0119438363519058;0.07732612681444516
b_ws[11];-0.003106385045999719;0.015893700320874827;0.00028706158703586195;3756.1988145974547;1416.7083112780508;1.0118197723589912;0.12162906628622534
σ_ap;0.2179842493993316;0.03566605759145261;0.000647546869425427;3315.7963097365837;2377.287324353386;0.9999980052733789;0.10736844055784969
a_ps[1];0.05068253053167253;0.05282569595285667;0.0024595472581392577;464.2435012513478;369.3053610427601;1.012474467597046;0.015032618445863823
a_ps[2];-0.16721511984152784;0.052569668846266134;0.0023771863958289255;493.1729284810279;307.96156441895755;1.0115018553888746;0.01596937909028631
a_ps[3];-0.4116893012688801;0.052981159217107915;0.0022777473475265836;544.1059593858253;1155.198194056091;1.0100453687687638;0.017618636038029066
a_ps[4];0.09348270598263358;0.052278507931880436;0.002356627102945765;496.1643424739874;1168.1317184209825;1.0128582532683459;0.0160662437422385
a_ps[5];-0.10958057848158535;0.05304292927963894;0.002395593494393082;492.04204835013803;333.5475279770918;1.013217711861095;0.015932760183462943
a_ps[6];-0.07882015734866986;0.053722274970718575;0.0023863669540563574;510.75801718204497;1121.874444187675;1.0098226295945398;0.01653879993961757
a_ps[7];0.11232695138233971;0.05275947886207112;0.0022420741561713204;555.3967859228258;1354.476082726931;1.0081675476719472;0.017984243067124057
a_ps[8];0.09407039650358831;0.05313330028332426;0.0023555367723858056;507.5380466627487;1293.6789879480955;1.0120442464491903;0.016434534423583336
a_ps[9];-0.04153363989097398;0.05310622866563728;0.0023308148193441946;525.4189404086425;1114.026968748108;1.011630499375232;0.017013533703979344
a_ps[10];0.29086754242195534;0.052894600902660904;0.002289176972681023;537.7425261913015;1188.9442488647953;1.0102443320493795;0.017412582398158665
a_ps[11];0.4853528717982383;0.05337292980006489;0.0023997564699589843;496.7409901479886;1233.4538537872709;1.011590465313204;0.016084916108006872
a_ps[12];0.17869990207218792;0.05326999530012411;0.002424951209931591;486.85920383386315;346.2983636205254;1.013153092322498;0.015764935057494805
a_ps[13];-0.08409847289546021;0.0532124667800969;0.0023660287206768663;507.4624026197522;353.92963190794154;1.0112009973384206;0.016432085002034077
a_ps[14];-0.06516571616824458;0.05372251415732048;0.0024374268397286476;490.96516903203576;351.92064168816063;1.0133706646112142;0.01589788987109963
a_ps[15];-0.2276934702580354;0.05268241930725907;0.0023600796600598715;502.50755822799556;360.1870956548809;1.0115903071012475;0.01627164272336106
a_ps[16];0.21532927235876065;0.0526960515284565;0.0023558724011271616;503.47457401308316;363.5091025595485;1.012648201578627;0.016302955556581483
a_ps[17];0.12330101786548116;0.05273888620577407;0.0024127924906922355;481.7232710465629;1035.9432664558783;1.012836694817205;0.015598628975132896
a_ps[18];0.017120947471080613;0.054339854064195524;0.002498407025398757;484.18975642583877;356.76604205785975;1.0125585165004394;0.015678495970597593
a_ps[19];0.23299526180183552;0.05301069834994823;0.00239596539829276;492.9320253188968;1021.0958272767679;1.0124453100571313;0.01596157843113016
a_ps[20];-0.09293712757257501;0.05305731194823916;0.002366153937404624;501.5985502520443;1131.1235821153036;1.0102219434483721;0.016242208234714714
a_ps[21];-0.20054647499529768;0.05252539289590744;0.002198979891611732;570.0800511551456;1224.6827478907044;1.0093387621005805;0.018459700285549132
a_ps[22];-0.19683789243454908;0.05237306151068825;0.0022211327499139584;561.0244662444112;1046.1550370370785;1.0105239379475355;0.018166472373041444
a_ps[23];-0.2538230864695513;0.05328558697645874;0.002469054448676235;473.42539371788786;343.43253289828345;1.0119634566244595;0.015329936309632298
σ_bp;0.03805658331068611;0.008609793310008038;0.00019156025825305492;1959.1189753033027;2318.203247576943;1.0016223867495455;0.06343801898444078
b_ps[1];0.003026832481504865;0.020654015906764113;0.0003594703767383355;3297.2293455623494;1989.185335204946;1.0011019894071753;0.1067672257053489
b_ps[2];0.043715824925486826;0.02121413317749865;0.0003604859340209964;3473.4933507785663;3037.878555532235;1.0000323501260229;0.11247481133447017
b_ps[3];-0.03210357136769513;0.02082745444457228;0.00039585856417290177;2790.5883250330603;1944.6824245977016;1.0007904210976282;0.09036173778767015
b_ps[4];0.00864823622455837;0.020567870849267547;0.0003285114351474302;3903.228576339866;3096.097392511023;1.002111063460427;0.12639002104919417
b_ps[5];-0.02166151259169613;0.020890782137907755;0.00033861817609581713;3801.3647895176737;2687.477459271714;1.0024048517387425;0.12309158081982892
b_ps[6];0.05470508200021744;0.022755910217373325;0.0004493951200207582;2615.8261556065404;2135.085265692204;1.0013036179392178;0.08470278294031319
b_ps[7];-0.013280631511133737;0.02055615536861936;0.0003449275830539138;3569.7991511808264;2390.504910720214;1.0008351175046124;0.11559327900858603
b_ps[8];0.021200141382400336;0.020793799043424207;0.00034845557396434416;3572.6405273356518;2651.3719605598403;1.0006823134972502;0.11568528530157998
b_ps[9];0.04240945702032835;0.021136958067433372;0.00037314429013881586;3255.6264665869603;2970.4280763679635;1.0007348217811416;0.10542008739495631
b_ps[10];-0.03547767906162808;0.021837836923484833;0.00036027755732814896;3693.987914628855;2494.7355437288415;1.0024926676467687;0.1196146218839214
b_ps[11];-0.04802498106174345;0.021653454434656452;0.00039219806180816803;3054.514199570402;2515.923498656641;1.0016878255468065;0.09890789289639342
b_ps[12];-0.04064224882780716;0.021305801983407337;0.00041268052299571706;2735.837194860918;1968.2345804917318;1.0012495837728528;0.08858884738179665
b_ps[13];-0.028448596573132357;0.021526934282737477;0.0004274992561023676;2545.1566574381145;2650.69489428749;1.002104346749865;0.08241444158741733
b_ps[14];0.03498417565355874;0.021720814012964322;0.0005386866073770696;1681.5803948586567;699.1496923935725;1.0009469424080597;0.0544510723226453
b_ps[15];0.027413876428564958;0.02134425176515048;0.0003846394117537395;3091.9956074789316;2401.9575308371313;1.0015797874838874;0.10012157429932952
b_ps[16];0.014700100757841868;0.02128646947817384;0.0003235004828061188;4321.892530997928;2759.8813813156285;1.0018360695637887;0.13994673314197936
b_ps[17];0.014778323575673713;0.02071069464989514;0.0003464429263432953;3568.2427489525403;3280.5637868369836;1.001051179622724;0.11554288131689396
b_ps[18];-0.03181870240904794;0.020918349942652455;0.0003459128462979391;3664.9249794737952;2550.9796723980526;1.0020788387568016;0.11867353813385216
b_ps[19];0.016749181729391275;0.02037025661274671;0.00033869875980580396;3604.5138693914446;2463.540340233397;1.0003178465105096;0.11671737253258642
b_ps[20];-0.0397402230733378;0.021589151567588956;0.00039040312428423963;3086.4734075240203;2823.600834267379;1.0004111311076198;0.09994276054172131
b_ps[21];0.0027633604100048793;0.02007928524386436;0.0003629421443167936;3116.2113434948783;2666.82246756394;1.0019276122718987;0.10090570141997263
b_ps[22];-0.0009788210986568773;0.0207390598439251;0.00038859175964878195;2883.54088599812;2502.270514001636;1.0019939828425637;0.09337162457938014
b_ps[23];-0.004624017354498195;0.021214532571320662;0.0003315239282883537;4099.843619783613;2675.7978753391017;1.0016480744937835;0.1327565914391727
a_e;-0.008341956924396555;0.052794487258321574;0.002437676318100687;476.48916070254023;301.26108063878047;1.0106053546164215;0.015429143815958548
b_e;0.02927751765130148;0.012610053340433983;0.0003466424942064495;1322.6435792149923;1655.6831127393202;1.0014362602731681;0.042828378238181995
σ;0.9751030107136923;0.0034304970150217167;4.2663688891413953e-5;6490.056994712023;2517.260155135948;1.0022988256499092;0.2101538314062339
