prob: 0.008
0.008 : 0.37398856026785715 - 0.9338771850263852
prob: 0.008
