prob: 0.026
0.026 : 0.20783342633928573 - 0.7276756266490765
prob: 0.026
