prob: 0.017
0.017 : 0.35037667410714285 - 0.9124288835751979
prob: 0.017
