prob: 0.012
0.012 : 0.36575753348214285 - 0.9165258080474934
prob: 0.012
