prob: 0.016
0.016 : 0.37318638392857145 - 0.9176698548812665
prob: 0.016
