prob: 0.037
0.037 : 0.005405970982142857 - 0.005648087071240105
prob: 0.037
