prob: 0.021
0.021 : 0.41524832589285715 - 0.9014779848284961
prob: 0.021
