prob: 0.038
0.038 : 0.005929129464285714 - 0.006153116754617414
prob: 0.038
