prob: 0.023
0.023 : 0.3829868861607143 - 0.9092595646437994
prob: 0.023
