prob: 0.034
0.034 : 0.007010323660714286 - 0.006946734828496042
prob: 0.034
