prob: 0.032
0.032 : 0.03466796875 - 0.059825404023746705
prob: 0.032
