parameters,mean,std,mcse,ess_bulk,ess_tail,rhat,ess_per_sec
a_ws[1],0.01701330329735183,0.2601269832632733,0.01779152253740216,211.6079570891977,318.8162913721239,1.0135334104636815,0.009740475215551589
a_ws[2],0.0040169211506946865,0.2591162168727952,0.01774975523570998,213.06588091340853,291.0834443888862,1.010358548222377,0.00980758455808875
a_ws[3],0.027142583650470457,0.26373251675023474,0.018216839112441038,212.21877482768826,320.13541821693536,1.0097384344637834,0.009768591620647258
a_ws[4],0.10643481637899352,0.260430128065194,0.017734531577157778,214.50361986754584,298.8209982243087,1.0097633998352133,0.00987376477570365
a_ws[5],-0.08331653184353113,0.25844642375783977,0.017730620012965537,211.14919013568505,292.6870373551208,1.0096731283100162,0.00971935782373952
a_ws[6],0.05870734917912271,0.2587983793659383,0.01756858431840615,217.34423077406012,295.52294326730834,1.0093434203650662,0.010004520256322296
a_ws[7],-0.011572635601761446,0.26154330062502673,0.017692807928051443,217.55233288799863,263.0625068059012,1.0096070473477128,0.010014099354911049
a_ws[8],0.08427371502899242,0.2590258249863833,0.017705379939158262,213.6728591911056,285.4838517330217,1.0095375168190528,0.009835524229883768
a_ws[9],0.06662650988031586,0.2596267373481201,0.01767446514911544,214.30927480709,268.2147549035667,1.0100089935434187,0.009864818924750432
a_ws[10],0.06641104826761472,0.2634667708032606,0.018241508559488025,205.73892930081357,301.1707701305104,1.0096912937230762,0.009470319402421925
a_ws[11],0.03325309398836368,0.2618824427509713,0.017934034784380614,213.7675128428613,306.15287797399066,1.0124050521585561,0.009839881209468422
b_ws[1],0.003158415105003419,0.31650691561101707,0.023555540109175547,180.6402161939518,213.79612150953034,1.033889746169113,0.008315006547827448
b_ws[2],-0.034731969296052254,0.3164890238663585,0.023675452602155183,178.33900622031368,201.18001310849735,1.034555750121422,0.008209080102421834
b_ws[3],0.025560736896801075,0.3197158443446698,0.02362968432520484,181.52800361462718,207.02214356517248,1.027836471857462,0.00835587207805948
b_ws[4],0.0014218571561467428,0.3180591925414289,0.023681498411620653,179.32429619556046,204.6593988499497,1.032959389867011,0.008254433749402025
b_ws[5],0.10994372305650303,0.3152688609750864,0.023558093138112704,179.2124073125148,216.1253784510159,1.0330351849947221,0.008249283419011837
b_ws[6],0.010341998920667065,0.3168132964477062,0.02361951462869884,180.27349888389395,209.8822849578974,1.0339164609168219,0.008298126271117312
b_ws[7],-0.0240047184011121,0.31684869286351836,0.023777660493962873,176.99744609659194,211.70859704794208,1.0313284778707346,0.008147327069525366
b_ws[8],0.025311050752988833,0.3150101952595371,0.02356832273770463,178.51109564765972,199.43604425474905,1.0322016641961587,0.008217001509655193
b_ws[9],0.02782555786459279,0.31711853612695157,0.0236189926382229,179.85475197563198,204.55650632200107,1.0371044841865298,0.008278851032427703
b_ws[10],0.010479458157141184,0.3220190838081611,0.023635497740974058,185.30567897589356,229.00387445658347,1.034581984713211,0.008529761348269221
b_ws[11],-0.020065202602828073,0.31994075915046,0.0237104296535101,181.55786444073078,184.5586192035178,1.0403735721380583,0.008357246594597415
a_ps[1],0.019138500722582497,0.19860855031240263,0.011558368042469102,293.03416216789634,421.25951548301884,1.0232915064779173,0.01348858536875893
a_ps[2],-0.043826808073398484,0.19837044579417126,0.011758078870167804,285.08992245619856,386.3427717519006,1.023327006375329,0.013122905972376047
a_ps[3],-0.24834119515296788,0.19892752805491196,0.011738702253081858,286.2881061497113,438.3533855173786,1.0241603962699535,0.013178059279136716
a_ps[4],0.04778252513934786,0.19819635968784557,0.011720343001006413,282.2824062361558,385.3650253040699,1.0253409466722114,0.012993673865347772
a_ps[5],0.07006698615850848,0.19917572912841033,0.011732478979698749,287.1921037376535,306.42316086549283,1.023023067115789,0.013219670975697623
a_ps[6],-0.3307633775602604,0.1983017545326287,0.011755971689024917,283.7599539143883,351.7138461198921,1.0241444656820526,0.013061686508811614
a_ps[7],0.039817883084926134,0.1985796574633098,0.011613334708542292,290.7084143787454,427.79486070980795,1.0240572575558626,0.013381529429041599
a_ps[8],-0.0075964124388638405,0.19753914082380783,0.011682365618282186,285.56083725703303,345.0536401092109,1.0248034145152967,0.01314458253884009
a_ps[9],0.08574480944755128,0.19874085454654655,0.011719967650488189,287.5776562884172,366.68253016992566,1.0233917995562296,0.013237418252863686
a_ps[10],0.1970738092197815,0.19636743724654196,0.0116943501803933,280.6894438049918,319.82979981935915,1.026286217028608,0.012920348593021094
a_ps[11],0.34878025482489033,0.19832525487621308,0.011723243366528172,283.684624977454,379.0549210693551,1.0238718860039082,0.013058219060548725
a_ps[12],0.16928691410516497,0.19910900491171166,0.012009289798150058,274.5491968323454,385.1872220138232,1.025710679414902,0.012637708354548315
a_ps[13],-0.116922709395463,0.1980420420859996,0.011675510317201186,288.962364789113,288.8553249437924,1.0220357865003225,0.01330115743837128
a_ps[14],-0.09719070713875494,0.19977863891488265,0.011829875939742074,290.22267332530356,436.21586059955524,1.0243068416519328,0.01335917039889307
a_ps[15],-0.2779270380886266,0.19930763511436314,0.011761754899343673,287.5646611975131,381.4743975605628,1.0247001574939363,0.0132368200789452
a_ps[16],0.04285317235492717,0.1977941214674073,0.011810722785253192,280.0045454504002,354.02521585421863,1.0240130661302251,0.012888822200819975
a_ps[17],0.008804956313880619,0.19923348571668192,0.011818638825722339,284.6810870166819,338.519814584307,1.0242662973779242,0.013104086966131528
a_ps[18],0.08606011455571982,0.19859774624382354,0.01174640244119993,286.0934044536711,313.5590500490282,1.0251603804958274,0.01316909701197629
a_ps[19],0.1304835880616711,0.19843665352886897,0.011766708869087338,286.80727076709996,342.9074006244959,1.0248308602666607,0.013201956821355951
a_ps[20],0.08804393067942949,0.19934109048389634,0.011693361793794549,289.74598217912313,406.36088824567656,1.024998463582026,0.013337227942859216
a_ps[21],-0.06733111153526797,0.1966862595669301,0.011491217335366032,289.6643844289851,385.86095850767254,1.0239287580650531,0.013333471936356448
a_ps[22],-0.08925421712354321,0.19868979642854884,0.011647390939182746,290.94761710381556,413.79893286448083,1.0242180639763203,0.01339254011241612
a_ps[23],-0.14261109130449376,0.19712525703305578,0.01161180813962056,287.1736220823921,345.0939521435117,1.0255332875073253,0.013218820251048645
b_ps[1],-0.03588989734496079,0.22799575743232217,0.015938297645736114,205.4931990154445,244.47262367997465,1.0161225685513702,0.009459008250481932
b_ps[2],-0.05327885316917678,0.22763002640604077,0.015994092974133085,202.88333575459436,260.8800159278201,1.0157545037410387,0.009338874259501743
b_ps[3],-0.07751979604534814,0.22616367999766693,0.01592252319801681,202.12003470906294,267.69359983263763,1.0156459944952776,0.00930373893180294
b_ps[4],0.03513369094589928,0.22734493592628607,0.01605889229572954,200.56906207310206,265.43619067367035,1.0158377685290751,0.009232346481687241
b_ps[5],0.0007105982642818643,0.2290377791909442,0.01609010261098747,202.98048838926343,250.6386856036339,1.0161190610799833,0.009343346269170646
b_ps[6],-0.1118469134277689,0.22625987347316467,0.015938531225216733,200.77980000865568,253.98254541792787,1.0193903228825076,0.009242046909149764
b_ps[7],-0.02403850385787225,0.22834419059783925,0.01614894851608508,199.36037087047112,270.6632627206117,1.0162977486632576,0.009176709506289763
b_ps[8],-0.024318154077091883,0.22664978451961892,0.01590963455607163,204.40956964615003,249.2279849079105,1.0154204685764234,0.009409127966395982
b_ps[9],0.022694601854255706,0.22820833048655606,0.016072801139813325,201.4227672889607,227.51519396425,1.016696897835246,0.009271643182108354
b_ps[10],0.04260905077973458,0.22836476062786856,0.0161455125912614,200.2345760240318,260.3328950469999,1.015347993369752,0.009216949834435724
b_ps[11],0.12209090957903958,0.22740954851922965,0.016158828339032167,197.64701544524905,243.5812544537698,1.016361673049603,0.0090978424528747
b_ps[12],0.0375815165633428,0.22735593506725632,0.016147207348009573,197.96467618162276,245.99950439648842,1.0173002766602885,0.009112464618185325
b_ps[13],-0.038031070492823664,0.2283595594855747,0.016149044945320223,199.43700573515937,221.4687733506427,1.0159003525605599,0.009180237067400466
b_ps[14],0.0020876976413330885,0.22712040128973277,0.015935955154227723,203.50384726393173,214.5453728879438,1.0158679173001217,0.009367436876242651
b_ps[15],-0.0909717824017053,0.227134629813738,0.016153064047396512,197.90630193209364,230.29891606937878,1.0158768585470181,0.00910977760707957
b_ps[16],-0.06991416415587458,0.2286374979429299,0.015908751443216504,206.5424878261665,254.17175301736117,1.015529605953532,0.00950730781253708
b_ps[17],-0.014757412452297385,0.22677520426940115,0.015804093389704774,206.24533714095355,244.47881096641868,1.0145293693425004,0.009493629740481497
b_ps[18],0.025274173000879068,0.22737868870783315,0.015925573137722394,204.8006933848682,260.79018022307855,1.0166963757005625,0.00942713168958108
b_ps[19],0.026520292683643875,0.22779148166584387,0.01601182020457442,202.3442707968532,236.43112737712013,1.0167935593803223,0.00931406068947972
b_ps[20],0.04211009238590973,0.22584922225556844,0.015868197653182994,202.5041705875125,235.1736512641296,1.0181456149178831,0.009321420998464851
b_ps[21],0.040279714225806465,0.2274577795111933,0.016047568122867412,201.21975612119235,245.3287687767776,1.0160055914774304,0.00926229842364403
b_ps[22],-0.07134890811820971,0.22732340303787207,0.015989774995833504,203.07116970873685,258.3049613869773,1.0166581386655358,0.009347520399278959
b_ps[23],-0.08893904256478914,0.22665661347255492,0.01597114034956742,200.4235776190745,264.74954812128374,1.0171225506171295,0.009225649721611691
a_e,-0.04097129099474696,0.32365488638805134,0.018547507594888046,309.3402729359528,385.70736310109896,1.020785621564425,0.014239168049973239
b_e,-0.00501236899308804,0.36764750969544086,0.02684965126417429,185.21116293087235,200.42454499218985,1.0539666227519813,0.00852541070282722
σ,0.986984349375577,0.003633344213557228,0.00012056215516756249,911.3641291338319,727.039197863564,1.000010334229051,0.04195078405501044
