parameters;mean;std;mcse;ess_bulk;ess_tail;rhat;ess_per_sec
σ_aw;0.05862649727261736;0.0176642172164951;0.0008913425717645153;348.32361901825965;622.4299632237514;1.0035947468363287;0.003482283507060735
a_ws[1];0.9170436091582153;0.5280990226836044;0.019326555006807144;766.9397611095139;895.4658756053135;1.008992537427852;0.007667299991163557
a_ws[2];0.5374760429283906;0.4800110022452972;0.01631340470120361;859.0012223573118;744.096994777839;1.0025595469121122;0.008587662810781344
a_ws[3];-0.9139641424458963;0.5313795562832015;0.01811398599043122;865.8835771692325;785.7549031745236;1.0005468202438752;0.008656467535304017
a_ws[4];-0.70897834940997;0.4879425655232079;0.017151663760645638;803.8848171438715;787.7332056893542;1.0025203600283796;0.008036649504867174
a_ws[5];1.7864415538209943;0.5227824819296653;0.02576867084287598;421.9238225221421;673.2496869735613;1.008035611193667;0.004218084241734568
a_ws[6];-0.37690722109006414;0.42735544856155105;0.015612182556277074;750.4516477186622;807.3575311247773;1.002732478147872;0.007502463953098334
a_ws[7];-0.692071274202999;0.5111864511421642;0.01750654733384818;860.614926861537;832.7813036737199;1.0029036886742781;0.008603795442258278
a_ws[8];0.12089514503035964;0.3650089264394335;0.01441684185796928;635.3200796832405;657.7794905395128;1.0041696562173403;0.006351463163540124
a_ws[9];0.45762542560214653;0.47825197354725857;0.01604143529884962;891.5434078197553;731.6696786782987;1.0010321137728764;0.00891299566084466
a_ws[10];-0.448054901946534;0.6071342611243394;0.017950814822711346;1144.8817366363685;953.2208069486654;1.0037967574141706;0.011445686055572602
a_ws[11];-0.7130122496932549;0.611380047241896;0.021199256386667694;825.8745448993276;887.3107915930309;1.0026195562268423;0.008256486639378476
σ_bw;0.01476651730672279;0.010919428552508435;0.0007285095364008243;161.26900311635356;138.62848462593533;1.0172911321035683;0.0016122489520952214
b_ws[1];-0.28069655724026926;0.8349714378471876;0.0332933394921973;635.683941363862;675.9679303379544;1.007297417525586;0.006355100785165815
b_ws[2];-0.6371061661917073;0.8743813182295435;0.03775781449515939;540.4402264558;693.350291348727;1.0124465664502522;0.005402924132573811
b_ws[3];-0.018940177830379122;0.8922828180901277;0.03930119676927933;512.7868523340373;694.4157472494715;1.0076624062358828;0.005126466024765319
b_ws[4];0.2658192274402026;0.8862998896014925;0.03621243201038302;607.352362797052;694.3491082288073;1.0031667240253992;0.0060718624878311
b_ws[5];-0.19842670853792715;0.8143481828252854;0.028332043886095268;846.3730710300232;554.1313906064876;1.0066902653949859;0.008461415836155776
b_ws[6];0.0891868490964466;0.916316486393387;0.033661897837707844;743.3236487274664;694.7127151314;1.0020597673231737;0.007431203458632452
b_ws[7];-0.07073197711963897;0.9147357245489816;0.0330386422309594;770.61394888633;848.6238406573079;1.0027003213019432;0.00770403181983803
b_ws[8];0.6065565851808808;0.7515326174703177;0.03171705280054807;544.8502459488631;598.1448657905286;1.0105053779867452;0.005447012265872933
b_ws[9];0.33992861288409854;0.9395711296558352;0.03416530751957162;758.238744509869;660.6467327366919;1.0015306358177654;0.007580313622897738
b_ws[10];0.320898358643261;0.9503800373624149;0.040581635780762286;551.0713324578728;701.212941070004;1.003210258531456;0.005509206115969521
b_ws[11];-0.15279636959865675;0.9581396866240541;0.040934133652000965;551.237264721042;467.27769251659737;1.0121369307370434;0.005510864984767888
σ_bp;0.039254566092906416;0.008950867621812266;0.0004428658945550079;397.2231397863396;653.856398456025;1.0031430697318884;0.00397114497202195
b_ps[1];0.08762504218925345;0.5584496502301162;0.013106738325803412;1843.4775814586467;727.2621314377996;1.0018021498663692;0.018429733808011273
b_ps[2];1.2364734945048832;0.5723450291957806;0.01619072089776969;1322.1555105063487;523.9868923860358;1.0032819199424488;0.01321793894132792
b_ps[3];-0.6557010194497367;0.5556835307219491;0.013100358553187615;1818.4161534848904;805.7439400471933;0.9989744239745512;0.01817918807257601
b_ps[4];0.20118407789698067;0.5207364037971389;0.013989997552062164;1374.3854927486432;755.4900515021748;1.0022434723105693;0.013740095912046816
b_ps[5];-0.5022506684596683;0.551568676375073;0.01587348557531174;1216.614291660927;790.6376877836416;0.9997209262968811;0.012162815413568426
b_ps[6];1.4488196657438923;0.608487810252241;0.014968932216352596;1682.935655191018;701.50741820003;0.9994730802486534;0.016824753635810496
b_ps[7];-0.3768387462651868;0.5745532968413474;0.013796491626954229;1730.8455400875591;635.2884964414463;1.0107638665428111;0.01730372144876164
b_ps[8];0.5498610227195259;0.5561356610656114;0.014197234904620576;1509.2407328159634;624.8564473192986;1.0101904038198617;0.01508827947666041
b_ps[9];1.1310696468765757;0.5655931371273341;0.014992885367775;1451.3034921971027;747.3353614922165;0.999028070911424;0.014509065531822832
b_ps[10];-1.0336209640826557;0.5133466441537266;0.012385106170851071;1794.6641353137718;819.0112099965295;0.9998066849319499;0.017941732853863558
b_ps[11];-1.468485466212872;0.5785303043346154;0.01676125862532356;1178.797735806143;636.5425077588976;1.0008296154171021;0.01178475328525765
b_ps[12];-1.1143982963329966;0.5853376150434833;0.016258385885127045;1363.3408052338377;664.2662466076819;1.001237220031866;0.013629679244690615
b_ps[13];-0.7012774866919018;0.5933350568884173;0.015303126393958344;1511.675797643223;684.48211448273;0.999571999981036;0.015112623464904702
b_ps[14];0.9357656525159737;0.5803090950812753;0.015468356867797971;1435.4911608086122;634.1454668032765;1.0038605411476977;0.014350985465482477
b_ps[15];0.8179691431008477;0.5570522874156365;0.014853981960385218;1418.8327489628105;872.8448689043544;1.0016640495733597;0.01418444690864284
b_ps[16];0.28445267674705205;0.5432372532458986;0.012269475227914911;1857.9394101461166;578.4392367760732;1.0027920192391158;0.01857431254103619
b_ps[17];0.35265546691132593;0.5418134885769726;0.014429085987301044;1414.0955255657877;868.7230495877403;1.0035691685117263;0.014137087631223727
b_ps[18];-0.817763088579038;0.5357312844232006;0.013386503045611432;1559.9713850337675;865.3099662586802;1.0057918547403824;0.015595447247879602
b_ps[19];0.37474632893924253;0.5289629580986838;0.012454716596885544;1825.8157545040165;665.4716551521238;1.0078873769877892;0.018253163844475593
b_ps[20];-0.9995583187782886;0.566292277752247;0.015041115735385174;1475.0183038675443;783.2779323014635;0.9995611035191863;0.014746148787290218
b_ps[21];0.20224958520571432;0.5374839488346985;0.013547305940462053;1574.5502297693215;914.3187600103076;1.0008079736393398;0.015741195821340415
b_ps[22];0.08373663236373906;0.5409354910643784;0.012878649258402122;1749.9539650783522;652.2537314400771;1.004145277519705;0.017494753436138464
b_ps[23];-0.0028316345349919444;0.5711283215658475;0.014697676220445694;1503.0548608196805;578.543622305763;1.0015855832250173;0.015026437675377575
a_e;-0.010230331601894948;0.01966825472469098;0.0008386107404788984;547.8067184731075;639.4667133896525;1.0032834276062408;0.005476568905010043
b_e;0.028572700599269023;0.01280368837295257;0.0004655187855616735;762.8770207455549;726.8156101838078;1.0029672639520226;0.007626683699329087
σ;0.9959003668913534;0.0034696315683139085;0.00010680870983199438;1052.1551467589059;820.3783226141348;1.004016825432508;0.010518673768819386
