parameters;mean;std;mcse;ess_bulk;ess_tail;rhat;ess_per_sec
σ_aw;0.043351772789233675;0.01353826277885172;0.0005597935759898473;560.9788919449296;760.1073014335067;1.0027609728917715;0.005914442253961828
a_ws[1];0.572244224686509;0.6198892066440187;0.01844873078078986;1143.3382600116522;668.9222925580061;1.0006970465211729;0.012054300460645399
a_ws[2];0.7173905063941004;0.5607664883817173;0.01691111537397971;1101.8931451398203;785.8335735408082;1.0082699928576957;0.011617341526649843
a_ws[3];0.4753816193240797;0.6099352374898017;0.021345272825273584;825.6317381482103;683.524385640889;1.0025844863340458;0.008704696929657548
a_ws[4];-0.09090945450926852;0.5534845694512919;0.022012562379897474;644.100019229116;695.8945799670836;1.0015392185340326;0.006790794491925876
a_ws[5];-1.7745700256007522;0.5876606051802755;0.023337971537142593;638.0327081844525;596.1817813073828;1.0019328558389606;0.006726826379532069
a_ws[6];-0.13568734368725974;0.5020011402548372;0.017394637964734404;832.0178947716124;689.0930469442426;0.999065153359373;0.008772026654743845
a_ws[7];-0.4448974329434741;0.6544195703107661;0.02192556845711852;878.9941826864472;735.8330036102244;1.0009265504843734;0.009267301158236305
a_ws[8];0.43217527755335283;0.45199635320135767;0.015804226573139298;810.3376147997792;689.6220495228958;1.0016059279953091;0.008543449847694
a_ws[9];1.0878615740823239;0.5895970868062869;0.020034417301755716;879.9418994272287;558.4092176013293;1.0072523295527425;0.009277293006444767
a_ws[10];-0.5225708937271784;0.6788605910432897;0.023087726260601286;864.3810795599352;806.8874186244004;1.0011950392325863;0.009113234123212412
a_ws[11];-0.152904187621655;0.6680913662111897;0.024025386746869614;773.9187158952491;732.4381328121681;1.0026162942716201;0.008159482683123996
σ_bw;0.024985720910891136;0.012465081552451228;0.0005308991572554693;506.5099855843944;458.0603513164224;1.0033599550886256;0.0053401725159527465
b_ws[1];-0.007243085798087712;0.7409838495144839;0.02801051654788882;697.609692232359;723.8727713304369;1.000957040030042;0.007354950961180567
b_ws[2];0.4636354515107503;0.7443572775137666;0.027078194564976506;750.1153668512015;683.833889242763;1.0097669873848973;0.007908522200664814
b_ws[3];0.11122101165993714;0.8800748566659127;0.03772612953487584;550.1343437614439;458.37716047501743;1.0064644447815365;0.0058001073744814976
b_ws[4];-0.19381158106769142;0.7604123661178651;0.02531685257053187;884.8472874743928;644.8340901174946;1.0234844407113004;0.009329010878105925
b_ws[5];-1.3834089811205699;0.649803100223689;0.024247547615535225;736.065157984105;578.8970421089617;1.00037222856512;0.0077603898017568305
b_ws[6];0.17342268225890609;0.7888624801558061;0.026561422793005756;896.1644392813304;627.728397884482;1.0008185135127;0.009448328452800024
b_ws[7];-0.5474620673021972;0.7855792634060661;0.03185379089068384;603.1995902209652;717.6220125966602;1.0014500001988027;0.006359578221573372
b_ws[8];-0.1409200199162573;0.6353844517807813;0.020481759527477505;984.184605382646;496.93509648661035;1.0053171622747794;0.01037633162201992
b_ws[9];0.8671958727061673;0.7896891804924073;0.027575090443707;819.7986633741651;849.1436902961455;1.0054170966951363;0.008643198387716832
b_ws[10];0.29791556926865836;0.8943861444199124;0.03497460559835838;664.8667298954734;563.9504341645808;1.0029839093667932;0.007009739469721871
b_ws[11];0.049642593028466846;0.8653333745443045;0.03420989090303007;646.6020039088427;633.5814466658154;1.0016941625625557;0.006817173102816629
σ_bp;0.04742059482566667;0.00978525226594423;0.00047960457415497574;410.7029461559046;694.3014502957959;1.0015319957040356;0.004330071761077153
b_ps[1];0.3764655031815813;0.5167791466728592;0.01286903992763852;1646.188546872114;556.0053075421225;1.0115173081641637;0.01735588850028291
b_ps[2];1.0660567107669827;0.5515256630281486;0.015191157997010808;1321.4305614468706;563.2893479125706;0.9995718891893838;0.013931940863587983
b_ps[3];1.0742221026037941;0.5379461103133304;0.016756152394512797;1029.274989835211;705.7206690180476;1.0064918592718541;0.010851722904798905
b_ps[4];-0.5098664463039538;0.48325486342442114;0.013052419726925973;1359.806573514398;743.0666782451054;1.002975855563472;0.014336542018051767
b_ps[5];-0.4120256820318217;0.5262036557852695;0.012601572297075187;1725.6688475873032;822.5743459851252;1.0006858063363087;0.018193855232467287
b_ps[6];-0.9752159843876784;0.5162559611806006;0.01565246322027163;1127.9988510858261;567.5069366436293;1.0079583599926332;0.011892575929465335
b_ps[7];0.6283534863600815;0.5121416044046306;0.014996598984706604;1185.841238008134;602.8934655884063;1.0084899114136936;0.012502412524381086
b_ps[8];-0.9815198882494657;0.5217609582028812;0.014487589155036291;1303.841925709753;735.0537691570556;1.0011155096751763;0.01374650256655601
b_ps[9];-1.34104187465617;0.5447187807414798;0.014987757639522157;1377.1479437573935;604.3974748364109;1.002799510456843;0.014519373376556496
b_ps[10];-0.18655230712603957;0.5059981842211908;0.013596556084459706;1387.6825447062681;597.7337760636648;0.999156895275955;0.014630440459249452
b_ps[11];-0.20597893353313335;0.47885112835710003;0.012131295291109566;1555.6699865474884;839.608908033421;1.0025324894494765;0.01640154457462177
b_ps[12];-1.7572968442081245;0.5283502435443672;0.015061071201413773;1236.7419492954725;710.914060315973;1.0021191246113952;0.013039062515882193
b_ps[13];0.2811115943580578;0.49697567074650717;0.013176372128372688;1433.184951491288;514.7806706424448;1.005007010710749;0.015110175724177567
b_ps[14];-0.930928378660025;0.5048106500554252;0.014963957563139984;1145.4761105192147;818.5980657272319;1.0033029410177665;0.012076839977828912
b_ps[15];0.8162333893773313;0.49908308823400027;0.013990248117894684;1268.9969996602797;691.6739109353991;1.0016105923593592;0.013379129915066991
b_ps[16];0.2915085550510915;0.5005821481719364;0.014542171015523856;1176.9950396292495;624.9566440269642;0.9986479178891499;0.012409146395779336
b_ps[17];1.5702758501196308;0.5172816401275707;0.0156471906642777;1130.850510417183;730.571441061769;1.001448613955771;0.011922641186261016
b_ps[18];0.4303320607742894;0.4836771391917958;0.01279396860262384;1436.816331090315;835.3941159593843;1.0034223002280902;0.015148461629848986
b_ps[19];-0.6149489960017375;0.4845157129065747;0.012468040489479415;1438.7422997966169;875.6066098360857;1.0042581534155008;0.015168767261415384
b_ps[20];0.5109455248491825;0.5059093306954984;0.015075885822332621;1125.1875633976954;765.4724792881259;1.0024466611522738;0.011862936313912109
b_ps[21];0.756087186124045;0.5077098207488145;0.014054299120283616;1328.0232136662248;713.2634388210477;1.002971615569842;0.014001447687127525
b_ps[22];0.5170282465275114;0.48337590012058274;0.013936825624182789;1207.8895882514958;784.7177610180698;1.0042922776557992;0.012734869923727032
b_ps[23];-0.10299988088975763;0.5109795604190315;0.012314030048481483;1685.70252944379;818.9196337488487;1.0130908208559721;0.017772487362557342
a_e;0.005862565944186057;0.01587374075738531;0.000606193285117971;686.7000018754485;637.7569564713469;1.0011602046915147;0.00723992928291235
b_e;0.009733507975595648;0.016256213154872672;0.0006887868278388648;562.7622267049557;588.8414727144977;0.998968500044784;0.005933244085205582
σ;0.9994903792989996;0.003566040534738578;0.00011457933914642727;970.2512047417175;738.4621212832633;1.0060150202126377;0.010229430740943317
