parameters;mean;std;mcse;ess_bulk;ess_tail;rhat;ess_per_sec
σ_aw;0.05986119412566503;0.016832451923818055;0.000884750220751075;380.6897985538012;430.67229077622216;1.0136961361111385;0.004064493729811792
a_ws[1];-0.2917332410178892;0.5035340179845926;0.01871906216261045;728.9436808924211;573.4778135495383;1.0013471263753257;0.007782680365033359
a_ws[2];-0.4827669369809378;0.4537282073870988;0.017312401449160908;707.739229076648;607.5743114218691;1.0085993726007347;0.007556287743595342
a_ws[3];-0.16727085294512264;0.5253059698145599;0.021731790226834174;582.5045968963447;724.0307408967703;1.0032207584030979;0.006219200752596837
a_ws[4];1.095867117921698;0.5231786089401704;0.018594791958268134;784.4573315133072;753.7147649413537;1.0007192738148611;0.008375380473427953
a_ws[5];-1.9378206674327374;0.5866258188470668;0.02868062842312605;415.44377488519365;583.2446120999946;1.0092014016672464;0.004435549953071762
a_ws[6];0.36877161961963156;0.4331041772634193;0.01682549926208486;659.3028672753718;739.0769821418925;1.0036324467315125;0.007039149407910836
a_ws[7];-0.4193886359302301;0.5277764148113852;0.01882122167926464;795.3280776894688;746.6817801328;1.011009375477079;0.008491443682474361
a_ws[8];0.8682878591694272;0.43623248700814354;0.017039360107976166;641.311169330593;570.845142815803;1.0036539961434616;0.006847058251901341
a_ws[9];0.4827982913562457;0.47440848881389425;0.0173610611818728;754.0343696385386;850.090448415138;0.9990954001986201;0.00805056499832973
a_ws[10];0.3452318414331799;0.6473283423253439;0.024904355338736913;680.9255606287797;756.4309954809787;1.0049273352941073;0.0072700074500502265
a_ws[11];0.21130766518455682;0.640166822122707;0.02635205237469347;586.3362332813147;570.5281985986976;1.0056091624548005;0.006260109813256701
σ_bw;0.046494296439832196;0.014065816975012886;0.0006188486421505552;514.1823356832194;562.1345233386245;1.0012746225334084;0.00548974752489742
b_ws[1];-0.25191211802597663;0.5495248454586655;0.020875346747815063;698.482058118645;651.9037189342008;1.0024682607701711;0.007457452120845441
b_ws[2];-0.8641921793003902;0.5752823939573458;0.021291447217835848;731.4807620030831;821.1513563778259;0.9993417420462276;0.007809767905349606
b_ws[3];0.09169999646291714;0.7299498361441332;0.028409810225170584;661.6842333715279;738.7406702582005;1.0099662008685935;0.007064574432702628
b_ws[4];-0.4130187155398871;0.5419259806839172;0.020123400975854158;735.8355207637446;838.9165793034649;1.0004096430581757;0.007856262163259305
b_ws[5];2.0162665844000736;0.6372537989769038;0.027975548794559695;514.8420137086035;532.8728614019906;1.003030314722476;0.005496790679739115
b_ws[6];-0.16796544725997156;0.5697512025097772;0.0203954724486612;781.174967685663;725.6189300556562;1.003440985067222;0.008340335806491506
b_ws[7];-0.40333444967189724;0.6181656309959833;0.02308546179994413;720.9975960085413;716.5879694628364;1.004038041510681;0.007697842756277429
b_ws[8];0.20989877621125022;0.42189175218372044;0.01597648207157476;698.4082094477498;820.1289806053135;0.9995366874214829;0.00745666366404689
b_ws[9];0.1550863909780783;0.6174383544713274;0.02235431512650034;762.0165724742333;732.8800272820476;1.0029177612731006;0.008135788226004904
b_ws[10];-0.2096920745712353;0.7546487229799201;0.029493524144420632;649.5938425861797;811.7117835124914;1.0018095222290018;0.006935489498657364
b_ws[11];-0.34440606789334577;0.7168361444966972;0.029851168397102504;578.9039715768149;546.513473954788;1.004358286190835;0.006180758117437644
σ_bp;0.05188915585161008;0.010299129448978126;0.0005743942739201976;335.11396539195493;479.9010664121153;1.0038056038128027;0.0035778962721940964
b_ps[1];-0.37287874100203505;0.46334790846018253;0.013816187856292394;1121.3820596508945;843.5148120080601;1.002650082076548;0.011972609635165606
b_ps[2];-0.626427603847108;0.46782630440710793;0.014627264625919272;1039.5338672535124;731.9610490512608;1.0120723249326367;0.01109874470350899
b_ps[3];-0.9507887002498528;0.47000542075523455;0.01655708891585443;801.9655087704815;680.221520408544;1.000670402462718;0.008562309245757956
b_ps[4];0.7583018214441131;0.4565886698977222;0.012654228655569463;1301.1058212990008;814.1611431570026;1.0059056508240276;0.013891458275428502
b_ps[5];0.22967173050015055;0.4778129926839655;0.013274742933674373;1308.4547691123698;595.4340074809903;1.0063939061138556;0.013969920457555853
b_ps[6];-1.501737362626183;0.4972093096965174;0.01813539411898955;774.9788291577771;631.936783385411;1.00237459375886;0.008274181771654458
b_ps[7];-0.18856873374265354;0.45516030462924684;0.01409348876837054;1046.660206955836;856.1844321111262;0.9983131605512293;0.011174830175582677
b_ps[8];-0.20724382874927125;0.44835112522077347;0.012797186141966102;1223.6206128887816;541.6491613277459;1.0015587783803295;0.01306417541958915
b_ps[9];0.5445979778980995;0.46876652478175207;0.014582651737347135;1034.7788346116586;715.0576023058215;1.0040099281837331;0.011047976859371096
b_ps[10];0.8195085423971158;0.4858807160649745;0.013748616515368288;1215.8227001944183;710.3863221636668;1.00116960264141;0.01298091979421578
b_ps[11];2.037556038938381;0.5133316486837365;0.018654599108438252;766.3184789816706;651.7664844033327;0.9998820739519932;0.00818171819862865
b_ps[12];0.7512139951392993;0.47594789053011793;0.013804223675917819;1188.7097229182843;677.7882738726937;1.0019970835808032;0.012691443883503132
b_ps[13];-0.3471418659020875;0.4912944575210024;0.014196359592703031;1183.4004586550734;779.4851781757255;1.0051080440989428;0.01263475869942488
b_ps[14];0.24315363188927602;0.48570930607615004;0.013566240456716429;1283.664055629444;800.6540407796584;1.0067256258118458;0.013705238556722954
b_ps[15];-1.1163039781233746;0.4850241578961742;0.014418812633715415;1112.0009396426913;633.4193318179575;1.0035709852949157;0.011872450651140282
b_ps[16];-0.8960199985763868;0.49190103849457995;0.015121722987189268;1032.9083135441297;726.2928544318552;1.012207338965332;0.011028005950827358
b_ps[17];-0.03319575368781862;0.4891482621533623;0.013580205872814477;1246.4440760142827;704.5919137268019;1.0032877900608788;0.013307853666599177
b_ps[18];0.5768364483136732;0.48180460349522203;0.014566682022333263;1088.4145520811887;681.1716714271504;1.006318389434805;0.011620626922958373
b_ps[19];0.5580970928834463;0.49127609525709787;0.014366268236391132;1164.3722744627642;744.3528368368807;1.0016299088090834;0.012431601337096941
b_ps[20];0.8633542745622796;0.4849895806250866;0.012908612875501156;1410.0869633241784;698.0335584154567;1.0058494151399897;0.015055012355710646
b_ps[21];0.890499393756093;0.4540041478217868;0.01355361923386946;1129.613938555016;867.0779842081289;1.0011244619316468;0.01206049856814326
b_ps[22];-0.8802457725560225;0.4947968792416026;0.015775559718383497;1010.7563059905237;811.7314958424816;1.0008680770820821;0.010791496603462616
b_ps[23];-1.1541410851050555;0.4856272254842233;0.014315550908481389;1135.4979215933317;794.5414845693359;1.0112931517895631;0.012123319826439136
a_e;-0.00996788737561581;0.019936489042489878;0.0008479567051646321;550.0251122999929;472.3948305592599;1.0005173672075454;0.0058724284934218015
b_e;-0.002364678961566874;0.019845477869873226;0.0008477211739646259;545.3254213337203;454.9336828579818;1.0032401707433447;0.0058222515132740965
σ;0.9986413845358997;0.003549302907486634;0.00010503532207631969;1125.4664728084265;708.036375534071;1.002551593041674;0.012016217506276981
