parameters,mean,std,mcse,ess_bulk,ess_tail,rhat,ess_per_sec
a_ws[1],0.02898827108201965,0.2557517639790388,0.015348002998150636,271.0003725212478,394.4915908810582,1.0180730136379168,0.011087368322697773
a_ws[2],-0.024414027131096645,0.25460522179026457,0.015451833099838889,265.75106814644033,378.64899391304294,1.0108033366825417,0.010872604887135056
a_ws[3],-0.019111023171711473,0.25521054908458546,0.015215582736435878,274.5700637926962,425.51447018507844,1.0079571404476875,0.01123341418070398
a_ws[4],0.04788378588959932,0.2565796587019064,0.015379390380925182,271.85691390977024,363.3914636737936,1.0117407078099734,0.011122411779538181
a_ws[5],0.06249667783021261,0.2547876551154036,0.01539550186123797,267.89726626058007,348.0338016592609,1.0134334030900836,0.01096041173685841
a_ws[6],-0.018605618926914924,0.2661984449314898,0.015593504816860363,285.5549114069528,431.363848948358,1.013881999195986,0.011682834417048569
a_ws[7],-0.04013586469828314,0.25556863034590566,0.015471932865384638,267.1050239064227,346.8776392123934,1.011323784775669,0.010927998929821789
a_ws[8],-0.004697487914334903,0.2583967459948458,0.015528494256960294,271.39637267071873,373.7412194728328,1.0139184757845268,0.011103569774644792
a_ws[9],0.016275364721147993,0.2541118198225019,0.015363948813495131,266.63592755594124,364.33260768283486,1.0103725326175288,0.01090880691186169
a_ws[10],0.004885407675234379,0.2548952043163993,0.015432484727145535,264.0135856592635,373.8379692316622,1.0149629858274616,0.01080151971440875
a_ws[11],0.13660528307274064,0.26254561445826186,0.015581148420460583,278.316917227554,337.02387903125197,1.0095348281311651,0.011386708228593808
a_ws[12],-0.06040116216083523,0.2578696326314137,0.015230331059858845,282.53744430190744,355.0691148996527,1.010037515974519,0.011559381563888232
b_ws[1],0.00780058819766958,0.2763811563564501,0.019961550038291156,191.89261965084197,290.9306174814809,1.0351167422110203,0.007850853239360118
b_ws[2],0.0029085294697533044,0.2764662442996054,0.020000793192056974,191.53503415390452,251.87369040874424,1.0347705118932342,0.007836223436181197
b_ws[3],-0.05319934769835991,0.2795847433353701,0.020056876502752428,192.8259866532868,258.8366818545221,1.0362994966636652,0.007889039842721879
b_ws[4],0.014400990103891486,0.27658255736915227,0.020136796045088116,188.99662883329074,268.34983310294507,1.035874240874477,0.007732370314209071
b_ws[5],0.027847871469078175,0.27584191193651253,0.02023024942497886,184.94698339221324,258.093188452105,1.0361984833913802,0.007566688215089301
b_ws[6],-0.18778068429286693,0.2942271137437404,0.020078675468564733,208.7787826377306,384.0266063120592,1.0295399183358955,0.008541712469002179
b_ws[7],-0.02392559819601191,0.27570844622036905,0.01994245452212388,189.91224319488038,296.9888752569833,1.034438087820219,0.007769830608355715
b_ws[8],-0.01856980116120564,0.275769897600994,0.020118002894474272,187.16927239739329,261.8727800485946,1.0355942441086634,0.007657608151806291
b_ws[9],0.007021508009672392,0.27535742104137273,0.02015148421526327,186.0287509205304,258.09224670525106,1.0367210670130584,0.007610946290878648
b_ws[10],0.03952017225307422,0.2769170131234801,0.019860670050282764,192.80589583046302,274.6242342310004,1.0339929116777469,0.007888217872071135
b_ws[11],0.17607953275495047,0.2794859904039162,0.020109538944526783,194.40698156979082,301.2491081988203,1.030554350361578,0.00795372267984314
b_ws[12],-0.06749798444599098,0.27779309263370694,0.02048102910108181,181.04854219746042,248.89736062175902,1.0381235312558639,0.007407192296288622
a_ps[1],0.1415189957647994,0.19771406364620805,0.012299353057795686,257.5634124292284,318.20133358939734,1.014763683729579,0.010537625441197011
a_ps[2],0.13171279955106666,0.19855568927674425,0.012403390406010144,254.93930606670096,296.1004369808413,1.0137784890492398,0.010430266054607996
a_ps[3],0.24827841583638727,0.1987706582227927,0.012388223229534397,254.89001666552912,350.3121462936985,1.01364529428857,0.010428249490054548
a_ps[4],0.13000415338292537,0.19772088651808467,0.012284989335416515,257.3914885468648,298.29719385801724,1.0140529178182789,0.010530591563754339
a_ps[5],0.13946594440510246,0.19909533917769157,0.012387356653317595,255.5714541953642,345.72498478726584,1.013500843700862,0.010456128967901384
a_ps[6],0.07997100869791451,0.19821879888990826,0.012294957772253413,256.62680746859826,312.2171653460769,1.0124648321884853,0.010499306364087411
a_ps[7],0.21729495538346147,0.1978231784249322,0.012412046327058996,251.66500318362205,297.0726562696695,1.0136875520184356,0.01029630534552476
a_ps[8],-0.4478054055808175,0.19870212979182575,0.012330239736290499,258.2583121007009,396.00984468728785,1.0124501394367273,0.01056605569217142
a_ps[9],0.006314813403547855,0.19867040385645152,0.012290166409220473,258.78270176114137,336.0981993576946,1.0118209105086517,0.010587509911056165
a_ps[10],0.03638223044602332,0.19816211800738173,0.012251377118044802,259.93839884872597,381.24195809903335,1.012956189074838,0.010634792647829948
a_ps[11],-0.11462910904721857,0.19952613183383414,0.012282798480123305,260.4190556647067,375.7698070103309,1.0133977452495928,0.010654457636132413
a_ps[12],-0.4496733870277973,0.19882882768058868,0.01253292398773393,250.71468637826737,324.1410027611289,1.0141752513601021,0.010257425279249608
a_ps[13],-0.16201156414265747,0.19851079917336822,0.012304728095148923,258.03958439580134,276.1134583950955,1.0128991795151763,0.01055710694201275
a_ps[14],-0.5150077085695973,0.1991448028175594,0.012273806976704812,261.051957144333,357.51883670953407,1.0135352164774887,0.010680351371079389
a_ps[15],0.08645523259831943,0.19779166294049297,0.012027555324805914,266.70478310859806,309.1250691935719,1.0120514582885485,0.010911623981322763
a_ps[16],0.17355976594055136,0.19813832665477957,0.01231750088138526,254.7277855307146,309.6422052903602,1.01379375851483,0.010421612169491615
a_ps[17],0.13947127332318623,0.19916419748566172,0.01242367525965579,257.64533066879704,338.90223365167884,1.013334377642444,0.010540976940997527
a_ps[18],0.03429215257428952,0.1980651316958614,0.012204321201405377,261.6401651115575,350.29852883014695,1.0134287905836998,0.010704416571884425
a_ps[19],-0.3596599380968806,0.1977496892249241,0.012162407271411465,264.0896736794542,361.9384562420427,1.0137193656353853,0.010804632683948054
a_ps[20],0.050591385961746525,0.19802764710624682,0.012352605273765548,254.22430424891084,332.37845451065556,1.0135216006358199,0.01040101336970766
a_ps[21],0.27541718235746715,0.19930653939626497,0.012493358056109675,252.14289476641716,290.6954555783916,1.0126769318443474,0.010315857200555332
a_ps[22],0.17398238216468354,0.19822895161237708,0.01238774545327581,255.109045908404,284.94664915325376,1.014238654584217,0.010437210576958606
a_ps[23],0.037769018026809924,0.1986892868476097,0.012398074762202105,254.57974471807188,299.5498925863363,1.0132842298200742,0.010415555413918583
b_ps[1],0.04834663430712853,0.18477804519001215,0.011842470348405534,241.31954943065222,432.23409305443136,1.014667507550423,0.009873044465262984
b_ps[2],0.0602104128049706,0.18488649391663145,0.011794311187924254,244.02483130957125,388.69837554627605,1.0130135320521116,0.009983724964810798
b_ps[3],-0.13679494707432632,0.18488964569982158,0.011763099961329041,245.1800494309435,375.98422091045467,1.0135725713741395,0.01003098810576351
b_ps[4],0.04138313385615557,0.18375181705857688,0.011697080795551465,244.11516444087889,338.90605083158744,1.0149325936049096,0.009987420740905983
b_ps[5],0.014700376199234306,0.184604639352143,0.011870529188136296,239.4589456411162,316.03952747891606,1.0150687752656455,0.009796922062458628
b_ps[6],-0.10604950726678325,0.18426290031592835,0.012005146959724461,235.28464397609577,348.50576923590717,1.015487412603619,0.009626139935410062
b_ps[7],0.0064659277955457315,0.18409848103674184,0.011884453059955434,238.48857922095067,330.786721246412,1.0157060645718692,0.009757221711465534
b_ps[8],-0.020529670534859518,0.18487873194711174,0.011827734820704842,242.56574625772777,359.2766469551996,1.0146262422168923,0.009924029794529573
b_ps[9],0.019728726004046866,0.1835244223917968,0.011603410474370178,248.39967450745053,335.85558570344216,1.0130571717955081,0.010162711795853376
b_ps[10],-0.0016947711064112122,0.1846408245825022,0.011786169082446918,243.77424056723615,377.0727154149953,1.0152466896377832,0.009973472610422208
b_ps[11],-0.025947143695364917,0.18498938379862193,0.011966565180888176,238.2445173632654,390.83753530499183,1.0142970738343857,0.009747236471650166
b_ps[12],0.05211130671009428,0.18510930295365202,0.011671554760966393,248.03831819893165,378.2074080945576,1.013935243016049,0.010147927718433095
b_ps[13],-0.008424755135371643,0.1850094069879549,0.011761508905118654,245.3103425219917,329.5072343349178,1.0150380741215206,0.010036318753381866
b_ps[14],-0.0111478200659294,0.18433231481110612,0.01180748058092605,243.0262834882746,382.4762563245182,1.0147102526436476,0.009942871635424044
b_ps[15],-0.0588215058317617,0.18406793717266884,0.011771834214644526,242.94599510341533,320.7450406386205,1.0150450436566802,0.00993958681744875
b_ps[16],0.014467916237502383,0.1846301394253675,0.011738430740630166,245.41559798919255,317.2731593872759,1.0130163805705732,0.010040625043155478
b_ps[17],-0.05847040150597105,0.1841736937602371,0.011890098946600727,239.30747807050662,312.47880223549686,1.0141319742223591,0.009790725108821004
b_ps[18],-0.016173413306759036,0.18476725494259597,0.011797394993823195,242.38473560278135,330.93177795505125,1.0137011635497262,0.00991662415230461
b_ps[19],-0.00641095927812587,0.18373403358904558,0.011780842795109313,242.84752014461606,364.02199798223387,1.0146092825866613,0.009935557936865996
b_ps[20],-0.026338387183270452,0.18363980037389543,0.011724933107670428,243.112892444738,312.1449933726707,1.0137558035455534,0.009946415045314667
b_ps[21],0.04823684244445,0.18454142629230405,0.011833789740224346,240.4902708297147,349.02484238898643,1.0136855378216714,0.00983911640381722
b_ps[22],0.06741414400277017,0.18495232833187641,0.01180905615224318,242.91573279831684,369.76651750021676,1.0147233915689833,0.009938348703567948
b_ps[23],-0.03752645208010119,0.18441078448560602,0.011802605967097538,241.86922956984935,320.3274116392709,1.0134562497155875,0.00989553338698014
a_e,-0.025903082828163858,0.3225304939263409,0.021205490051919997,229.11737329032462,310.56460425194757,1.0209222739798889,0.009373819981002767
b_e,0.02816681457572294,0.3248187720430785,0.02247121309478762,215.92356524799385,180.51527469924906,1.0315358100726357,0.008834025116577538
σ,0.9695222378503682,0.0035253238226387673,0.00011353377753163985,971.4134348702053,700.1071990073824,1.0033312944543094,0.039743187235576564
