parameters,mean,std,mcse,ess_bulk,ess_tail,rhat,ess_per_sec
a_ws[1],-0.08243782126937434,0.28515038256310626,0.0159201425859572,322.21433109231907,342.7701012100171,1.0053305458134265,0.011495469074097528
a_ws[2],-0.09227921931428343,0.28476134311159923,0.01582814149017003,324.95281836603465,313.4373764941622,1.0035140093281265,0.011593168626001652
a_ws[3],-0.06948329453942999,0.2856294375912646,0.015924895318107347,323.34849274724,326.2985413886526,1.00470738006667,0.01153593195538829
a_ws[4],0.011388425060909438,0.2856943344778124,0.01606646907506419,317.5270508992262,333.19331247929625,1.0035988470417712,0.011328243475165707
a_ws[5],-0.18068248065862633,0.28490251574845893,0.015895251259208196,323.5434910610184,325.3172005224391,1.0039870937583926,0.011542888806369877
a_ws[6],0.2271505468699505,0.29297253970952225,0.01603030513772214,338.60563696343763,401.5852301078571,1.0058884325319848,0.012080252963401105
a_ws[7],-0.0383627596202386,0.28502068525322866,0.015842142207318433,325.28764712553476,330.08470991121726,1.0051294917031481,0.011605114133319418
a_ws[8],-0.110694638844827,0.28832710923934385,0.015991637679656674,327.865835795308,354.22234322713143,1.0046040015418827,0.011697094797308181
a_ws[9],-0.01270750976317047,0.28435549298139184,0.01586905517202256,323.04502140706614,324.2544355306276,1.004231136596983,0.011525105170018387
a_ws[10],-0.03091328012738781,0.28402102147758246,0.015796139739970058,324.82520151446744,335.7677681760424,1.0047453352345495,0.011588615707558978
a_ws[11],-0.03013119571499092,0.2919327320791919,0.016126929294660235,328.34307421172764,394.1760420076621,1.0075644161016624,0.011714120978106302
a_ws[12],-0.05445899334802844,0.28779948190321086,0.01593658603361446,327.38636150229115,381.28917173934644,1.0040649293734698,0.011679988848331565
b_ws[1],0.020250800046122903,0.2806890669839441,0.016808849446724717,281.6038370486806,301.04762265975165,1.017116699451388,0.010046630107873171
b_ws[2],-0.019372485726646314,0.2803407700627934,0.01676846970910984,283.08117299119914,288.78662978860837,1.0202851957274877,0.010099336235442678
b_ws[3],0.041394394428301125,0.2873011920152894,0.01703552462122312,285.462297586616,349.17389734612823,1.0163787893826288,0.010184286349409969
b_ws[4],0.01952902397435684,0.2817086580636789,0.016860611584857108,282.4880631035446,322.41937767553895,1.0182870344865322,0.010078176169880229
b_ws[5],0.12566881637909932,0.2796004001393161,0.0168158627113757,279.22557845212697,291.5031128937252,1.0181948038229847,0.009961782242620848
b_ws[6],-0.01000364017288641,0.2997512177071995,0.017743056764801597,285.51449162569673,316.1060915924663,1.007716903019101,0.010186148448342909
b_ws[7],0.025247149121335626,0.2788666320438762,0.016715585270306563,283.35297737767775,301.89128534420865,1.015078829536339,0.010109033255771898
b_ws[8],-0.010569916363588784,0.281363753833604,0.016848557463301356,282.0814713372977,288.3476335671849,1.0201160738262396,0.010063670411992834
b_ws[9],0.04101805147196604,0.2798881353213843,0.016876301293410518,278.0194046404846,295.27994857657956,1.0191667269000437,0.009918750221969511
b_ws[10],0.043903180371483004,0.2807392586477293,0.016813528491418952,282.04711647727197,294.60950065726104,1.0197943169934884,0.01006244475194962
b_ws[11],0.03064212250493533,0.2884327756748425,0.01699219638386575,290.14753227622055,328.3144232138669,1.0143751438844295,0.010351438972003303
b_ws[12],0.0051521244424177545,0.2860883064416971,0.016724312786375255,296.84683682938686,310.5009666251568,1.0120324768275422,0.010590446492394504
a_ps[1],0.050507118461250715,0.21178558155645258,0.012002668407994162,309.09574377300163,324.22358719263156,1.0088036296966032,0.011027444221466582
a_ps[2],-0.012919652250565052,0.21285720137960373,0.0120500072973064,309.69893920870925,330.8338480803234,1.0096707299569763,0.011048964103755204
a_ps[3],-0.21511211890299978,0.2117116661472463,0.011955802820473253,311.1636046801003,301.1491555184836,1.0079589174664485,0.01110121819367478
a_ps[4],0.08265007782635625,0.21215275061706226,0.01189626079236055,313.91775869227604,305.2912117247436,1.007156722655091,0.011199476679462604
a_ps[5],0.10200249645394967,0.21220491278437678,0.01219754228315477,299.28282094365295,328.15338876617545,1.0074463773752664,0.01067735380019676
a_ps[6],-0.2994736758277428,0.21090605100979323,0.011930486880401409,310.0425440257448,305.67490331451967,1.0093697985214163,0.011061222709803397
a_ps[7],0.0710137538484319,0.21236132441216105,0.012089589864543804,306.0580706502545,299.4136943930632,1.0116156229029207,0.010919070775377517
a_ps[8],0.02296267090356471,0.21103934376163117,0.012231888963412603,295.3510559703534,301.3320856599941,1.008068624916891,0.01053708231536254
a_ps[9],0.11587849784901703,0.2130998819284582,0.012090385893461118,307.2265860629869,307.6388631681854,1.0100275252134774,0.010960759277388382
a_ps[10],0.22957115028182515,0.21207520637013663,0.012059491074846652,303.3570334555431,299.4734265944237,1.009235008987134,0.01082270730999554
a_ps[11],0.37988959349763585,0.21142741566397666,0.011809684941264156,315.2374772692298,292.57121332455694,1.0080724088850685,0.011246559576230277
a_ps[12],0.203454634040721,0.21202668293036256,0.012098326339734103,304.2086408512131,320.69613865664064,1.0096067827965067,0.010853089653471728
a_ps[13],-0.08553717934335922,0.21200110968224503,0.012127957576916985,304.40852562756453,319.35121357317803,1.0070738097534713,0.010860220836175927
a_ps[14],-0.06510044429788976,0.21251233688727347,0.012059425556638883,306.48506748173344,283.4664424021782,1.009906295742611,0.010934304513909147
a_ps[15],-0.24596282253245613,0.21200466938145324,0.012110782331029513,303.2187003155354,279.1814610946902,1.0106217438559104,0.010817772072237832
a_ps[16],0.0748251883181236,0.211763112263595,0.012046428636960406,305.6466586172785,293.76954962816774,1.0104445661014765,0.010904393047401378
a_ps[17],0.04038944576451345,0.21198679149432736,0.012161723194299803,302.0181998704159,297.0925218862661,1.0093217463574413,0.010774942457262212
a_ps[18],0.11817930235972274,0.21223772686481174,0.01230572717619922,293.72215081558414,297.5890895493802,1.0102627230778893,0.010478968733735647
a_ps[19],0.17316868884505135,0.2123989154811468,0.012136843422556028,304.8055710245824,304.7659668676662,1.0078227920877392,0.01087438601333288
a_ps[20],0.12182139435863171,0.2120823915257458,0.011842957314423795,315.0398751637742,308.2599462802747,1.0096045200744708,0.01123950983115984
a_ps[21],-0.03356619631729609,0.21281493499550505,0.012049299274084288,311.7147999759276,320.6735816600825,1.0074315659223847,0.01112088289466896
a_ps[22],-0.05437363536944716,0.21259520262988724,0.012240402114308218,298.69136609303786,306.51406828373183,1.009710775414183,0.01065625278050927
a_ps[23],-0.11137936885220014,0.2120083666283725,0.011986063117177221,307.7700507313607,307.9739074722877,1.0076395065892034,0.010980148176904356
b_ps[1],-0.03795128245529891,0.19785745279392702,0.011428262488958714,306.0759920520324,325.5238360401904,1.0066152253246659,0.010919710147683536
b_ps[2],-0.05868194977783203,0.19861060898782976,0.011762615328552627,290.3749817440609,282.8744892385866,1.0059425728318763,0.010359553565524378
b_ps[3],-0.0819897158155502,0.19821637944689924,0.011517610580074207,301.188478582748,366.45839191930787,1.0050453492279525,0.010745340932804338
b_ps[4],0.03201369131049761,0.1994479129873372,0.011556947945794432,306.5387284501614,320.86338302102536,1.0062274117045722,0.010936218947699097
b_ps[5],-0.0006707875863077823,0.19795677751637233,0.01154771321037751,298.4678685701421,317.7806708500803,1.006692645644705,0.010648279178423118
b_ps[6],-0.11327865749112549,0.19812860332230414,0.011362015501572675,306.19392762465316,396.2287761457907,1.0063606897554527,0.010923917672293636
b_ps[7],-0.026397220756063315,0.19916446307013688,0.011621009670432185,298.18109290145856,304.55162405533576,1.006133525898699,0.010638048035632605
b_ps[8],-0.030573455963682817,0.19911063499838405,0.011363250642675635,314.092938302356,396.8715664676991,1.0062782814110964,0.011205726469108085
b_ps[9],0.01842323343828808,0.198148157818926,0.011678891800400786,292.30729569178453,312.65501341252997,1.0065406887784103,0.010428491701057337
b_ps[10],0.03867654957182891,0.1979820230599077,0.011746317171136436,286.79605702173455,319.77789169051687,1.0058555831166314,0.01023187017439601
b_ps[11],0.11910643867857555,0.19851157751152732,0.01171258788661699,293.94325753962517,334.4947837551611,1.0057507838162223,0.010486857040564434
b_ps[12],0.035590037411835786,0.1984604071970704,0.011470272142600876,304.5073991972261,376.1187834677184,1.0062119210163898,0.010863748295859168
b_ps[13],-0.03980856669213782,0.1981182276713683,0.011522628884748072,299.9421392901574,325.77293303824183,1.0065728047516003,0.01070087594968196
b_ps[14],-0.0037904443529450603,0.1984644038144373,0.011535920327042986,304.7923488269358,329.8581319890382,1.0061659589939735,0.010873914292029788
b_ps[15],-0.09233505956527754,0.1974365009126942,0.01169247692095937,286.4291942826255,311.7243504624013,1.0064734131267603,0.010218781807849525
b_ps[16],-0.07131422004486292,0.198503602209926,0.011604578198761432,295.25951869509544,340.6537730932522,1.0065934628884468,0.010533816588747314
b_ps[17],-0.018477592953493854,0.19902529728215518,0.011748352756153825,293.9178906555771,383.2030723122476,1.0053934188052682,0.010485952039753041
b_ps[18],0.020191930062233486,0.19898135425876945,0.01153956319662317,303.1432493627237,312.3682186380981,1.0061102936916835,0.0108150802487807
b_ps[19],0.024613361718322208,0.19740852627034802,0.011531927349635302,294.177163252715,340.135063230662,1.0076881446624821,0.010495201970108578
b_ps[20],0.0372498625836217,0.1983548371341298,0.01172432361194405,290.0436644222482,316.4859856167972,1.0058481299418522,0.01034773333389874
b_ps[21],0.03925074688694351,0.1982413766820165,0.011414976879900725,305.98902517566177,297.3454882330561,1.0063568659765796,0.01091660747675515
b_ps[22],-0.07361829710504204,0.19768303478840007,0.011531313040099021,300.1064521152557,308.4391261489272,1.006288699521695,0.010706738050827468
b_ps[23],-0.09173861096014627,0.19906397406690868,0.011475191560257027,305.8245573505206,359.97813668660007,1.0058167811077225,0.010910739845755668
a_e,0.02367798880396428,0.3502699969981577,0.019114207328091905,336.1177166114157,346.21961524197485,1.0061329527771041,0.011991492754106466
b_e,-0.017469959071313938,0.3293567680229704,0.020125154395343563,270.03017947683554,386.1299337800821,1.0100285423293431,0.009633722890989575
σ,0.9875516692077638,0.0035716390535288477,0.00011804871504104647,909.4473802295379,731.6651083931423,0.999348441880954,0.032445869798858495
