parameters,mean,std,mcse,ess_bulk,ess_tail,rhat,ess_per_sec
σ_aw,0.02886488950556379,0.011175738435256502,0.0005570553014328777,389.8293796203971,741.1104152996825,1.006384290436879,0.0014484704116978257
a_ws[1],-0.05885274499115523,0.6676650961555344,0.021150604523609035,992.8384294711094,847.5812349223676,1.0060066841837174,0.0036890423448479224
a_ws[2],-0.5320819693770485,0.7137590322925195,0.021633579343744682,1144.2366101601704,651.1674010897356,1.0029612246647084,0.004251585335646946
a_ws[3],-0.35039505749428423,0.7414777534173985,0.026592132478522795,799.0245349244182,546.4480670925458,1.004035013537616,0.002968897311397201
a_ws[4],-0.29557397258228735,0.6865093878690844,0.0244992067174978,789.0654263215324,655.6384496112585,1.0035449029971018,0.002931892727103907
a_ws[5],1.5105940657670243,0.6234132570654771,0.024742686322331807,640.7517545331206,653.5958317673452,1.0060899154678271,0.0023808106987432704
a_ws[6],-0.13030431424710515,0.6017993847392388,0.01809537122741943,1093.3126638268027,874.9671736568541,1.00149123275709,0.00406236965984899
a_ws[7],0.7445015854181511,0.6914996307954933,0.023599570130200705,854.1765336254048,615.7748649356796,1.0006214852614521,0.0031738229594901342
a_ws[8],0.09433366780010144,0.5302407081390385,0.01703691389353629,984.0304733257984,610.8325379086282,0.999855829979242,0.003656315042774286
a_ws[9],-1.1810277936503626,0.7341624458896095,0.021867621455370807,1142.1488507503693,733.8337541822893,0.9981183694884069,0.004243827947697414
a_ws[10],0.14035306434605438,0.8116003453248349,0.03651185415446336,496.7371059235298,411.11948964972777,1.0050518307725278,0.001845702345531975
a_ws[11],-0.06803864085805411,0.8034900005831167,0.029139062603196632,749.7393652755597,616.8639787141651,1.0040004597892256,0.0027857707598751107
σ_bw,0.013135237002542134,0.010571271007108926,0.0006888259938114956,216.76916552879499,436.9222615483192,1.0130501192588846,0.0008054388377362289
b_ws[1],-0.12717622858650737,0.8889400166349816,0.030508295180731462,852.3508950998943,718.458703903497,0.9997482391693099,0.0031670395215942205
b_ws[2],0.21357685684225555,0.8879487477623855,0.03176171063036962,776.5244222042119,674.0357249073246,1.0039552875955435,0.0028852947169318464
b_ws[3],0.4090053721227536,0.9136121583876946,0.04007080093381362,525.208978184771,632.8206663658519,1.0038106881725957,0.001951493921775425
b_ws[4],0.07799027744605881,0.8372851029278511,0.031183095350979868,718.8127067775424,557.1741501675954,1.0011743766001089,0.0026708580516264856
b_ws[5],-0.2483543360560453,0.8244403728627291,0.031206566957832593,724.1568869388864,621.6391805644156,1.0057630442573289,0.0026907151666700642
b_ws[6],-0.28684221902731016,0.9157752979464234,0.03385908343980762,738.9606455233676,698.0081868739383,1.0003215447362515,0.0027457207855703615
b_ws[7],0.3326811285382984,0.9154661890882928,0.03671240789064754,654.0028079633529,456.6520601061886,1.0052088344384704,0.0024300470052428186
b_ws[8],-0.5052045634729706,0.8203423064013956,0.030362110636830846,727.7266344195267,634.2748468012792,1.0024217035282077,0.0027039791069302247
b_ws[9],-0.1899510974928107,0.8929335789315194,0.03237376849155752,785.2762004137976,737.0758962147113,1.0068983427400477,0.0029178132813321767
b_ws[10],0.5702751752454959,0.9759341428576057,0.04877052264600419,409.05665373152146,573.2607605167765,1.0122037870294365,0.001519912276019819
b_ws[11],-0.01628565273375547,0.9238225537668179,0.03627137843801757,665.0462921616612,536.1131031493092,1.001693854698412,0.002471080752157632
σ_ap,0.21917516568012355,0.03669090407151633,0.0017256587902624869,426.1282489043001,651.5995953218147,1.0124597362992418,0.001583344387043191
a_ps[1],-1.0035890378676726,0.27766848827106827,0.009914147326106595,786.9431066674326,721.1424259172769,1.001988122211767,0.0029240069253048694
a_ps[2],1.1074751647630374,0.2944070588972893,0.014262954256318666,428.7181225972861,768.6833264767675,1.017558363313849,0.0015929674570590471
a_ps[3],-0.8170358782124446,0.2606962242410872,0.009420028801527291,766.4307226049224,706.6233722397302,1.0034475772982956,0.0028477900392998683
a_ps[4],1.2312580870123127,0.3099232049816212,0.014773840858394451,437.9686775660531,693.036070798863,1.0161775317915416,0.0016273393024471268
a_ps[5],0.7239071560565539,0.2700746343542653,0.012478106835196243,476.59745814278415,644.9771111978632,1.0124141129393294,0.0017708704179311557
a_ps[6],-2.790162391994315,0.48171946713331065,0.020080293347759248,575.3128775395502,715.8304722881508,1.005358587282409,0.0021376625881718713
a_ps[7],0.07474077429276547,0.2360422084218499,0.009377916975181848,632.5139482664404,735.2853580649579,1.0049557911146965,0.0023502018753492914
a_ps[8],0.42523106644754394,0.24276277639802943,0.01080286116806632,495.1171379574015,776.1436090560369,1.0133920545742434,0.0018396831079128915
a_ps[9],-0.24597271841490803,0.23049899079992778,0.00862557844770582,721.4886127692624,807.1652764406905,1.0035298358799407,0.002680800787746748
a_ps[10],-0.2514248283540519,0.23450501393219347,0.0086017542088305,747.6489551155756,709.2111274742884,1.0016126469360456,0.002778003522659696
a_ps[11],0.5810904189909841,0.2544910050493617,0.011355445322345024,506.4048809118078,689.011859308674,1.0162128098619219,0.001881624435424505
a_ps[12],-0.16129288383094212,0.23226231606671585,0.008476954616234416,750.7217003839575,794.9440436219779,1.0043418518021359,0.0027894207755313743
a_ps[13],0.39701892465923216,0.2451996864316066,0.01057316760067435,540.7532936661995,760.9897559230226,1.0148923686233526,0.002009251192576488
a_ps[14],-0.10966640023909344,0.2320588905360609,0.008883444434433015,692.9496530454568,794.2037395619413,1.0092016939340733,0.0025747599378220408
a_ps[15],-1.0082894483484819,0.27363457991867957,0.011071122928073445,627.9379060244274,820.1620565876229,1.0021833083970126,0.0023331988936943697
a_ps[16],-0.45692375328952556,0.2361390915388199,0.008942664851663456,699.8493544805538,712.2301658128811,1.0050009512417626,0.0026003968289871416
a_ps[17],0.0972418343176975,0.2352022596877229,0.009688155158377947,590.1735960915361,840.2999314164875,1.0061279183091576,0.0021928798505036155
a_ps[18],-0.022280857381739547,0.23324325135946125,0.00901498373455987,670.6121991171331,769.7211012368508,1.0063689551555692,0.0024917617268628085
a_ps[19],-0.5511112285723557,0.24213218778690496,0.008655592662683675,784.9799642203457,713.6439197259332,1.0033646335544821,0.0029167125706532973
a_ps[20],0.7869209487667158,0.27076075876282324,0.01200257222189114,505.99226642695527,690.9256469245199,1.0130399335038751,0.0018800913034852733
a_ps[21],2.1467697776911487,0.42637379152758276,0.020400222682392624,439.05046174100596,621.3540170537591,1.015703273007715,0.0016313588362513465
a_ps[22],0.3104833609272149,0.24671689963826215,0.01125830802184963,475.99314858279786,713.8195224165382,1.0086858417359155,0.0017686250137545936
a_ps[23],-0.5889123525408151,0.25415188849887305,0.009592691032931009,703.1754608696208,691.8120991825227,1.0005457377199296,0.0026127554836770832
σ_bp,0.05236357448315758,0.010195031550937591,0.0005477896808371418,330.73013504250747,615.70587592599,1.0118819295124066,0.001228878170579098
b_ps[1],-0.25970771343464827,0.46409488949130484,0.014287124279595753,1059.5417136543501,611.4783966304069,1.0048664983490736,0.003936888552839169
b_ps[2],1.479101379166119,0.5048485179432232,0.014749023879768963,1195.5408236656663,676.9231331314596,1.005179468444202,0.0044422139520188106
b_ps[3],-0.7171758719679902,0.4783094776804426,0.014605053180331342,1166.7451790960451,496.7016512466512,1.0014325616430528,0.004335219350469079
b_ps[4],-0.16919465910119572,0.46210210888745873,0.012969438883535396,1286.072173487742,836.1858649936086,1.0023369943738742,0.004778596965726073
b_ps[5],0.6779346704530972,0.4622295979588908,0.012950489892371323,1306.7318894779992,745.8971958113566,1.008021390990401,0.004855361285939978
b_ps[6],0.5351396039400487,0.4946582973429723,0.013705488720648362,1335.7537494777355,609.8335260972116,1.007584731488207,0.004963196425361715
b_ps[7],-0.4902166304039274,0.47071130003552525,0.013369022803072795,1230.2066464212824,846.3546363772267,1.0035693811374111,0.004571020094356174
b_ps[8],0.6505106022928607,0.45470862177487426,0.013032596959215294,1238.0367662513495,728.2264438781996,1.00712012360531,0.004600114096724454
b_ps[9],-0.9660987271998316,0.46779334460634664,0.014750267734007014,1013.1089182856203,640.4879330482235,1.0047345589497128,0.0037643604322303093
b_ps[10],-1.4096002385871758,0.5067618683218112,0.016719639583124907,965.789738283894,911.954089574881,1.002016091555644,0.0035885388145650465
b_ps[11],-1.752242588645229,0.48772381200455156,0.018406200228499318,709.0354343394149,790.5078434981939,1.002545888391674,0.0026345291072879984
b_ps[12],-0.04504551289429555,0.4649767082210607,0.011492716509020505,1619.35088463774,640.8213670254454,1.0009566432993684,0.006016944758854541
b_ps[13],0.1458538720277203,0.44957002639223714,0.01379467273895762,1056.825508069089,532.1639095780595,1.0039128099373114,0.0039267960774434715
b_ps[14],1.1330996678736849,0.4587508769487285,0.013617499695810817,1135.111133956493,815.0864076905374,1.0045066262235323,0.00421767823945386
b_ps[15],0.46473160219105647,0.49222983157826833,0.014950247355527448,1068.0403792432303,537.5749681327195,1.0057368059047966,0.003968466638760745
b_ps[16],-0.6290716369637185,0.4787351455347301,0.014827873854393036,1112.5561073947258,617.8343711958165,1.0006748437367692,0.004133871604249527
b_ps[17],0.5862557777828665,0.4492153338356604,0.012853902986817203,1222.8506011015102,861.1833946088091,1.0124966449526627,0.004543687588008978
b_ps[18],-0.6122872676859895,0.4353504434346572,0.013611055924550529,1018.0476810923651,620.8119530754012,1.001236318564855,0.00378271115736788
b_ps[19],-1.0641972160286723,0.48244098838676885,0.016072990917219986,924.0712146839245,468.94899987137217,1.008687983446608,0.0034335272884632524
b_ps[20],-0.3429055170128173,0.4655446992863867,0.012072001528975423,1396.1784635388915,783.0890653295199,0.9992239938234493,0.005187713650148911
b_ps[21],1.4743680411583464,0.4984563480058549,0.01426643336922509,1230.7013726389112,964.2651690406116,1.0004691892417028,0.004572858324940089
b_ps[22],0.2442244062688373,0.4595412435083977,0.012452443110997777,1350.4903240990843,881.4520126593543,1.0017414323581586,0.005017952412018202
b_ps[23],0.5285940239930976,0.457158288654489,0.011706847379802253,1527.4648021750083,726.8975952391377,1.0020334958034611,0.005675528029762198
a_e,-0.005847009459861491,0.047366027741361255,0.0019498741775795182,592.4096295240681,670.6801810536343,1.0081353575424945,0.002201188173159398
b_e,0.026462510332569467,0.01475745450319383,0.0006600590510225243,509.0326894366971,627.6954705009714,1.0031472136148554,0.0018913884580838947
aL,0.004851033644927522,0.006242270615361695,0.0002034233696967005,942.8147505210405,917.5723033107635,1.0028759112563528,0.003503171749578774
σ,0.9802460969018782,0.003453896938958921,0.00010633259377982712,1053.1639399640785,857.1435615380858,1.001262267277909,0.003913190963673727
