parameters,mean,std,mcse,ess_bulk,ess_tail,rhat,ess_per_sec
σ_aw,0.028614148203587594,0.010582471026350309,0.0005155343817800673,409.4211717365861,564.9663978299795,1.00611801634788,0.0018960988580961678
a_ws[1],0.10990083675460612,0.7123278857969181,0.02483936764487304,832.2848652491525,727.7477067598493,0.9999682067417255,0.003854452313533403
a_ws[2],-1.0078153983633256,0.6349107160509501,0.019565529239620554,1056.615343331312,717.7578218525433,1.006839773588606,0.0048933647897094375
a_ws[3],0.1339824114015787,0.7270583679425289,0.02408314924605795,949.825699017179,626.4487171179192,1.0005651040009602,0.00439880384216079
a_ws[4],0.7850948161796545,0.6490634739119229,0.02459402742674235,699.2969588050619,633.1208362659174,1.006617276311982,0.003238562772502354
a_ws[5],1.404457361689426,0.6188463591100019,0.020109545827546493,947.0332093021996,790.7168243749625,1.0030588314900213,0.0043858713488621175
a_ws[6],-1.0142381306702553,0.6099752658535861,0.019345860912115903,1027.4631259799555,764.2193306458857,1.007384120961098,0.0047583559287938575
a_ws[7],0.08502051384044125,0.7093883844532062,0.02492702189542073,816.5975336578919,725.9233250922764,1.0014822357855544,0.0037818016213608386
a_ws[8],-0.09833669564137505,0.5253286227764924,0.016636141993202704,1033.8298331470373,736.4560655889256,1.0040472779425635,0.00478784122907311
a_ws[9],-0.2904859099117365,0.6994278789036122,0.019395084929524634,1285.6125100289767,822.865720833691,1.008169977938825,0.005953889492037378
a_ws[10],0.04718999202332766,0.7623930662737126,0.025276976652143176,910.9196954365019,812.2785527908403,1.004347552465364,0.004218623543595602
a_ws[11],-0.06092354628938557,0.7986314728948232,0.029228737882118966,726.9518574116491,688.8866178987572,1.006792574792829,0.0033666372964609053
σ_bw,0.014622640199316871,0.010183185599837481,0.0006203860450668344,211.51473187532267,168.9686681980263,1.0141089106959282,0.0009795605827569325
b_ws[1],-0.051382733389929304,0.8721914096291373,0.03251758017295945,705.9705551154697,545.3856123516565,1.0039939252838046,0.003269469328433224
b_ws[2],-0.18505791218357381,0.8939663158610475,0.03646026350262599,600.7120187977122,513.8449158991101,1.0057866372718252,0.002781999201594301
b_ws[3],-0.23914031584334386,0.9673340667331513,0.0383937619663243,640.7176138587614,841.2383039085157,1.0186602519746957,0.0029672718947258534
b_ws[4],-0.15298256410489863,0.871286275083381,0.034331836207515766,638.0052319133305,745.1890065779501,1.002287345301466,0.002954710394089142
b_ws[5],0.8949001187848579,0.762478511568869,0.030791551513899562,657.0850822453183,439.07438797152287,1.00234703237018,0.003043072415705366
b_ws[6],-0.16806346971256841,0.8684879630127337,0.03303988898570883,693.9682473470511,591.2071337376914,1.0046772008705809,0.0032138846063298468
b_ws[7],-0.28718427934228463,0.8649333918668134,0.03862051212485093,504.399767047084,532.3844413252442,1.003421287127102,0.002335960835306469
b_ws[8],-0.21941611365144226,0.7196461527433321,0.02530252272623959,810.0413131481338,702.9782074424182,1.0002742880448339,0.0037514386526622465
b_ws[9],0.319785268295099,0.9207798448726806,0.036821343180850306,635.2492262467388,665.5240292778273,1.0092994895572036,0.0029419468646039275
b_ws[10],0.5282571259829727,0.9288775572225454,0.04142924530785016,510.6221584219859,697.6040514423092,1.0021735620281476,0.002364777784685359
b_ws[11],-0.25165070700119513,0.9542924821851534,0.03887480012327278,603.6968408369295,526.9362532690991,1.002265164119817,0.002795822418493845
σ_ap,0.24598120355160336,0.04249244190798364,0.002787193055842959,214.7050137890211,749.7871999614313,1.0220129298454717,0.000994335319168122
a_ps[1],0.5910274681580913,0.2416211177244111,0.011096657998490526,470.54225148462854,763.1730264639767,1.0093557584082973,0.002179160940656057
a_ps[2],0.5523426971650705,0.24719295578023048,0.010022220950454073,608.1552599608749,794.0981755902985,1.0081949353542035,0.0028164701133210823
a_ps[3],1.0250625356755227,0.2798351809036773,0.01519909079029626,341.48620718225396,730.6084141209308,1.0159354983812727,0.001581480519796976
a_ps[4],0.5333525215663962,0.2415597013701974,0.01005874975640242,578.7582959245931,629.324894880151,1.008251858575587,0.0026803277890141463
a_ps[5],0.5901285721449862,0.2468815942496956,0.010920595239415833,514.0749420919685,783.9966780078329,1.011812072328742,0.0023807682112334987
a_ps[6],0.3325478665023051,0.22918954918148016,0.009621413906863273,568.609250613275,603.534319148331,1.0069293123278933,0.0026333258395450127
a_ps[7],0.9009253555395803,0.2764621383134189,0.013625965678182373,402.7187289544581,800.2504927929571,1.0112704559295402,0.0018650587092642352
a_ps[8],-1.8443144465869368,0.37412398938845265,0.01823383193468337,422.7782935041032,544.5815750894436,1.0072529791269291,0.0019579579535196337
a_ps[9],0.042361086274197775,0.2198859848139708,0.009169364970054088,575.2794470501066,603.8900268560787,1.0043157023596372,0.0026642166500849486
a_ps[10],0.15851557263735241,0.2238398062271086,0.00930270111460473,576.8411855386486,649.4195395804801,1.005992607657058,0.0026714493257968793
a_ps[11],-0.4861489983607379,0.23658862355479898,0.009894378358279571,571.8217710494644,849.9843830156237,1.005721410327411,0.0026482035663240966
a_ps[12],-1.8664667239436747,0.3777410679050171,0.018381772300811686,426.0262307562131,583.7418076799963,1.0050224443342384,0.0019729997015776844
a_ps[13],-0.6642990570914535,0.25159250945248146,0.010746670657375586,551.7454440052456,673.8560937307077,1.001415503965978,0.0025552266921144754
a_ps[14],-2.1292547634028147,0.412470719260032,0.0210090125131188,388.6774872330566,650.4015398035056,1.0105841214061955,0.0018000313383511094
a_ps[15],0.365679534926778,0.23588819859590682,0.009820808047265669,583.3752906746333,717.3959407766312,1.0066700620196722,0.002701709874450167
a_ps[16],0.7260818026398391,0.2577829435912444,0.01080066285155342,572.246594026511,753.7862862666143,1.012639959349955,0.00265017099355375
a_ps[17],0.5862551908609879,0.24149161784290302,0.010086433146641333,570.4727657636188,710.9890010806088,1.011839202101823,0.002641956094139871
a_ps[18],0.13864375783396599,0.22056352779584493,0.009140100559738405,579.2683786948887,719.3821443922819,1.005305600582611,0.002682690068800973
a_ps[19],-1.4828037725987482,0.3263436883217881,0.015310574988336408,454.3322588650041,760.4490341044192,1.0061369926555623,0.0021040897166510805
a_ps[20],0.21239756146092867,0.22657978252185407,0.009051537788387796,624.8683855332391,713.8486618274079,1.0127070277770438,0.0028938714313295373
a_ps[21],1.1437078391968023,0.2903458447639904,0.020287843347381502,216.7628745123953,710.6005122410583,1.0211720767331316,0.001003865621060329
a_ps[22],0.729778386731402,0.25479822385161177,0.012155088037365055,438.04087923800995,744.7296650192782,1.0108326779768875,0.002028641575616916
a_ps[23],0.15453374861262067,0.22822340094560697,0.009355636091825544,594.9017444294595,644.7325657879682,1.006172410592224,0.0027550908359420304
σ_bp,0.04891645917011879,0.009841123368929953,0.0005171445508756845,372.08656585790453,557.0913037746412,1.007538636331917,0.0017231959686980017
b_ps[1],0.9028830164736028,0.49362879172610075,0.012541472655514864,1572.4142848146112,758.3928512592416,1.00261264884823,0.007282117134404807
b_ps[2],1.1112080523191805,0.5030964996433906,0.014580622825175225,1224.9871195717153,635.2151372702617,1.0063382453740366,0.005673123030620465
b_ps[3],-2.2054118794891457,0.5326300392214354,0.01634682606660001,1060.2619317729736,897.2041959571142,0.9974107939174848,0.0049102527590121825
b_ps[4],0.8254503131817765,0.4931295584702249,0.013573406325553723,1368.920932541729,623.9004584133179,1.0122048749850057,0.00633970492050245
b_ps[5],0.33985760907577245,0.48650976626744263,0.01276288779172907,1489.307382460413,528.6860994338181,1.001824011426051,0.006897234979958998
b_ps[6],-1.668198764035472,0.5192097146229182,0.015187623129232546,1175.3067717563656,762.5861450786433,1.0013259628649942,0.005443044917261172
b_ps[7],0.23318477765308498,0.47109470875108855,0.013204230719346885,1264.785990457883,778.4259686604838,0.9978672157568211,0.005857438349050872
b_ps[8],-0.2261293181362839,0.493746016575598,0.011295111632459966,1917.9658441970837,819.3390232731231,1.003552695321572,0.008882424989466097
b_ps[9],0.43383205852361295,0.478082560280395,0.012584957225311442,1428.6212800733972,836.8410917887096,1.0004455802938295,0.006616187351302511
b_ps[10],0.07395601668807493,0.49878449070432573,0.012883147447609333,1507.7836517319379,564.9280096658786,1.005870030727979,0.006982801715355268
b_ps[11],-0.32532858988917435,0.46852352751285087,0.011990899124737846,1539.4579471864054,764.9435134384735,0.9999910472498466,0.007129490747550351
b_ps[12],0.9917933580664869,0.5122140295455814,0.014869606543333316,1214.1472002829494,806.7112949912408,1.0007632966346844,0.005622921526633496
b_ps[13],-0.019920692709943878,0.5113340452435928,0.013004683581190836,1542.8013625216686,526.3450697300758,1.008468085235689,0.007144974670798493
b_ps[14],-0.09261761559202075,0.496731973422293,0.013408203629633809,1354.7468595479786,703.2223817295819,1.0024325183127476,0.006274062385447343
b_ps[15],-0.8952207338430704,0.5141267945723461,0.014604608646720198,1245.0212987648006,686.6164960367657,1.0018839898192609,0.005765904710985893
b_ps[16],0.3228416594065933,0.48933800538848227,0.012218584073918634,1583.3124724048025,558.3941454672795,1.00959251277493,0.007332588488774274
b_ps[17],-0.8673506517596872,0.5027190415728328,0.014116727607286576,1292.7081995230465,682.4516960185382,1.0037361602217014,0.005986750833061938
b_ps[18],-0.15220220783567967,0.46361328778803007,0.011214173174743254,1781.8938674807112,745.9139836691919,1.0097155717783803,0.008252252596141997
b_ps[19],0.025980643534333183,0.4685975138413754,0.012536027088684804,1361.0395054596133,832.5872673465885,1.0125743352914076,0.006303204695496543
b_ps[20],-0.350449169007173,0.5061356774620799,0.011797029526234163,1844.0598722274458,846.2230921011856,1.0080589765793293,0.008540153903523633
b_ps[21],0.865375879858553,0.5085025726138076,0.012674538614956867,1621.8296168038062,893.4127509012126,0.9989733312307559,0.007510967914543354
b_ps[22],1.2567854658929336,0.5166429128808783,0.013327102474196833,1541.6009518489684,796.1809000054574,1.0007269675375494,0.007139415365459937
b_ps[23],-0.5762670470137939,0.4909607904833951,0.011381581329215873,1859.1240995519468,840.1236655740314,0.999714770730993,0.00860991889419799
a_e,-0.010384390322643539,0.05198114561811297,0.0022453300543770244,538.0977135266148,564.0252532861027,1.0067644759805703,0.0024920217384810923
b_e,0.030491446777257746,0.013810304479883535,0.0005145505301861909,718.6512116457886,819.3354313190747,1.002335957526665,0.0033281955986577566
aL,0.008400914848495422,0.006157768506719544,0.00018875402088608755,1059.3243695006945,933.5188789527264,1.0006328198791712,0.004905910749178342
σ,0.9696547089209163,0.003507239095757631,0.0001099315354738247,1013.7774582312038,790.7761765004519,1.0054391689698388,0.004694975281230798
