parameters,mean,std,mcse,ess_bulk,ess_tail,rhat,ess_per_sec
σ_aw,0.05621023882549856,0.017231248503294022,0.0007687894906905997,447.08842684740466,773.8363092696003,1.0029351049711996,0.00195071027826926
a_ws[1],-1.6558692026404258,0.6086111904284403,0.025615503427238076,556.1322301313843,489.6917061346723,1.00485043368141,0.0024264838726509174
a_ws[2],-0.4182262069240763,0.48715843278734994,0.016450427959298797,876.1682707582036,782.6313129748772,1.0054186561014267,0.0038228465525563253
a_ws[3],0.9040333234303851,0.5279693760854567,0.0216618820020756,593.7805090869101,585.1781482442112,1.0019779784261922,0.002590748658558155
a_ws[4],-0.7747261607059401,0.522232091905565,0.0221902273259448,549.0328796442378,667.1579580946201,1.0006312754914828,0.002395508398599921
a_ws[5],1.015240913334191,0.4976842967173558,0.016955144334883876,852.3119193977642,821.7045551801926,0.9991517643167757,0.0037187579047490865
a_ws[6],0.04585684399699553,0.44246286555587044,0.0180253666431532,603.9202370000695,505.67488304699805,0.9995313082245701,0.0026349897309530007
a_ws[7],0.9548214737513304,0.5531512465549178,0.018404484073599105,912.0491372091345,731.3517473592066,1.0003975878767635,0.003979399866791245
a_ws[8],-0.45748347808243417,0.3911926137017411,0.015956280122830683,600.9678908173158,739.6869779724586,1.0011636819316925,0.0026221082254210483
a_ws[9],0.054819738908781196,0.47836588450050177,0.01721850451749644,789.5856972460906,627.3266675593528,0.9990105046626758,0.0034450744924293276
a_ws[10],-0.12334787196698342,0.6084070644326256,0.02273667305353024,709.6385521858977,735.9172049336115,0.9988677585638503,0.0030962537486518772
a_ws[11],0.5358297442221741,0.6172190246893853,0.021379436641035237,831.1787010161415,662.7357516986203,1.0047256821958805,0.0036265506727242445
σ_bw,0.02535023418021881,0.01280580431468067,0.0007052056600309769,328.19124980538373,336.7740588746376,1.0052160243621497,0.0014319450153244618
b_ws[1],-0.2816312614396463,0.7491988691388751,0.026265893101773546,847.5262986967808,591.0554780852739,1.001077121279501,0.0036978775622290763
b_ws[2],-0.15579183963380794,0.7561295114693076,0.025819052011868196,865.4251665533966,637.9446292819733,1.0027195779275115,0.003775972863741322
b_ws[3],-0.5675651136182099,0.8861324283433999,0.034692552320378316,649.6043407142519,722.0054554055536,1.0021760709645442,0.0028343159611065507
b_ws[4],0.9865634477558465,0.7777559175007158,0.031016432735542627,623.5683586296108,633.7503239879318,1.007561855883293,0.0027207172750133442
b_ws[5],-0.6514020243596215,0.6620748454349746,0.025316868078074598,717.2711176685957,574.1576220961838,0.9995660413112406,0.003129555715427555
b_ws[6],-0.6982674886909392,0.7327020146226053,0.030628597848928612,570.52473408855,519.880812157058,1.0069167147437657,0.0024892804106808686
b_ws[7],0.29273083965977903,0.8309922189323429,0.03396152994800855,618.5366599492316,628.5102371167692,1.0079281800265938,0.0026987632593342054
b_ws[8],0.5931044642386138,0.5907281039630989,0.02287258775683235,663.8247372720987,603.0951654524608,1.0101220102067692,0.0028963615701196516
b_ws[9],0.7769976190433132,0.7971624898150589,0.02743054918798939,838.5655243633669,635.1581968102853,1.0033626523170673,0.003658780431675509
b_ws[10],-0.057927447295388915,0.9125763997271596,0.033341221761746906,747.259818653705,584.5496077950451,1.005910494787299,0.003260400675240309
b_ws[11],-0.04830352821578361,0.8458725715240789,0.03432300064735205,601.9474519172092,592.2021652953377,1.0019059344429087,0.0026263821895655213
σ_ap,0.20812241117730995,0.03402115697824807,0.001610481814639083,445.1242430698441,562.4404152598236,1.000789184044544,0.001942140265597908
a_ps[1],-0.28749574378635034,0.24248608046176337,0.00948332586704679,658.5564886144357,742.3730087935171,1.006940561836854,0.0028733754533072633
a_ps[2],-0.6331198105706484,0.2593928932860652,0.010368815633757342,622.0281593313894,742.314428075856,1.0090174456705383,0.002713997166817278
a_ps[3],-0.4478290086367013,0.2588444725913345,0.010440760766033768,614.6766364928671,726.4535876347234,1.0060583227043074,0.002681921428997003
a_ps[4],-0.17035185061683455,0.24393238215004612,0.009379495385730562,673.6593844089766,652.0118585738037,1.0078583843444728,0.0029392715317760896
a_ps[5],-0.3586601644271352,0.24829802948534951,0.009555700575076364,674.6832978783648,747.5740714242846,1.0072763566990217,0.0029437390116052544
a_ps[6],1.0496325701402807,0.28983973925204864,0.011282465762614723,664.0337928274777,654.7566306345725,1.00795049547657,0.002897273709186822
a_ps[7],-1.3316188996648324,0.3137438848368867,0.012610581339577917,618.202644781099,691.0928069978302,1.002453627407133,0.0026973059037364135
a_ps[8],0.5044831365009512,0.25263037306850705,0.010288595307606369,605.4912954185492,752.1538718991497,1.0128549921570178,0.002641844481871739
a_ps[9],0.9878404846071697,0.27947151396114583,0.01104111084601018,639.6231141864869,711.5856928686761,1.010075480937919,0.0027907664527581934
a_ps[10],0.31575224964623666,0.24464791176709696,0.009494963658388169,663.3552561748437,651.7663576395265,1.0066617033713647,0.0028943131574413676
a_ps[11],1.9110468816591992,0.37823000439378324,0.01662348646476334,512.8192648198241,700.4602881162978,1.0079711078324032,0.00223750325597211
a_ps[12],2.1760832498382876,0.4102208949710536,0.017552623505560434,547.5652472942592,658.6084238712565,1.0034692348857948,0.002389104910301171
a_ps[13],0.14563727661874398,0.2351649898644925,0.009802605290708,556.4452016196022,698.9116607397191,1.0119619283816637,0.0024278494116857273
a_ps[14],1.363630510143471,0.30936511233304265,0.013089649532021502,556.639409908633,691.5152996922806,1.0090352681418986,0.002428696770021994
a_ps[15],-0.5455958155916921,0.2587708909570904,0.010638017615286524,595.8642035863292,667.7419435065267,1.0026294959974755,0.002599840113475589
a_ps[16],-0.313800855551066,0.24263813417895702,0.009831243567205203,609.3312467939998,791.0055095882225,1.0099193751856874,0.002658598734870335
a_ps[17],-0.8995315816924774,0.28204245904604114,0.012279464868472669,535.4538656019683,549.1558423391588,1.007493680788672,0.002336261232557624
a_ps[18],-0.004436292417692111,0.2465501233795773,0.009229269011525557,711.161538291767,642.4757941899936,1.0050693995189766,0.003102898753246001
a_ps[19],0.22576730891184627,0.24316022154142786,0.009340240521771482,678.2591964056336,851.3318259027957,1.0084177572971336,0.0029593411645403647
a_ps[20],-0.31182393326648644,0.23986523865002657,0.009829844801107691,601.9336630868114,717.4494688692741,1.0092824878755595,0.002626322026940933
a_ps[21],-1.4019272537250578,0.3215660034718634,0.013658276108120388,556.5904471081932,707.1855643762872,1.0035316766723472,0.0024284831383725586
a_ps[22],-1.2597888875998875,0.30335033549485346,0.013489007865206694,510.3757386929179,609.7252195456126,1.0079263251230142,0.0022268418045796267
a_ps[23],-0.7456953538680141,0.2707670395875913,0.010627180093557748,648.4687021670042,788.9136375624148,1.0050066195094514,0.0028293610089013778
σ_bp,0.05867937817457214,0.01088717708731973,0.0005175194748333119,437.8920253264384,730.7245711010285,1.0136128684887986,0.001910585072845048
b_ps[1],-1.260529697173945,0.4532135628236276,0.015620373336373887,871.5608173407381,803.1886056298293,1.0002105140481248,0.0038027435791882307
b_ps[2],-0.5904305924909177,0.4369966842457372,0.013518224290144659,1057.2029571078956,619.2123728202293,1.003941503499491,0.0046127265901045305
b_ps[3],0.12831007959799115,0.4034531596256909,0.011955159834150879,1130.807402989969,870.2571987913237,0.9996797345242506,0.0049338732369120075
b_ps[4],0.07430926649150504,0.438701939559542,0.012702008147879907,1208.1948872955963,824.2222374982572,1.0014713623266127,0.005271525817429178
b_ps[5],-0.5917912872454305,0.4362928137730266,0.013387286811531863,1103.7365144988007,761.7466344814162,1.0019457112192234,0.004815759107244261
b_ps[6],-1.194728799209547,0.4831604737571696,0.015021150973576444,1045.8571103805264,894.9871043573172,0.998784274158612,0.004563223050093863
b_ps[7],-0.556342557063676,0.45550239820713223,0.014603718178189925,978.664571165713,694.2625237069452,0.9992171081500527,0.004270052462356679
b_ps[8],1.026744884395416,0.4346936671737132,0.013660366313381038,1003.5563428429289,784.6058223739209,1.0046916983455758,0.004378658796001834
b_ps[9],-0.284076503616353,0.45595109845119064,0.013993837803801307,1067.3476124773013,658.8784433116206,1.003250632274182,0.004656989161690516
b_ps[10],0.7459149041390605,0.4493731019780784,0.012975796082491647,1193.2369356985992,731.6584879675502,1.0004726826374868,0.005206262151071571
b_ps[11],1.3799386228447341,0.44881417434692183,0.015045622135193904,912.2343709274945,817.0160101043732,0.9999810458072825,0.003980208067801579
b_ps[12],1.484727513246479,0.4657111091827238,0.015212443040426763,931.6117423011672,722.3296328625204,1.0021574171352867,0.004064754290057888
b_ps[13],0.7447383652565885,0.41224059224730153,0.014612254846381395,791.2440862583037,761.4707538883439,1.002602339719793,0.0034523102791266134
b_ps[14],1.479929894754695,0.4539116865509667,0.014506612022892001,1013.7207269701005,782.1774844418572,0.9989299749578806,0.004423007446958791
b_ps[15],0.33362994898390813,0.429230480582496,0.012534620817281517,1166.0809300237913,717.5264232537318,1.0018300026649791,0.005087776643047749
b_ps[16],-1.2020533826730857,0.4477684184174703,0.013413330813995978,1098.993733859388,737.6280535820772,1.0041919122854879,0.004795065681994771
b_ps[17],-0.9719238772700582,0.43980773066244766,0.014690078350056921,888.3480859790269,795.106262028157,1.0019008918960577,0.003875988815500183
b_ps[18],-0.26880906216277545,0.4301885664495844,0.01196214369136935,1294.811968316148,608.7018369558247,0.9990452722846342,0.005649448438714432
b_ps[19],1.0804696765509163,0.43273212760749014,0.013249544244056097,1067.4385920880497,949.8587631411757,1.0042669135443492,0.004657386118648341
b_ps[20],0.020078161498928614,0.4274163471477488,0.013237198883014776,1042.7915136528336,736.997621244877,1.0042472300010923,0.0045498474163564685
b_ps[21],-0.9042579591376537,0.4303295202994706,0.012818252854664173,1128.618174659528,772.6780501760817,1.009228717145061,0.004924321322907472
b_ps[22],-0.8181438376311987,0.433305170548987,0.013277902939391878,1067.130629196901,650.224414466997,1.0040438939364353,0.004656042432833601
b_ps[23],-0.2166220973194626,0.41557591593700133,0.013127301398399552,1004.3412807956627,901.5777560413851,1.0020836587513693,0.004382083591725128
a_e,0.0004684600306596123,0.04899334541639147,0.002003135041168722,601.4105713796523,601.5863032448227,1.008933273481622,0.002624039703560684
b_e,-0.050307859891902416,0.01682759230306866,0.000662095968893439,664.8083845216304,678.4160965101921,0.9986945522195128,0.0029006533627150967
aL,0.05567647641860509,0.006467901840395499,0.00020173668994914393,1030.4323856107999,670.9333674935583,1.0012249192198466,0.0044959227861171135
σ,0.9723690262271942,0.0033403217442248044,9.627117367367935e-5,1207.5221056130365,820.1209751113739,1.0015144850201176,0.005268590375435174
