parameters,mean,std,mcse,ess_bulk,ess_tail,rhat,ess_per_sec
σ_aw,0.04024334777213398,0.012841997446810772,0.0005408975306297533,551.3873910806594,711.2293885413609,1.0027416432865521,0.005346303439005035
a_ws[1],0.7123832994020419,0.6041343012245141,0.01706372950745546,1268.6018900794343,789.2938119567331,1.003493026898357,0.012300481943134997
a_ws[2],0.39058245090630533,0.5810153653042585,0.017017492285059388,1173.1553228426023,781.0998137296631,1.0007197618125283,0.011375023147895966
a_ws[3],-0.9248264861193385,0.6297991661748908,0.01979803704132282,1016.0645735774688,746.1707747418174,1.0026308803806694,0.009851856629006157
a_ws[4],-0.6117920464386221,0.5709900731649685,0.019542325831843833,856.7196471381221,544.1423598784615,1.0041382358029147,0.008306833398531048
a_ws[5],1.812449262408326,0.5986478506394979,0.019463849496192766,968.4534102817842,781.243941966951,1.005254891725313,0.0093902143604663
a_ws[6],-0.21953551132086965,0.49110235368804395,0.016900095272588036,841.9933060655352,852.5274042749882,1.003994257424751,0.00816404542551261
a_ws[7],-0.5134457694848624,0.6246199506683174,0.019905592784624435,989.4122195047736,740.3990371126159,1.003001379381366,0.009593432924472105
a_ws[8],-0.18217822470812414,0.4291791717618634,0.01861294878844083,533.401145525751,756.5362700343957,1.0102577478908237,0.005171907128859942
a_ws[9],0.559277314230452,0.548807845831872,0.01525267644360715,1323.41301543964,834.8273591483362,1.008370442410528,0.012831935713658628
a_ws[10],-0.3279944735461406,0.7082942477123584,0.02254953290776755,966.1664224003333,740.3275927051736,1.006788234941129,0.00936803951321127
a_ws[11],-0.5900944908260586,0.7467019758595868,0.02470929268161911,917.8664111200453,636.3058133291008,1.0006921217409968,0.008899718110529772
σ_bw,0.013200518723311844,0.010344816979566039,0.0006698364403293145,209.40573844615753,298.37037336789075,1.009414976169498,0.002030417520806725
b_ws[1],-0.3667936891698268,0.8775320905297551,0.03286774981573997,706.1291278660219,643.6986592645965,1.0088203349988503,0.0068466937143644045
b_ws[2],-0.7495943454442915,0.8945089600695136,0.03842476115445758,546.987860984915,685.5628899567099,1.0035744469794576,0.005303645185912258
b_ws[3],0.023938417240175574,0.9934059482963079,0.046313429230988204,463.4114881934904,686.1167068399013,1.0175193746404456,0.004493280900289708
b_ws[4],0.3266629798913359,0.8908504445643318,0.03519832371978986,643.2858401794263,805.4153517267308,1.0015689222885023,0.006237359350699058
b_ws[5],0.07123917991657047,0.7720390043095042,0.0271671739875633,819.5363124360027,687.4627046773886,1.0005571261507318,0.007946300326126176
b_ws[6],0.14120859091904017,0.8959832927105281,0.03478848793803356,664.7041810350108,821.3524315960117,1.0046381918522505,0.006445033576164332
b_ws[7],-0.1236445230385529,0.920555832900117,0.037077502327207135,624.7321335604871,481.9761868236532,1.0057396442122886,0.006057460885286718
b_ws[8],0.33504737812933655,0.819256102749202,0.033214543352853634,628.1166852815211,542.3001058464941,1.0156035554910157,0.006090277813635751
b_ws[9],0.05031076281388294,0.9231468383006576,0.038421033311886454,576.2622234134911,504.5283434639951,1.0005229756620457,0.005587492127388077
b_ws[10],0.28270597930129154,1.0017414509487728,0.046744156996071456,463.41479113591225,649.5969074789026,1.0088604010194677,0.0044933129259267
b_ws[11],-0.1000303969344247,0.9679979982941413,0.04692572299022154,431.6634589754988,642.5836286650981,1.0023675102934373,0.004185449055500658
σ_ap,0.218327205510985,0.03512341356922294,0.001581115032034881,484.7005396273646,732.9404739624205,1.00268528240638,0.004699701523494396
a_ps[1],0.24506522903628958,0.23771332380896504,0.010307923829384317,535.8046370855745,837.7993662209714,1.0095430399582073,0.00519521160661871
a_ps[2],-0.7753887104123969,0.2511515157423376,0.010211800606635938,607.4707784527529,704.4332616772127,0.9996235760571134,0.005890093180353351
a_ps[3],-1.9168631823648505,0.3647191214344767,0.014676444634477922,617.9099564146707,971.9262545796851,1.0040189129314183,0.005991312421019706
a_ps[4],0.44683465691784374,0.23884700641675588,0.01056553369372311,516.989864004164,722.3272103081061,1.0074911403141695,0.005012781816499462
a_ps[5],-0.5036035647364077,0.23689364152510128,0.009480398451098037,621.7516488257476,792.9103387859438,1.0058543260708204,0.006028561828026794
a_ps[6],-0.36549277791504853,0.23206669243746822,0.009304279069062395,627.4979822446991,662.8671934901837,1.0074030283796156,0.006084278811433322
a_ps[7],0.5335918590815595,0.24487671435944264,0.010957534319630109,497.4787719712694,666.2304033918047,1.0123513277245126,0.004823600453048681
a_ps[8],0.45059787072380864,0.24395338387315693,0.01045987318362459,544.851927002442,793.9294461351599,1.0102738738795818,0.0052829349713141285
a_ps[9],-0.1893873263615372,0.2303850276136452,0.009789693132484484,557.9691442181182,709.9077640787227,1.0052060902496145,0.005410120729720576
a_ps[10],1.3729627976730463,0.3198492531333432,0.015583063612959148,416.75886522216945,749.2502267777926,1.0086980218837212,0.004040932727907049
a_ps[11],2.2840281646405076,0.4237787245954701,0.020037021217731203,446.80783780271884,762.5671508553562,1.00510613063272,0.004332290361477706
a_ps[12],0.8406455161649744,0.266787138766974,0.012345440693077858,468.48410449543655,788.404097872936,1.0089789286383364,0.004542465459854438
a_ps[13],-0.378210470005127,0.2298058993405703,0.009723924064929907,558.0941068849672,829.7713764128777,1.0059489480994404,0.005411332379363511
a_ps[14],-0.29962659973931866,0.2376185527540974,0.009418172817743278,644.1589726560172,716.6401893310485,1.0051924677197885,0.0062458253244188355
a_ps[15],-1.0659646603189292,0.27263363191922535,0.010723207449877085,647.5488133099076,902.7857428620581,1.0019022996910942,0.006278693534752869
a_ps[16],1.0164449552719859,0.2784410864585289,0.013588685239846807,421.1881764463737,697.2488439353348,1.0070787751180148,0.004083879741591885
a_ps[17],0.5902875913549347,0.24626231768634632,0.01108197634034817,490.97062569044135,903.8037832612201,1.0054160732225068,0.004760496861262613
a_ps[18],0.08506729081869985,0.2320781519825269,0.009943097702944678,542.7366016580467,736.2797444204492,1.0060852536791456,0.005262424579988004
a_ps[19],1.1020432403467446,0.28598224717022286,0.013363713719038281,462.06479081706516,779.2513882332557,1.0085826757548897,0.004480223197245809
a_ps[20],-0.4329255037034019,0.2439336137742424,0.009427131645449139,668.7200968435326,764.2830757150414,1.004581132951318,0.006483972269440896
a_ps[21],-0.9358844323890634,0.2588133511386321,0.010932644648791302,564.1407668633175,703.1964848780723,1.0025881241469123,0.005469961357029087
a_ps[22],-0.9139335594873745,0.26085057491159164,0.010365798999026536,641.473954399681,784.7553818499653,1.005346938775314,0.006219791137620498
a_ps[23],-1.1882656497884134,0.29134490485719594,0.011777559577619045,617.423641637961,818.837747009083,1.0021509677270128,0.005986597067703291
σ_bp,0.03724734691048867,0.008903503511092346,0.0005312946800229344,257.0191287710029,554.6483054803895,1.0079473139304815,0.0024920813828285034
b_ps[1],0.09172232065656541,0.5389573835631465,0.012783323816717452,1742.09508509275,729.5526515807016,0.999108652017611,0.016891516010642104
b_ps[2],1.2109141823323288,0.6018588371247504,0.01729193997514588,1289.7850205589295,504.8642895007931,1.0057623518895467,0.012505875546912293
b_ps[3],-0.8725675965452765,0.598787189193095,0.014884251494555417,1653.6489750594224,689.1403973523761,1.0128057446708296,0.016033934299694665
b_ps[4],0.2379728690523548,0.600697119003303,0.014441610946934549,1739.7554379882135,608.9386579846495,1.0012807504147327,0.01686883057466119
b_ps[5],-0.5889104922499607,0.5815608467254888,0.014596017631930816,1572.3541153728163,834.9006326063615,1.0007770210760698,0.015245691777383602
b_ps[6],1.466661943939998,0.5943783834917368,0.015464471581276675,1493.0766969062909,716.2242928844222,1.0061842459212746,0.014477010552823239
b_ps[7],-0.3250748930494859,0.6284017194270707,0.014853294869527113,1762.6403431948645,731.4493964494682,1.0075731973655417,0.017090724744507606
b_ps[8],0.5822169378179957,0.5728994572875922,0.013829853506341716,1716.8788970075734,599.5413985893986,0.9996458049608468,0.016647017505128297
b_ps[9],1.145417545955179,0.6173579888269886,0.01698137694491416,1411.4463144764325,594.0999488837643,1.007457935370376,0.013685514770780217
b_ps[10],-0.9352127467969025,0.6053125153446234,0.016613057080886735,1311.2022279499668,759.7615777696211,1.0029958795322766,0.01271353878219987
b_ps[11],-1.2990728011744945,0.5986708670676077,0.01906043670450977,1010.6466829303424,835.5235800903969,1.0021696661983444,0.00979932425726999
b_ps[12],-1.0906570806818376,0.5966680093311867,0.015953345743196082,1385.4692665506614,772.7406007481749,1.0004702458732688,0.013433638897469881
b_ps[13],-0.770944356826463,0.5304009041594083,0.014190631365077746,1381.3320749858344,966.6801179266452,1.0022888561161125,0.013393524303178004
b_ps[14],0.9524801717389515,0.6266321474497151,0.017045613105370436,1387.7882783443151,406.00795776201073,1.0059351230016464,0.013456124251556787
b_ps[15],0.7126814037562959,0.5941410363911371,0.014892063997653573,1543.1876130685544,779.71717474382,1.0026081584212008,0.014962890657707268
b_ps[16],0.40212418231511565,0.588876252579519,0.01445982867363098,1676.6402780854241,624.5797626205018,1.0019278299974679,0.016256860112695597
b_ps[17],0.40858393402793236,0.5772735582748649,0.0154069176265562,1417.485476106909,750.2433449370338,1.00175233885737,0.013744071043767243
b_ps[18],-0.8733055672538936,0.575543676620007,0.016801725952977728,1192.2003825153502,564.9515289407154,1.0033658622913575,0.01155968581822818
b_ps[19],0.46417849881479806,0.5889631817049473,0.016278826585791807,1320.5361026587348,480.49446578736456,1.0044330489172442,0.012804040899698289
b_ps[20],-1.0489695518551916,0.5533186660343457,0.013329718238497813,1713.5062305050055,804.3699732831625,1.0022913156259745,0.016614315816963182
b_ps[21],0.10705786836304025,0.5836182369842549,0.015023799806420839,1533.0149656576323,971.4631534698854,0.9983876116839897,0.014864255722058472
b_ps[22],0.0022694532167075467,0.5628716177214053,0.01367028645245796,1763.574754149645,652.9133807857996,1.0067328792109234,0.017099784880052593
b_ps[23],-0.13679483759987238,0.5526049761390968,0.014688028162836078,1412.6252698116737,784.8233025280869,1.0082197721369417,0.013696946031387899
a_e,-0.004287055745508583,0.04630997386755562,0.0019754552143128397,544.0505393550196,749.4951550305695,1.007919062943723,0.005275164642132329
b_e,0.019795942464419358,0.01169588184449458,0.0004348407378356117,723.6735859407041,591.4864726538422,1.0009585712755054,0.00701680641200212
aL,0.03597243606747725,0.006599130794873443,0.0002247952418411018,869.9766976379337,834.7881807162744,1.0025345309706228,0.008435374993469039
σ,0.9747961284353227,0.003387994602434575,0.00010831796958485835,972.0288517893335,810.7031287230221,1.0069176835151625,0.009424882173943697
