parameters,mean,std,mcse,ess_bulk,ess_tail,rhat,ess_per_sec
σ_aw,0.045213525531249625,0.013125956348725692,0.0005408177614972345,568.1261334440645,664.532358026289,1.0062032777681469,0.002913335220037838
a_ws[1],0.45317912455102716,0.59356472513143,0.019006525144202986,990.3427510040411,845.0581834690071,1.0018928616057323,0.00507845044711942
a_ws[2],0.5985951756361195,0.5461131593961274,0.016641837762208168,1077.5758643674887,811.2480421276239,0.9991347092957058,0.005525779458327996
a_ws[3],0.5191262415831729,0.5658212405934355,0.019039666295961124,901.8585817204369,796.0250007745403,1.0003277166119566,0.004624706055487601
a_ws[4],0.010590493631767148,0.529471494570464,0.019088574439709717,762.2787957723751,787.0856603953981,1.0008898154484354,0.003908944743923384
a_ws[5],-1.9790570399075056,0.648112682754729,0.025638838509881846,641.2363884077342,617.6115380479389,1.0040316923035046,0.003288242600975237
a_ws[6],-0.004741591697759241,0.46800820047833275,0.015074236581214156,962.8885785568383,824.9169135867277,0.9999994320776725,0.004937666204291936
a_ws[7],-0.27309418307028044,0.6210568158323216,0.020904619963849125,870.1904907354356,787.0422613014497,0.9984278387315005,0.004462312954049589
a_ws[8],0.29972216666294127,0.4087092858103451,0.014796036263690599,775.5765305399498,720.7225728060517,1.0053191273723665,0.003977135162854202
a_ws[9],1.0780774192082858,0.5277968822244375,0.017710883203965307,903.829264760256,903.2413220791146,0.999078830299401,0.004634811664030253
a_ws[10],-0.5423754966855118,0.6819108458271234,0.0232612481594058,879.2639274507144,834.689531949566,1.0006766175140671,0.004508841288504404
a_ws[11],-0.09362814706453339,0.6382365015377927,0.018311352060175968,1214.5642287293865,766.213763081018,0.9974753482976405,0.006228252031120119
σ_bw,0.021937702975633924,0.011631259865066912,0.0005777914245167162,363.25380527953314,321.1524519097038,1.0098114235023803,0.0018627555439461665
b_ws[1],0.015604735763795152,0.7691021846961429,0.026079049508063414,877.7535738744758,730.6630785477361,1.000837415394829,0.004501096236817217
b_ws[2],0.3985327438666312,0.747656092188123,0.026966210541793892,776.5215125144146,614.7050038596814,1.0189229922414709,0.003981981004484159
b_ws[3],0.14915038759900132,0.8774107284642705,0.03284853600861823,720.5970673283094,586.5584774474702,1.0030280020055415,0.0036952019844203035
b_ws[4],-0.1807883144812304,0.7649026151497149,0.028790382183972466,718.4176445335186,633.3971142917469,1.0039630624273685,0.003684025964143034
b_ws[5],-1.2384746440770071,0.6846160678021064,0.022773702696651,922.1768888497941,641.4765868276713,1.0012248955516725,0.004728897776809518
b_ws[6],0.32807283621196504,0.7838891198280398,0.027195116398590527,829.2506974024183,801.3014938755616,1.003512946761056,0.004252374817433502
b_ws[7],-0.48219770082754326,0.8459513212886963,0.03218833458829512,689.185409328051,533.2709368532046,1.004005819429058,0.003534123864290232
b_ws[8],-0.11313908098791617,0.6350233443092462,0.021261864238866043,880.7505388508978,660.3988397669629,1.0061294510191563,0.0045164645909643855
b_ws[9],0.761858577855193,0.8391851623892816,0.03517732291672024,583.6013859919374,631.1927637355201,1.0086674673674851,0.002992691890383891
b_ws[10],0.2866510156015711,0.8968431610246371,0.035134768062103895,651.5781459057959,497.55337027343313,1.005677624599708,0.003341274849595005
b_ws[11],0.0974223266562381,0.8515845363905223,0.033896117620053685,638.2165607965322,715.2866465460879,0.9994546699547114,0.0032727570078643826
σ_ap,0.24279799685127632,0.03925844417454449,0.0017561260719161837,505.4122827147182,634.5856819540081,1.0166365199822551,0.0025917403146839746
a_ps[1],-0.44046312022862893,0.23171241461054873,0.009189914932255424,640.8614085450674,522.3038433220502,1.0024531814144733,0.003286319714530831
a_ps[2],-0.9362908600682287,0.2651075955042168,0.010442352575823039,651.8253973908345,666.4856808735889,1.0009863504666896,0.0033425427484244483
a_ps[3],-0.5816599098850761,0.2426813491396862,0.009401635032104496,672.9246318434383,653.2007546335701,1.0029757955915404,0.0034507390436273665
a_ps[4],-0.5812454483285584,0.24016385675892019,0.008922359723271657,731.9984190707538,465.68671725089615,1.0017932410796226,0.003753667803244625
a_ps[5],-0.5611938571581896,0.23901093943868873,0.0096499897564597,620.7256994463324,543.6145629997361,1.0047962947585303,0.0031830643508985283
a_ps[6],-0.671855171040786,0.24810186949451035,0.00993098642010922,636.1318962205153,748.7077679131278,1.002899127582725,0.00326206690513234
a_ps[7],-0.3269187809568724,0.23133478351097164,0.009054035203267578,653.2911662133138,503.4790872420748,1.0018515700714465,0.003350059170717989
a_ps[8],1.2941551117613792,0.30091254151238894,0.012424108509315194,592.4012122088676,584.6405146424308,1.0052858614981535,0.0030378171577124346
a_ps[9],0.14019687739435102,0.2256584847803342,0.009021396262909681,624.424802669751,728.6270409161077,1.007032261067105,0.00320203325070606
a_ps[10],-0.14349559905174925,0.2271415737463498,0.008818376720148069,668.245325993368,625.0801759684149,1.0028888995887546,0.0034267436916520975
a_ps[11],0.9407391360538115,0.26326798486548036,0.010521034237017248,630.3457931972234,611.8823343754843,1.0051985881741976,0.00323239592762892
a_ps[12],1.6668862802505526,0.3342671769888218,0.013691804700759078,621.2534039368442,593.225477133115,1.0074022638259503,0.003185770405042984
a_ps[13],-0.36750803050753483,0.2337236900115932,0.00920096968329894,652.4582996211441,718.2527463373685,1.0040956529973135,0.003345788253691428
a_ps[14],0.9693408390438343,0.2632019461276683,0.009938173100006562,703.9577182174633,664.379876035966,1.0038437652794263,0.003609875858848039
a_ps[15],-0.4835641964945752,0.23791237663345097,0.009326612039539078,661.3722917503819,578.7431927372585,1.0005480492598369,0.0033914989606849927
a_ps[16],-0.08627029880157834,0.22672052788900757,0.008828864333017956,661.4645344897597,733.2239607260013,1.0034006580261374,0.003391971978920913
a_ps[17],-1.5095866734332704,0.31710954678850256,0.013011675304487696,616.5178070522518,543.3869371304224,1.000322970268755,0.0031614863941875977
a_ps[18],-0.29378596245927086,0.23401051829247718,0.009590415767659732,598.3315313087472,475.3717677190447,1.0059546862438529,0.0030682276712985755
a_ps[19],2.7576812927070056,0.4696744645854662,0.019213286159606092,614.8132114958216,717.5202730986383,1.0101547330964253,0.0031527452749569736
a_ps[20],0.3468390812637258,0.2327939666111393,0.00886677302131958,691.5656665093727,596.7941883333052,1.005205605689421,0.003546329757789717
a_ps[21],-0.46582950856796296,0.23544063809884566,0.008788278220028164,727.1082363252937,620.9397600652088,0.9999443394304967,0.0037285910803373287
a_ps[22],-1.0709963672633163,0.27611123988548497,0.010906853683731869,642.1362501222792,726.7300840334177,1.0019077610615355,0.003292857067150653
a_ps[23],0.1920406017813302,0.2228815275011722,0.008443366589650452,703.6083313613116,633.468695112423,1.002154872517532,0.0036080842126386408
σ_bp,0.0439828582083969,0.009658083168564032,0.00047660152267482015,411.25974991932816,660.2969461575651,1.0048740227439668,0.0021089287105323703
b_ps[1],0.3414402107961958,0.5249113031723374,0.011869326702063076,1911.992725779689,711.6312867017637,1.0024300224157092,0.00980464622301791
b_ps[2],1.0170676720088079,0.5581066918408759,0.01248374316580066,2029.1380648504794,697.9705814761694,1.0090095216265997,0.010405364306710517
b_ps[3],1.0539815049753325,0.5062003821300839,0.013152668369553236,1492.604666290018,799.7840546617365,1.012018354770323,0.007654035764090873
b_ps[4],-0.6053612598700958,0.503064345249756,0.011795111105519377,1812.9447150774797,777.6091842156418,1.008253675351515,0.009296730742516886
b_ps[5],-0.5335247250359203,0.5152604403071658,0.011241363583021727,2106.0977205111813,833.068297396219,1.0020978865700878,0.010800011308775212
b_ps[6],-1.033342856172564,0.5502711573865944,0.014115799599037008,1584.2815798488807,613.0974180750959,1.0091982586508095,0.008124152460741116
b_ps[7],0.6420770721400801,0.4858869035322232,0.012103255239320692,1634.341786656171,776.4123596761603,1.0086693376509646,0.008380859827342862
b_ps[8],-0.905862266718409,0.5313844342531872,0.012694044147726711,1775.7132878775076,670.9200013067684,0.9976742920091609,0.009105809005654674
b_ps[9],-1.4137059636897695,0.5079793363672181,0.013809549011048743,1401.8401493878864,774.6085994094473,0.9982179154040259,0.007188597812455554
b_ps[10],-0.19623592775605814,0.5129560483867749,0.01199544794608332,1812.0098817089793,642.272214206109,1.0114499964098485,0.009291936942659786
b_ps[11],-0.12724292914533747,0.5083152911375713,0.012147551239936353,1766.3595903615537,601.4568230828772,1.0069529257011867,0.009057843501505776
b_ps[12],-1.6876639617899807,0.5384734813818518,0.015878233670744077,1173.2423260214837,706.3026179629707,1.0001942987781698,0.006016354448116638
b_ps[13],0.23850981604352114,0.4784626999451916,0.013470353624631233,1232.8476098104545,842.0598676880189,1.0035308906321605,0.006322008707515103
b_ps[14],-0.9134540293550875,0.5161025886488264,0.014436746121046999,1329.2791837524644,653.9706482279464,1.0033631933032934,0.006816507172118124
b_ps[15],0.8089550686761974,0.5067145289836006,0.014198352413843705,1289.4251593071951,748.8000610872926,1.0054582098961022,0.006612136828559402
b_ps[16],0.2771944061938758,0.532812030982718,0.014103690250385218,1409.6498790506248,641.9367100629886,1.0079339750308625,0.0072286458918274735
b_ps[17],1.4997676317584003,0.5518150465296549,0.015301508587748452,1351.477547913052,815.9866712371858,1.0043142615166472,0.006930339774297887
b_ps[18],0.41384377344486795,0.47769573724025577,0.01310063748875644,1335.2280224963602,878.3891775702609,1.0014274786622943,0.0068470126539305065
b_ps[19],-0.383116651543641,0.5428061800679449,0.013532386459936869,1598.9634889042836,726.5182035047311,1.0004754750762954,0.008199440887431153
b_ps[20],0.5486189786915899,0.5090943731882498,0.014427485437201753,1261.134065272956,727.0008537831146,0.9985710904138168,0.00646706087480297
b_ps[21],0.7766307304366094,0.539931389780056,0.012261786154812871,1947.931611594035,712.9570511518158,1.003065038033184,0.009988939843128524
b_ps[22],0.44336075228491034,0.5083365420546794,0.012782290153325167,1617.6694507112886,741.7561361451159,1.001334982847633,0.008295364546190984
b_ps[23],-0.11044102501826358,0.519121319199342,0.012813821804107658,1672.2186898389077,712.4901375473155,0.999663626417978,0.008575091547329553
a_e,0.00889546997807928,0.05252015896713914,0.0021508060884605413,604.3431922658842,614.456613703605,1.0008508507718268,0.003099055303696299
b_e,0.001877310572217213,0.014461938079995752,0.0005592005941908903,662.66316929886,778.1339482227642,1.0013606685173158,0.0033981185453253594
aL,0.01672155045599196,0.006630591458326844,0.00020754849040411258,1019.1189302670896,923.8688545846856,1.0049886599806113,0.005226013904615985
σ,0.9732479259909826,0.003397672427954105,0.000106033153457345,1025.3196773414375,643.0114738382182,0.9995420608038533,0.005257811165433284
