parameters,mean,std,mcse,ess_bulk,ess_tail,rhat,ess_per_sec
σ_aw,0.060299990330517104,0.018491387725892223,0.0009193646164969647,368.00981796105566,652.65039856324,1.00336405958774,0.0022786703443985565
a_ws[1],0.9445351862657972,0.48030636256778175,0.01614252231581814,895.9621348779335,932.7095117229198,1.0058639962102407,0.005547684455164231
a_ws[2],0.5505533220082397,0.4390647925228617,0.015306352097633497,824.6347151336461,693.9333249134918,1.0116803150160827,0.0051060340747089575
a_ws[3],-0.9164995934800678,0.5344698455201738,0.017902773603697224,872.7858157955865,762.5513627516609,1.0024446927914321,0.005404179612609048
a_ws[4],-0.6674290254009467,0.48490891566538513,0.018856734943762093,658.0397329407245,649.1860932382571,1.0041698812268782,0.004074498971781926
a_ws[5],1.7686433428063861,0.5501752807397261,0.023770553292371068,530.6871687335067,640.5322244203934,1.0034366141656164,0.0032859479680344933
a_ws[6],-0.35477932736259,0.40638336616169923,0.015805094454393456,665.2485841600961,798.9023807229248,1.0010532845989673,0.004119135268665999
a_ws[7],-0.6926387570918298,0.5061385379865758,0.01872990025529276,736.7635651138362,746.8078788867869,1.0043075100828869,0.0045619470044571345
a_ws[8],0.1212668794311085,0.35652394435817464,0.015204222599910689,551.6448043393373,677.3501056693506,1.003899420411989,0.0034157150025345647
a_ws[9],0.43971652708124254,0.47421835624580594,0.0165352712829334,802.7612895802296,793.3619391145519,1.0038129553847972,0.004970596584440004
a_ws[10],-0.4453997280505839,0.5544938793733849,0.019404664221924897,826.7128649246072,674.3522918420349,1.0103015256620442,0.0051189017159205905
a_ws[11],-0.7149010475270917,0.5705503745901929,0.016238256030895907,1192.3652107696382,768.4772966185018,1.0002995709080036,0.007382974890525432
σ_bw,0.016462199606921857,0.01157033932286487,0.0005680498777302915,325.26594900821596,211.92425701684425,1.0066835267225656,0.002014005702766628
b_ws[1],-0.30711315794145255,0.8664262416622348,0.03361449581176632,666.1688321711916,622.3023438480268,1.0005603721736471,0.004124833328201457
b_ws[2],-0.6843232051034641,0.8915577105490328,0.04013484457346187,489.8215512320123,605.8277652660684,1.005242251075086,0.0030329132223254965
b_ws[3],-0.11615996220012469,0.8983996973259029,0.03903395300004144,530.8418208220819,733.3598592646532,1.0064684179853502,0.0032869055542475135
b_ws[4],0.3851204772522674,0.8842292375086198,0.03578020153841162,625.4054192742029,600.8954573795336,1.0069326414184965,0.003872431420503789
b_ws[5],-0.19389075814826598,0.7146204910192503,0.029089518320958418,605.3623816387103,494.4008088089714,0.9994260190604723,0.003748327461199925
b_ws[6],0.09688189297367286,0.8671409948321831,0.03461381895371684,628.7253618604836,639.0098505053477,1.0038395507640874,0.0038929880859709704
b_ws[7],-0.1559257830671383,0.8803929577029059,0.03315231403452848,713.8841508833757,669.9203662553334,1.0018233429536787,0.0044202805592709424
b_ws[8],0.7261781705203009,0.7724393014362687,0.03646538942511037,472.5536583677681,447.1746019131884,1.0040540801302815,0.0029259926091798746
b_ws[9],0.3825005112359196,0.8702136833606896,0.03865772213568103,500.0951593232165,561.8818814390656,1.0035701097813716,0.0030965261069411925
b_ws[10],0.3169579009281359,0.9281773068640842,0.03813691648177157,594.0716187245143,687.24349700426,1.006629770524749,0.0036784164823006177
b_ws[11],-0.21100845447006625,0.9513410472699736,0.03971697796506641,566.182653452183,715.1195602937725,1.0028392002255777,0.003505731529344423
σ_ap,0.21993474905910398,0.03516666522225573,0.0015832916379582259,486.39312949504904,586.3701496125982,1.0001576571580817,0.0030116848676490014
a_ps[1],0.22464660108280543,0.20506337667449384,0.008385876875970396,599.2601357591336,514.1269486830853,1.0040035137121388,0.0037105431249094974
a_ps[2],-0.7914297258643503,0.23411472611919534,0.009850892802230587,569.081306230626,584.3558654719991,1.0042858797136538,0.0035236796214946314
a_ps[3],-1.9303963901104593,0.3510518489002186,0.015249434192269668,532.9902514397561,570.7197742895345,1.000818453150075,0.003300208365467648
a_ps[4],0.4301181372402668,0.21075650210890737,0.008543368125705669,611.6018380681058,560.9756689442739,1.0059743933032688,0.0037869613878967804
a_ps[5],-0.5228862629806236,0.20936052038164443,0.00928996027835523,509.0152081876954,742.2456656651362,1.0093390158862177,0.003151757923664694
a_ps[6],-0.3765307401092135,0.2114645448088709,0.008826074842324318,573.3955523176452,505.3497114733695,1.005539464984895,0.0035503928887422147
a_ps[7],0.5119890817508096,0.20983126396825846,0.008412051501251358,623.7090210117149,460.6413875681941,1.002903897329197,0.003861927536573633
a_ps[8],0.4253869116075098,0.20315206804747463,0.008074983805780941,626.1016844725011,680.8173637686673,1.011776648484949,0.003876742606732431
a_ps[9],-0.1979598460379637,0.21141746705827733,0.008904873576587782,564.8149837234747,401.16897225541993,1.0036858774849242,0.0034972630910049085
a_ps[10],1.3467024297404855,0.27850911851751176,0.01220956857440374,520.8573904813423,717.4290087868684,1.0003358632767838,0.0032250832217640794
a_ps[11],2.2460414133445856,0.3779368489432309,0.016638762265486263,515.7650793937851,744.562148611774,1.0011894170334223,0.0031935522742367593
a_ps[12],0.8180809510531638,0.2272933602661773,0.010799735609978591,478.07650274960537,459.23227418195984,1.004357115444861,0.00296018936452555
a_ps[13],-0.40127915838884787,0.20426761786191272,0.0088252808382495,550.3415305533432,500.83769236233445,1.0039495571520087,0.003407645295744593
a_ps[14],-0.3101672696295744,0.20498529632758578,0.008302821094861284,616.1524476062968,536.5306741097182,1.003489464969083,0.00381513818780137
a_ps[15],-1.0740624882928842,0.254569959746614,0.01082471908864748,553.4057817472867,646.3995345493037,0.999998153975106,0.0034266187523825506
a_ps[16],0.9900946683968257,0.24054891830012917,0.009789585918793663,614.164949118978,573.6256971257536,1.0038582546452592,0.003802831848020322
a_ps[17],0.5644682861960836,0.21111753395055516,0.00885787505631873,575.1045778607664,690.7983752334454,1.0106379802975216,0.0035609749592002975
a_ps[18],0.06073636270794249,0.1999194237997228,0.008411919588725053,568.9651778958122,431.907857738457,1.0015500677714135,0.0035229605695026203
a_ps[19],1.0674429520731479,0.25748611673112876,0.010883049129468213,565.8728185703844,553.6204390407189,1.003163411905378,0.003503813070862184
a_ps[20],-0.44610376152492437,0.2166474457496005,0.009095951770834354,577.1540823146448,422.69866033989535,1.0118558202468952,0.0035736652321001895
a_ps[21],-0.9480167963275429,0.248634719942719,0.011155354470636314,502.8175938816772,522.0233948044726,1.0021231732600957,0.003113383078114681
a_ps[22],-0.9289015507734469,0.24659519199433597,0.0103446792875049,568.6127005903761,527.1576297353258,1.0036489427149085,0.003520778074515338
a_ps[23],-1.1894451490968094,0.2679593811477785,0.011894393802149765,505.3983108632586,534.6435479378133,1.0044928845782184,0.0031293625519390384
σ_bp,0.03830663571334006,0.008766981001599292,0.00043669365785660165,350.75181131186434,519.6523676911487,1.0208608985348515,0.002171810945448752
b_ps[1],0.10979193854243202,0.5883232587391581,0.015581809061415047,1417.7902259518441,633.354114590661,1.0026002893407546,0.008778778132480366
b_ps[2],1.2039910121134831,0.5981089165897149,0.017913926254197562,1126.5206126417042,513.6273822158848,1.0142765111717795,0.006975273449503438
b_ps[3],-0.853543962375563,0.5893257660885249,0.016876197785508463,1201.1352009204345,799.0015080144522,0.9983919041859739,0.0074372775626334936
b_ps[4],0.2762888394082083,0.5954443852709355,0.01583565711078957,1418.5788231409504,729.9065210940772,1.008982328152223,0.008783661026742396
b_ps[5],-0.5637253856618201,0.5473856264626508,0.014883262503874627,1357.681198685722,588.514929028942,1.0069065312515069,0.008406590622318745
b_ps[6],1.492235353595407,0.5600214580863598,0.01479766562226533,1432.4138627587954,676.5639349110036,1.0074475887766254,0.00886932584586442
b_ps[7],-0.3042705200232408,0.5648186785337801,0.015997182424608795,1238.5696556017897,712.534999097944,1.0036839767847447,0.007669066981224937
b_ps[8],0.6110808638432178,0.5442463479077961,0.014547493081991783,1411.0201812990913,761.6489078329492,1.0072563297075434,0.008736858870472758
b_ps[9],1.1725702615392393,0.5950434657023206,0.016060592954338385,1383.184054720531,729.945356848069,1.0012058525178151,0.00856450108803935
b_ps[10],-0.9374623843950387,0.5957695824635129,0.017417126980756613,1221.1794370531047,665.2142860910353,1.0054114165810624,0.007561388942880613
b_ps[11],-1.2793285091186004,0.5830898926182048,0.015737690471703484,1441.7241786400973,811.3237752197913,1.0053160619043444,0.008926974146698477
b_ps[12],-1.0645561633214384,0.5518944219507989,0.014994959906886849,1371.1572965159392,811.387263917839,0.9994728293373016,0.00849003291919567
b_ps[13],-0.7587388687213865,0.5563572646840043,0.015515316436786634,1291.9416452957641,709.238735755836,1.0008111794624264,0.007999539605056062
b_ps[14],0.9457116516309164,0.5312795205678463,0.015766149986556264,1125.1870020281026,820.6962538678393,1.0033214225226152,0.006967015900905887
b_ps[15],0.7475466309010664,0.5621751084448389,0.014547116956565392,1398.0620483029768,748.8667946049279,1.0121282605319157,0.008656623746473585
b_ps[16],0.43316695758115986,0.5408582579760813,0.015198879620711831,1251.2192958676683,856.4536739151363,1.006404180390325,0.007747391957174947
b_ps[17],0.40872692570372554,0.5503321870324785,0.017171344839659854,1014.4015709441368,708.3751715667263,1.0025440826529142,0.006281046494434352
b_ps[18],-0.8302788917408239,0.5824845297832033,0.01595969922287459,1345.267371225145,781.5823891839083,0.9988516566848945,0.008329725769496013
b_ps[19],0.4982881986110407,0.5743073355142995,0.016372537462555316,1230.236812478308,719.594690205787,0.9985772545604068,0.007617471068335426
b_ps[20],-1.0108271725247537,0.5639848199199832,0.016026427636868956,1253.398639387377,757.6230206099265,1.0029025977213786,0.007760886177182803
b_ps[21],0.12100996475529519,0.570876723756129,0.01585666796459761,1299.8819712133743,661.1380253788111,1.0085753075194515,0.008048705100948435
b_ps[22],0.0016585916519784904,0.5658094645862485,0.01533990345609716,1361.675184299352,729.7035884203432,1.0041402998295736,0.008431320877136828
b_ps[23],-0.08113108142313823,0.5866704163870319,0.017250981258957403,1141.8294899589798,652.6905740010217,1.0028588747895364,0.007070064085639681
ε_ae,-0.045432199678453924,0.5808567444090478,0.02184155437683717,708.8814370591945,434.2666802674101,1.0355915450053357,0.004389304386689914
ε_be,0.346809040070643,0.4138589977632605,0.02650773043607009,218.22693659908484,514.1998127954838,1.0173747152820574,0.001351233647874855
σae,0.2667688885255795,0.3962461837658493,0.03715366831836247,46.23863643970493,222.2094045125489,1.0732496735465695,0.00028630380081797705
σbe,0.2649858087058191,0.349086424105186,0.02961432243157023,140.89545875423073,364.43085530062416,1.0267838397275835,0.0008724068974639988
σ,0.9752901745193476,0.0034606306749396082,0.0001271815533404213,743.1230615880371,849.6179116886412,1.0047595185032066,0.004601324203960552
