parameters,mean,std,mcse,ess_bulk,ess_tail,rhat,ess_per_sec
σ_aw,0.02869452692876522,0.01107540354446062,0.0006995123612495139,248.4106381860403,750.7534417281449,1.0193370417782714,0.0014018867582366536
a_ws[1],0.02247445597485921,0.6817896620375805,0.023705293788208515,808.0660970371262,680.9898771795536,1.018244108517265,0.004560260258934361
a_ws[2],-0.4401164853286344,0.6127919585850602,0.018066830124736675,1140.7280762400662,760.3017813405795,1.0103894128349225,0.006437613125215938
a_ws[3],-0.4483041926142698,0.699052800083407,0.05969708072121847,140.7411031284124,532.3253217959783,1.0335007654735575,0.0007942618329718064
a_ws[4],-0.3247670310574144,0.5944813303415022,0.01786720978930211,1113.4982073172214,909.5129299140566,1.0473043508037918,0.0062839434074043075
a_ws[5],1.5994588735301607,0.6187050633506976,0.023474616256374887,716.8488725385056,633.7044215575781,1.0092920465903976,0.00404548271123551
a_ws[6],-0.21707936402397895,0.6371305276993763,0.08347757107227845,65.96533619833643,200.2603868393993,1.045595538508487,0.00037227041480332874
a_ws[7],0.6413294952016171,0.7783891258013226,0.06417486284337315,161.58134370033596,630.1533275686018,1.026925432565784,0.0009118721636306958
a_ws[8],0.16163750102677765,0.5062555241679277,0.016820275394400924,919.9110654620321,805.9432124660138,1.0501270024934894,0.00519144892845038
a_ws[9],-1.2108799414337452,0.7129878647019738,0.050128771436962496,215.27396894076884,575.3679138987169,1.0231481326926608,0.0012148824569465312
a_ws[10],0.09765900006410096,0.7526037889642714,0.025587998875998597,864.7962109730595,739.728853507449,1.0539563735451172,0.0048804123913099495
a_ws[11],-0.13641203801573767,0.7618271106687121,0.044181975567213386,250.92861772559456,799.284594293699,1.0186000995959958,0.001416096786437492
σ_bw,0.01272756622858537,0.01055113177515761,0.0008356367227213227,140.01525631349384,209.89737216834865,1.0254608426938774,0.0007901655710493179
b_ws[1],-0.08671537416016138,0.9722103890527554,0.08632791882369073,142.0161786805264,427.1576741982293,1.0342433619806317,0.0008014576259753299
b_ws[2],0.14414143141660843,0.9080018453571809,0.0415863593883846,469.37324403767803,478.6066807539049,1.005840386060683,0.0026488726098525825
b_ws[3],0.40805856386316414,0.9119612061445874,0.04438383129475605,440.2912356133913,539.481262100617,1.0651135833619894,0.002484750482029695
b_ws[4],0.019050055121513844,0.9049287774106931,0.03393876748031164,710.3048041336656,652.899116070374,1.0212126733588793,0.004008551753251056
b_ws[5],-0.21436075706015548,0.8451803333416267,0.11862106244598197,65.2373040166121,76.32481075764109,1.052503609802409,0.0003681618199275927
b_ws[6],-0.35856043466361237,0.9800683546250499,0.10523566297122725,88.14628986327622,532.1815128035033,1.042827881980178,0.0004974469589924386
b_ws[7],0.266878624399268,0.8824517745615996,0.03339559822047484,694.3318678213152,700.8037769635137,1.0514719665447112,0.003918409688201204
b_ws[8],-0.42584852993948047,0.7594909284814448,0.037793567144807395,412.34445886132755,473.0328257884078,1.0108782684688693,0.0023270349487892355
b_ws[9],-0.028979960648918533,0.8596195654949481,0.03147816375251739,740.1772739608022,708.4544833154891,1.0127333281913813,0.004177134790564955
b_ws[10],0.47815400276268893,0.9862799978037947,0.04979356835988001,388.5631523667394,469.2712586962814,1.0036207633835754,0.0021928269337389205
b_ws[11],0.071926204002101,0.8929938589782621,0.04803927034202852,357.6716601001386,737.356516197658,1.019757628610507,0.0020184931199097216
σ_ap,0.2164765339133728,0.037751687156301506,0.005297309514455553,45.48705306438585,183.5922994429792,1.0706609960385463,0.0002567027637295205
a_ps[1],-1.0367892515760686,0.2808311372475032,0.042753314722946564,54.788408646116395,39.38719397332963,1.0598051845835095,0.00030919426457222236
a_ps[2],1.1050666045541326,0.2636402412021563,0.016640430205137037,252.07670666007476,514.8264584092765,1.0263329861184345,0.0014225759400127123
a_ps[3],-0.8324366980994349,0.23908463071392946,0.01175565105536696,415.57503309820686,628.5561447443471,1.0173700736411884,0.0023452664515833705
a_ps[4],1.2427593886897363,0.29077943388357486,0.03630004359799236,68.01305982357543,431.0056309632717,1.0507171582725978,0.0003838265891109725
a_ps[5],0.7341945912301702,0.2442033523343895,0.026446163075506814,91.85482100800036,388.992681153279,1.036683096964379,0.0005183757756577031
a_ps[6],-2.8310968218347203,0.4998347357094034,0.07025959021196458,54.954401960100206,453.8319348121371,1.0582444635805985,0.0003101310353584052
a_ps[7],0.053562564585890315,0.22277274284903642,0.029138387956290646,61.996839030693394,76.64863115530807,1.05045273540399,0.0003498744994349543
a_ps[8],0.43795449232366623,0.21755146424097896,0.02148206694674645,99.83375723135582,521.0666339329864,1.038703578743545,0.0005634043022860985
a_ps[9],-0.2511478493218921,0.20243582127499876,0.008835638482005952,524.2274786900397,741.3914140424275,1.0509927363131677,0.002958438358541494
a_ps[10],-0.26636543805922586,0.2077335639432596,0.013192137633283292,251.9106058306515,650.9227029681116,1.0229366123220442,0.001421638562471231
a_ps[11],0.5831375137544883,0.22349128792529918,0.009902147114213186,511.6345782237941,423.1186954251471,1.0120209357381664,0.0028873712716391995
a_ps[12],-0.17340397420791104,0.20678963778860085,0.008475036983986824,606.4640265652652,545.6139238749033,1.0120934724267745,0.00342253413298668
a_ps[13],0.38973717181491296,0.20734238267023225,0.00901822620364925,523.8592487483535,740.1569474446472,1.0426863835143467,0.0029563602805533465
a_ps[14],-0.11345839167664051,0.19987525869090908,0.008381599444543265,575.1550512482869,612.1769761077187,1.0381454370959924,0.003245844284953849
a_ps[15],-1.029717956533477,0.26319093182999365,0.014603833799230729,298.098467015809,649.6012330994681,1.016552007166688,0.001682296284135519
a_ps[16],-0.4536736234805414,0.21298844814715626,0.00876291605504948,600.5790437871011,630.3256319404759,1.013181347798116,0.0033893226751787408
a_ps[17],0.08209370075311104,0.2031127804736607,0.00879970047745578,533.2019159239826,455.1765213566923,1.0183649402806678,0.003009084920269935
a_ps[18],-0.023445193407497053,0.20876770777184894,0.009383286381642177,484.4679833700071,511.12849980286467,1.013128624108611,0.002734058636278625
a_ps[19],-0.5785494363577912,0.240751186164557,0.03451848068862481,53.42933801948819,77.99732138106198,1.0539060458684262,0.0003015244516813929
a_ps[20],0.8036179988242255,0.2429049054339976,0.023410356688421684,120.91756310858264,450.96778807894657,1.032221106644587,0.0006823891754314282
a_ps[21],2.1471675321585706,0.3881476713258973,0.04405663696580759,83.50629382565481,489.99918161012073,1.0364542754831705,0.0004712614902423425
a_ps[22],0.3147806983972581,0.20736965559631138,0.009185928959048484,523.6847678796986,465.06626270521497,1.0275242539922023,0.0029553756108905696
a_ps[23],-0.6133574558979726,0.23709499198321676,0.027695221673746176,75.44773507744988,457.10779463182325,1.0480756107896954,0.00042578361988189554
σ_bp,0.051120411992878007,0.00997922054160488,0.0004971803847807602,400.5272427562214,668.1821925678986,1.0474630295599907,0.0022603453782541675
b_ps[1],-0.21358878164510423,0.4769733445934697,0.02051609300059496,682.8948822564373,554.5127148627239,1.0148690916267462,0.0038538659201298123
b_ps[2],1.5391481244162788,0.47456341435132987,0.016827853167879422,820.4324126942751,881.2313841920097,1.004682726636735,0.004630048631503768
b_ps[3],-0.655947881883071,0.47212813696981343,0.014755779566168928,1013.8789553232572,665.1516409608964,1.0461176023350416,0.00572174964929646
b_ps[4],-0.11882174544727968,0.46698593250182435,0.014132524002203096,1079.9791530674638,656.4974371510492,1.0087445448195256,0.006094781145093466
b_ps[5],0.674863862015136,0.5256229162893109,0.06927079346852198,65.76717985325203,34.84812890133396,1.0497757777433572,0.000371152134369516
b_ps[6],0.5968112348343614,0.46587869798786713,0.014619340675468901,987.3919935052484,661.3884675652508,1.0272431043590784,0.0055722724718706785
b_ps[7],-0.4494446569522632,0.4708149264068272,0.017632813906569796,705.4901869115207,566.611255232745,1.0107271027354305,0.003981380822976129
b_ps[8],0.7360202235075145,0.4730792142403152,0.0215062975081292,479.700743478311,732.9562089143002,1.0086314659420081,0.002707155076405713
b_ps[9],-1.0046536253581724,0.5992923883177347,0.11648757604394419,42.21133416456626,16.389725923696446,1.0714619039177398,0.00023821649042457687
b_ps[10],-1.354858646586058,0.5056531300627549,0.017749244918037227,810.1355144518379,589.6817745517332,1.0089678382423515,0.0045719388605117055
b_ps[11],-1.6957986800163716,0.5228878155860287,0.019127481939174146,760.7912784314972,707.6021685569771,1.0015858508057527,0.004293468374797591
b_ps[12],-0.029522848883857856,0.47246874323000865,0.0284532306482519,267.6938141153876,818.2837915905212,1.0215154682315482,0.0015107099116631758
b_ps[13],0.18761609620222913,0.4555020522392641,0.018494522667269277,647.2019724671258,858.4857156095939,1.0135299652606393,0.003652435667536938
b_ps[14],1.2660671449812197,0.5117562604962707,0.049128515941068505,112.02739588686434,404.66599943212316,1.0353908265147218,0.0006322181851805895
b_ps[15],0.4537701860972839,0.5285367728257703,0.0832399119650613,53.86944075153807,16.381355966506455,1.05821043912583,0.0003040081383577358
b_ps[16],-0.6244654743035594,0.49886669236660486,0.0788080936577313,46.317892060231415,32.07781230421476,1.0617222214729196,0.00026139154113055213
b_ps[17],0.6191713234920166,0.47607941980709945,0.03777141484355984,160.89871632117192,805.6290644480022,1.0272342672454398,0.0009080198073441539
b_ps[18],-0.5957636023061348,0.46679181004787523,0.05229716319830937,94.93099160485363,761.8728361516036,1.033837262353915,0.0005357359131191908
b_ps[19],-1.0437051445505388,0.4850470706345047,0.05089034049852736,107.06946439283777,800.8679581259926,1.0356611455722349,0.0006042384715883119
b_ps[20],-0.30725846372140403,0.4525924266450254,0.014892757305839622,893.8874279139638,889.2295003862257,1.0097351885415005,0.005044586486703966
b_ps[21],1.476561130596489,0.5596680557874919,0.07993799224038103,56.16776324064349,17.385671854427116,1.0579441540988912,0.00031697854851070744
b_ps[22],0.31724680624907853,0.4598031908146718,0.014032794563799059,1056.5914861401634,755.6263309575163,1.0617028216664155,0.005962794605342794
b_ps[23],0.5454058627357623,0.5183176207570733,0.06850501201967123,65.69665063535467,53.54163787184123,1.0514021081118392,0.00037075410803150924
ε_ae,-0.041286198170680334,0.5417860021348316,0.023203823054628304,522.7551650149941,531.9385124491662,1.009979943370895,0.002950129467021835
ε_be,0.29807248968285915,0.4304260807823576,0.02483236250934387,119.95569064138446,442.29230517470074,1.0387250218246642,0.0006769609204874202
σae,0.21800075732925123,0.29883980359965373,0.023752892952195348,158.3964221385627,275.93062771636966,1.0150615253523019,0.0008938982982758293
σbe,0.37993560802134696,0.5646970502417133,0.13478019087856882,30.242567477746338,14.303676222708512,1.11343574970059,0.0001706716555769212
σ,0.980239983059588,0.003677043540980989,0.00012137970795731584,919.0840765009134,692.8921830522897,1.0040211149416016,0.005186781878430841
