parameters;mean;std;mcse;ess_bulk;ess_tail;rhat;ess_per_sec
σ_aw;0.029380805468897722;0.01103051233025916;0.0002879851150839807;1532.1976483777753;1772.6110398421883;1.0015522000641397;0.06204947638851307
a_ws[1];0.016245927510336884;0.7206127419269369;0.011532436640527211;3916.8185481651167;2760.5259985363637;1.0005738052608861;0.15861957514409322
a_ws[2];-0.4474256063149984;0.6578018173784174;0.010724283975924707;3762.2818247293185;3005.604661366478;1.0003406756295627;0.15236129457425937
a_ws[3];-0.39330018303327374;0.7134574021411351;0.012253717763992002;3335.4141303855376;2265.1322804834285;1.0025392437118965;0.13507441454984043
a_ws[4];-0.3150255671834719;0.6243915123383329;0.011440308923551874;2974.971654827997;2721.9606015181407;0.9998041946441131;0.1204775595682366
a_ws[5];1.6184043990824237;0.6339609701337139;0.014605255461867106;1881.052742094476;2291.1671797726635;1.0015392021638019;0.07617707665177223
a_ws[6];-0.13389176340215397;0.6196349343763269;0.011516218979003614;2891.779008668869;2551.89096318818;1.0008549667638398;0.11710850327252037
a_ws[7];0.6911768580046687;0.6964283990452598;0.011511424950622804;3674.3345577954374;2753.138976566875;0.9999313862537033;0.1487996901893252
a_ws[8];0.18645909050847984;0.5164013737572519;0.011849742704190317;1887.9721958705707;2169.044431802358;1.000520051004976;0.07645729407943619
a_ws[9];-1.1251014770749663;0.698447148111095;0.011658013151291507;3605.309257435111;2649.4890998650367;1.0028867564502535;0.1460043695272339
a_ws[10];0.1187556143299591;0.8324543111635118;0.013262070993160097;3929.826116675431;2278.6127785634458;1.0008950545531556;0.1591463432252264
a_ws[11];-0.0928733575329204;0.7998342956484885;0.01137192548737228;4927.457199314672;2656.8081328402645;1.0020574153943884;0.19954745359908055
σ_bw;0.012341714284183713;0.0108197634787537;0.0003520319525499489;1051.3413444702621;1284.5737713052883;1.0009187095376482;0.042576217238711536
b_ws[1];-0.15716134873879103;0.8794089774225994;0.013518682997174073;4278.514693864527;2867.1953125287973;1.001134410020753;0.17326720006125285
b_ws[2];0.16678706821851716;0.8736522240706216;0.011548650674259755;5778.894575273033;2673.9958844718726;1.0008829733953122;0.2340281509241034
b_ws[3];0.341292847587239;0.9461655803184775;0.014483946693283758;4276.218632823112;2353.712965484077;1.0004351451312683;0.17317421637502498
b_ws[4];0.06923965852679603;0.8856460229023724;0.01413954806584312;3910.083567069551;2582.8042799907003;1.0035367432109237;0.15834682831478641
b_ws[5];-0.2738360985445544;0.7931643669365419;0.013198265294255041;3702.234975368437;2347.184499951449;1.0018299924637544;0.14992957464206433
b_ws[6];-0.2645345683824726;0.9151079235906553;0.013954232009567875;4320.182209886868;2708.5689185796564;1.0005538432170284;0.17495461131288453
b_ws[7];0.24982592476607476;0.9249847509846161;0.0131884676146489;4971.651737436525;2841.9564597281374;1.0001068229091004;0.20133720177719355
b_ws[8];-0.4639015595251922;0.8343029581561983;0.013322081252826398;3908.5508326022396;2802.8945054700903;1.0013233147703715;0.15828475709881762
b_ws[9];-0.11646874268582492;0.9437117805244732;0.0132341339706168;5073.546145356678;2698.5562256123;1.003606964893114;0.20546362415165487
b_ws[10];0.5101053896900326;1.0051243325314159;0.01703195528946271;3467.671432010416;3015.1065911282976;0.9994211590140363;0.1404304443825908
b_ws[11];-0.03399569814567394;0.960968784365757;0.012568631336205066;5859.800039077869;2952.2642392460775;1.0000256947161361;0.23730458309417948
σ_bp;0.050031836483210565;0.010287145147620197;0.0003064404472380558;1103.6946060104708;1640.5886046341632;1.0036155094324224;0.044696369602370487
b_ps[1];-0.15056554886594822;0.4858085505083594;0.00837691687584561;3369.9975559683216;2595.5323688833773;1.0001300587647364;0.13647494107551733
b_ps[2];1.4252736045022685;0.5098549453570052;0.009250338522380096;3036.923869227606;2883.136574684798;1.0003262501742125;0.12298644115324267
b_ps[3];-0.6255644650441229;0.46941888800440495;0.009480026946916834;2495.2377073432394;2462.8137202662424;1.0016607934222972;0.10104975253646109
b_ps[4];-0.2394929594267868;0.47629284589959403;0.007964750628920348;3573.726484707622;2566.0879579792877;1.0005312462815357;0.14472536057384403
b_ps[5];0.6449220009003611;0.49073678256479836;0.008240191328588331;3569.9268787081764;2872.592912055829;1.0002498258202188;0.14457148776050438
b_ps[6];0.6843814276752068;0.4842510580337731;0.00793163345374956;3704.435220910671;2734.00273609343;1.0030039593526525;0.15001867808375563
b_ps[7];-0.4769848484948348;0.49543879865716306;0.008987351018865839;3082.736353222082;2343.8161400779504;1.002791807673837;0.12484171135739947
b_ps[8];0.6482892483899764;0.48345093886845275;0.008127460889929586;3532.4763364151704;2758.408023941978;1.0002411873306551;0.14305485148175326
b_ps[9];-0.9458958021266967;0.5062186567858651;0.009336741319247523;2977.351456982586;2329.194866508616;1.0022830590318084;0.12057393452205332
b_ps[10];-1.3854282478594937;0.5157101341185137;0.009959735028863784;2750.365515553267;2493.389155408217;1.0008211712850332;0.1113816747452844
b_ps[11];-1.8114353639512564;0.5398619076807959;0.011459588038540892;2222.640210216163;2201.335770440129;1.0011016432188418;0.09001035955771407
b_ps[12];-0.007609321277930915;0.49254114111320363;0.00814691107387722;3651.156704561124;2438.3626224773034;1.002072407673493;0.1478610556348853
b_ps[13];0.14695121827930163;0.4675830848688693;0.008549128433518386;3021.271062429962;2521.5932798697436;1.005343882370605;0.12235254873940646
b_ps[14];1.1948883247199251;0.49519366831800904;0.008525070887667413;3389.2129084493777;2922.617229459733;1.0025946251946418;0.1372531060605195
b_ps[15];0.5752962921577597;0.48059840856482033;0.008397521698953983;3276.4467510064364;2871.5101354314575;1.0010149759094378;0.13268640996156167
b_ps[16];-0.5653218077286604;0.48226891350672874;0.0077926993299156375;3864.2688514124657;2703.9545333045753;1.0018640743527512;0.15649146773488956
b_ps[17];0.5977080856472251;0.49690554597888886;0.00894776759546538;3094.0483580595774;2422.5592957854597;1.0002137301354102;0.12529981412097835
b_ps[18];-0.6049772085826183;0.49830236751655227;0.009470330942721695;2783.651367533759;2675.264515126666;1.0032968411950252;0.11272965337501394
b_ps[19];-1.0112438889712627;0.492461866037355;0.009218722073262827;2851.2913480729794;2643.5918440868113;1.0004913975685876;0.11546887267862758
b_ps[20];-0.36687495499780587;0.49698400604575677;0.008177443375312884;3685.179126082583;2322.110010781048;1.0011069278522;0.14923886315411164
b_ps[21];1.3473672716628389;0.5054653030191355;0.00929158247768265;3019.661982231602;2654.013144317092;1.0005570536582646;0.12228738574696807
b_ps[22];0.26431399937740535;0.48369456646463765;0.0077647379096563275;3874.4393290074213;2366.314545498106;1.0012444132822789;0.15690334201890002
b_ps[23];0.6071252199793344;0.49352800066873287;0.007895517045920628;3906.0005496783824;2760.384596603728;1.0011726662793692;0.1581814781776971
a_e;-0.007526358418589827;0.012075048203268737;0.000305939335930856;1580.8527320682754;2016.6608808256776;1.0005026200850464;0.06401986347912844
b_e;0.026476199560883148;0.013654812607795117;0.00037044823869850725;1362.3406420668573;1764.4803966563838;1.0018230931811234;0.055170769640939324
σ;1.0008397487075487;0.0035708039105598836;4.9926645883874436e-5;5064.180815336187;2792.4573078598687;1.0006788015228636;0.20508435596481728
