parameters;mean;std;mcse;ess_bulk;ess_tail;rhat;ess_per_sec
σ_aw;0.05516852783596304;0.016793502521472117;0.00046329846923672343;1334.2288294340754;2153.9927104271446;1.0027197589579881;0.05282610295205996
a_ws[1];-1.166210110063606;0.5683785371994474;0.01253629692109448;2053.4600192133594;2653.585966059688;1.0004528417736565;0.08130261315738102
a_ws[2];-0.10665715318077117;0.47983893668418565;0.010177413557184146;2213.6359301799084;2595.4788561560504;0.9997430324579163;0.08764445570829331
a_ws[3];0.5459123478307195;0.6030205191521676;0.012002507230956118;2525.6178760201537;2769.403589729537;1.002428585425295;0.09999675242573965
a_ws[4];-0.9714845344054466;0.5480350694119219;0.0119870662829018;2076.2994742203136;2627.7486002557594;1.0005862427904069;0.08220689537265745
a_ws[5];1.827847577951016;0.5952023925612898;0.014581524022947481;1631.9190139942139;1875.6514344314946;1.0022548432481497;0.06461254616964644
a_ws[6];-0.40326520539313643;0.47225822510704984;0.011006794164315502;1831.1033410754335;2094.35163417551;1.0012377623799966;0.07249884838160835
a_ws[7];0.6029127066826356;0.5803445607442783;0.011155536113003595;2721.2085129709612;2563.663101227548;1.0003051646207721;0.10774076971579091
a_ws[8];-0.16272284305026244;0.3826858577894999;0.009316589490365372;1674.0970467952693;2421.812262980807;1.0003184819387938;0.06628250041880547
a_ws[9];0.06823729961307898;0.4826181887490363;0.010050574027392973;2299.1725854911433;2781.6517649610814;1.0008153101239323;0.09103110727807145
a_ws[10];-0.32160218578087163;0.6550610793322267;0.012209320807806767;2867.357682015838;2810.813869886137;1.0013069505186143;0.11352725167450962
a_ws[11];0.18093648279377278;0.6646687956618836;0.011389352068544627;3423.0879214431125;2719.047767600481;1.0014505527308457;0.13553027109210847
σ_bw;0.0383255631043197;0.015126200801207504;0.0004227873112537668;1300.0759610564426;1734.6242823500468;1.0027193773140115;0.05147388892308396
b_ws[1];-0.29792690929857385;0.630354573184272;0.010818740927077169;3382.097585078182;3028.3750225353547;1.0008415099489867;0.13390734129094997
b_ws[2];-0.017185226501389678;0.6499247514551106;0.01161568639982549;3120.5873630678207;2840.5468034973205;1.00096091744257;0.12355337081289114
b_ws[3];-0.7470214917895809;0.802726421763154;0.013936062131844285;3328.8636338382257;2839.2392285614537;1.000591751749149;0.13179965022124068
b_ws[4];0.9777420605831733;0.6585332254520887;0.011717056652042422;3145.166331862058;3111.5321835093505;1.000623932878758;0.12452652557265644
b_ws[5];-0.8785032120640339;0.5399724486025572;0.012444693888004052;1868.5567842882826;2448.5554407747286;1.0006617672547315;0.07398174202280654
b_ws[6];-0.8842216065613752;0.6643296741949927;0.010953361658244736;3714.3032420212285;2798.8263880747854;1.0006179606255297;0.14706035511270474
b_ws[7];0.3173470895953926;0.6951534012553386;0.01265589571802216;3027.2849329140195;2696.7564863698462;1.0007977212568533;0.11985924903089316
b_ws[8];0.6303297615732221;0.505418709118765;0.011218811350521673;2083.0537641294204;2150.275882291771;1.0007731358686793;0.08247431787638035
b_ws[9];1.1026028186248469;0.6872108145315695;0.011328675794229286;3700.0462101381695;2524.0936610806593;1.0002864188806904;0.14649587665336525
b_ws[10];-0.03181301717870832;0.8088605185844288;0.013544799394913935;3555.4793372312915;2779.523406895189;1.0009419467800171;0.14077204252299697
b_ws[11];-0.14267694638539263;0.7752741653193294;0.011930766038970803;4263.763903434526;2791.3821835144954;1.0008844865582598;0.1688151432177087
σ_bp;0.05556658104964986;0.01059198874015875;0.0003120008140257515;1150.6028095163372;2085.3733610586937;1.0045146254552533;0.04555580057299512
b_ps[1];-1.2695866235099584;0.4656798223108017;0.009288345974102852;2560.8462646051594;2640.2998289159736;1.001969502239311;0.10139154951089634
b_ps[2];-0.5480479302060784;0.4629848710337845;0.00863277258456932;2888.6842190408033;2361.1251741105602;1.0009824936493175;0.11437163294977377
b_ps[3];0.19584938377804703;0.4389551069061952;0.008838530157255182;2456.8182837851605;2755.581111016767;1.001371832444311;0.09727277115484545
b_ps[4];0.10890999138075992;0.451418831787712;0.008137716143608056;3074.385048287587;2715.113372513742;0.9999193703690534;0.12172408322491468
b_ps[5];-0.5708788940311242;0.455967545517014;0.008022606318254416;3254.0472110919195;2857.6329749676192;1.0016702610319135;0.128837444666008
b_ps[6];-1.2619321768880811;0.48155143155521435;0.009648096873240072;2509.087196053039;2539.3513337158042;1.0006282822065662;0.09934225345034219
b_ps[7];-0.4718779368025654;0.45522876221404335;0.008364921312161926;2954.0138240449282;2634.486817437286;1.001807596337042;0.11695822706588888
b_ps[8];1.0686846630280746;0.4696627360807024;0.010132078159922219;2174.634989511686;2381.079527775405;1.0038141177346322;0.08610029202248794
b_ps[9];-0.33965510789252296;0.4615000330144049;0.008665982377596372;2835.652021320739;2822.918165883608;1.0019011946024312;0.11227192990429065
b_ps[10];0.7785312468328411;0.46568107039702966;0.008847644215438951;2807.7707833253817;2810.985599552226;1.0011166838348038;0.11116802844729819
b_ps[11];1.2970509480005625;0.48449273351571365;0.010860621548262258;2017.6328460929406;2308.66236076547;1.0009950180664113;0.07988410840468183
b_ps[12];1.3940445800264354;0.4931616749006426;0.011716716916631833;1783.5547087093253;2521.0393394041025;1.0049331123035037;0.07061625606071906
b_ps[13];0.7699965112190118;0.4597639885254437;0.009111499761800106;2562.573368519991;2830.998759455455;1.0019094925271421;0.10145993071148283
b_ps[14];1.46267719679843;0.49379701662503256;0.01092586403260373;2064.8576698973907;2651.2293901507774;1.0033119682471998;0.08175388017782281
b_ps[15];0.38495006956101996;0.4536799644189322;0.00869008160339934;2737.4407554298236;2915.92318783344;1.0019597279267636;0.10838345265919454
b_ps[16];-1.1816853741485334;0.4692378222240914;0.00869256892294229;2937.9160973184407;2857.5082105603797;1.0011361251799626;0.11632087000195236
b_ps[17];-0.936234737124998;0.46052566503130066;0.008893493797368713;2688.032144003039;2790.2560034415465;1.0001362115058954;0.10642721821397066
b_ps[18];-0.2658619186611545;0.4468128697980152;0.00834345899945709;2867.6023684469346;2680.2581775601625;1.0009581694401943;0.11353693954087478
b_ps[19];1.1162861301136533;0.46645218430807134;0.010471196650990345;1989.500101492657;2358.027664921615;1.0027805573144957;0.07877024905027936
b_ps[20];0.059936434028720065;0.44652922778712045;0.008622287346014175;2655.1476428693095;2417.324294259416;1.0009667071541901;0.10512522263113323
b_ps[21];-0.8166264065088435;0.4686250900140175;0.008810168332224094;2826.4401908260356;2269.989153717407;1.0022555769581636;0.11190720603132762
b_ps[22];-0.7502030959434227;0.4684255530676281;0.008583527560769594;2997.59498954845;2667.257213796145;1.0009374534164197;0.11868373552805897
b_ps[23];-0.14507212750530962;0.456920151604313;0.008279239680122629;3025.161664261515;2720.0513460342772;1.0033561117642782;0.11977518248551679
a_e;-0.006750612807127902;0.018911376663667562;0.0005142766776503941;1339.60542217584;1854.2201591900428;1.0006410591473471;0.053038978311549995
b_e;-0.03063486767647759;0.01931860245878041;0.0005208383250899099;1372.3999916814905;2024.5966085212358;1.003474353600269;0.05433741323272375
σ;0.9923689348697503;0.0035880717392831048;4.26177664313188e-5;7066.395720269017;2563.0997089988323;1.0009169510641112;0.27977970463826746
