parameters;mean;std;mcse;ess_bulk;ess_tail;rhat;ess_per_sec
σ_aw;0.06088369446414768;0.017991686962927564;0.0005653191028201431;1097.2246439516903;1497.7748772693315;1.0040733809096212;0.047118600158602586
a_ws[1];-0.30219054649274896;0.5065257518270225;0.011521348749734197;1933.697328564658;2958.0331638223893;1.0013803593079924;0.08303961431658084
a_ws[2];-0.5087399394638401;0.4656720737809185;0.010611563734763496;1922.8557941878664;2545.133325424672;0.9999745532680818;0.08257404154055752
a_ws[3];-0.14810127547093344;0.5557293619627002;0.010768592244073828;2659.324246193808;2862.868416455195;1.0019255454131315;0.11420052998189882
a_ws[4];1.0901152305030215;0.5333989879262737;0.012901548931980039;1712.4027139674874;2470.210565817885;1.0006601899327459;0.07353646241424786
a_ws[5];-1.9426952996005311;0.6011955283829982;0.016360766611688123;1351.7630646024984;1735.023555960644;1.0037009411136686;0.05804935543625718
a_ws[6];0.35617678808336517;0.44312178627934656;0.01111419859238599;1589.064683826084;2578.2450541221997;1.0029844138594548;0.06823990317397041
a_ws[7];-0.4504156220274173;0.5606936152182582;0.010624696563410115;2779.6673050812506;3044.594987769546;1.0001606382667427;0.11936847485520978
a_ws[8];0.8488871567545982;0.4477075500933642;0.012366613927427345;1292.252937600215;1919.8648442122576;1.0025245963283815;0.055493785895356765
a_ws[9];0.46336585697916155;0.4861040286205541;0.010511224006693172;2150.9477873031083;2828.260061907537;1.0020592766435992;0.09236909625630725
a_ws[10];0.367562927241214;0.643978313203938;0.01321700704942104;2373.8335777856933;2471.2376365479645;1.0013181937457702;0.10194057872407197
a_ws[11];0.18407691037830085;0.6476179554728321;0.012182315210136836;2801.735145429447;3087.1326020450083;1.0009395483576908;0.12031614382296615
σ_bw;0.046095120456794786;0.014037509090871626;0.00037532775362406474;1489.1507645785991;2024.3853551406908;0.9999815590898055;0.06394925582362851
b_ws[1];-0.2479185753785267;0.5666393273487064;0.011310979606376882;2520.5088430182564;2729.198783350607;0.9999078607170189;0.10823931910850178
b_ws[2];-0.8698794236518538;0.6022093236670245;0.011071554428045392;2949.672682948754;2780.5038051669917;1.000598706212963;0.1266690905210239
b_ws[3];0.1272409587832643;0.7604484540565465;0.012567436417181773;3670.6294412044317;2902.0840362508843;1.000275990625428;0.15762945347964816
b_ws[4];-0.43418610187327633;0.5796807029229512;0.010848771069783414;2857.912235605191;3040.492906859466;1.0013226359381067;0.12272858129842372
b_ws[5];2.0132124239029867;0.6165454380119915;0.01558119623079253;1549.853972784467;1901.5595547139612;1.0008230256317954;0.06655606037506058
b_ws[6];-0.17754553799711642;0.5937502918123435;0.01118839120634945;2791.4379428805655;2810.9221291933345;1.0000488997273345;0.11987394652788401
b_ws[7];-0.46518906230549384;0.651454048034079;0.011877666040019838;3005.310647644531;2774.5679662505327;1.000982564510996;0.1290583760940284
b_ws[8];0.19509063473440352;0.4306903174054846;0.009355738277583339;2118.8362020401246;2725.182497899763;1.0012561134872688;0.09099011433605425
b_ws[9];0.1534982521888985;0.6223611331723546;0.010602848484786102;3444.5135182171857;2806.9187783926614;1.001116857245407;0.14791925801196548
b_ws[10];-0.1941564441809288;0.7781212915902685;0.01309393057839577;3554.82021908352;2903.7053154286364;0.999429059200501;0.1526562071514019
b_ws[11];-0.3745358531987392;0.7245000521768197;0.012780427464272031;3212.0939939865666;2996.782284752863;1.0002225217133995;0.137938364225408
σ_bp;0.052652635629186276;0.010395775075664129;0.0002925991363462128;1274.8922794068535;1844.2995182519026;1.0012478780927005;0.054748259519867164
b_ps[1];-0.3918561125216908;0.4619883524739483;0.008538528464733757;2933.4559491591613;2733.1501111534876;1.000142919798162;0.12597268819400512
b_ps[2];-0.6463508103461486;0.4725539239441861;0.008810511332185255;2877.6990453270473;2932.2382332505654;1.0007922279588077;0.12357829496539048
b_ps[3];-0.9427231406679262;0.476835730541753;0.008925235596255793;2879.138598712233;2872.993506518968;1.0026540199063254;0.12364011433915084
b_ps[4];0.7555159270732411;0.48256446421108407;0.008949411611981655;2934.518997899764;2799.254550985182;1.0013800026382762;0.12601833916332456
b_ps[5];0.21630239861806838;0.4705611832781028;0.008790592126272602;2855.7316984659296;2185.834184100581;1.0015474459376708;0.12263494153362058
b_ps[6];-1.4979620080096299;0.5084579202029943;0.008999736950608577;3232.509068468124;2331.408550213916;1.0005919689671212;0.13881505774209768
b_ps[7];-0.20953822719690815;0.46600579153650235;0.00814340194737676;3276.999352569794;2550.999223441335;0.9998043802535432;0.14072562356750537
b_ps[8];-0.19582344553885364;0.47755375439625347;0.008839455221713175;2934.372332888763;2494.5783246787255;1.0006951253583363;0.1260120408632921
b_ps[9];0.5337724117305537;0.47495884149840567;0.00794583900783253;3558.707394001278;3125.4569351248037;1.000986301076275;0.15282313581246146
b_ps[10];0.8192906124707363;0.4757507159400119;0.00871301437669533;2994.566129406188;2731.8097159105428;1.000731308559423;0.1285969695246809
b_ps[11];2.0385288316007433;0.5241991793095051;0.011142784235781984;2234.8386244207754;2555.585659706038;1.0000669788888654;0.09597165734797358
b_ps[12];0.7587816306269339;0.4806880931863099;0.008454792294262556;3249.500455789035;2567.2258601242993;1.0008632790105114;0.13954472635620258
b_ps[13];-0.35973710687157984;0.4737765024486868;0.008486359125237004;3113.148037382176;3062.55454218608;1.0002336841244068;0.13368928452030615
b_ps[14];0.26062578348207055;0.4656511257022638;0.00790277270832603;3471.111791460191;2705.4534141023137;1.0008214351052178;0.1490614793508271
b_ps[15];-1.1385968768624817;0.4767100988872904;0.009166743899150526;2726.0440774305616;2424.3528434632276;0.999686872385848;0.11706570902068868
b_ps[16];-0.9056027173412224;0.4778024755091348;0.008130014478739598;3455.115119125163;2827.7691785774473;0.9995124703269688;0.1483745272195773
b_ps[17];-0.028375054681058914;0.4625576723609469;0.00813447383726541;3249.5575909412573;2872.4255279031186;1.0000309894509887;0.1395471799361576
b_ps[18];0.5647177060991763;0.46119149334374926;0.007959021728421153;3354.524464394977;2767.002931892505;1.001880997987547;0.14405481851994992
b_ps[19];0.5727497797422177;0.4672140953518598;0.008907956896597565;2751.6536869933943;2893.900111003071;1.0007997129798805;0.11816547374057604
b_ps[20];0.8461272751571045;0.4750745532320273;0.008528936072968;3097.3997348652238;3182.4737617078977;1.0002137546284353;0.13301299824332233
b_ps[21];0.8914185202089417;0.4837915999079239;0.008809964633950326;3045.403063389211;2933.4819685677885;1.0002946927270993;0.13078008232554578
b_ps[22];-0.878930262579046;0.4698337242636505;0.008192736983067116;3265.842426106812;2830.018528348646;1.000641814257358;0.14024650677049755
b_ps[23];-1.1592979293102985;0.49320480982444126;0.0097890295247157;2534.0186745921637;2797.453084978124;1.0006793607878415;0.1088194777438824
a_e;-0.008834584610749758;0.02067507525173777;0.0005960326493246105;1211.366259161268;1730.0615991037114;1.0021004286162971;0.052020233710276594
b_e;-0.0016669497071335904;0.021017426058143142;0.0005372380311731007;1521.0662265225765;1863.8774498151377;1.0013648292626225;0.0653198155339895
σ;0.9987034452491216;0.003657266898512568;4.25173200126228e-5;7400.8530606782715;2335.232330205921;1.0042221226904;0.3178180859507047
