parameters;mean;std;mcse;ess_bulk;ess_tail;rhat;ess_per_sec
σ_aw;0.04309386477914364;0.014095757217204992;0.00040447645921456077;1292.886657774865;1591.0685111234745;1.002718723480042;0.07175759114095498
a_ws[1];0.5556758322762761;0.630775583975209;0.011526558159352357;2984.6086350806795;2875.0693092235892;1.001885079276368;0.16565127721286843
a_ws[2];0.6882194211862157;0.5684552959104429;0.013041124078617308;1872.7157269662155;2529.380518687078;1.0001327410269958;0.10393917258776315
a_ws[3];0.4303705621556223;0.6267313122571351;0.012916183032364291;2359.9496892801435;2607.0960979960005;1.001440464772807;0.13098155503285952
a_ws[4];-0.11258422870427634;0.5610510517515152;0.011431557522939144;2405.3422940107803;2737.583372039073;1.0007100813551195;0.13350092821340573
a_ws[5];-1.8076851799024154;0.629045922915445;0.01563079573408861;1573.7264624640745;1790.156845353868;1.0021178622517286;0.08734471763793455
a_ws[6];-0.1528344948456417;0.5179691971947397;0.012514157547333284;1707.4195495597562;2566.1298636290007;1.0003106126128318;0.09476493024860143
a_ws[7];-0.4295548619145754;0.6432127960227667;0.012198318710077576;2776.0026137110513;2568.4271467893936;1.0009999127730853;0.15407325875242137
a_ws[8];0.418899335323289;0.44967874769254385;0.01330342426575089;1128.8689340532273;1694.7650507258245;1.0008415090226652;0.06265430533634823
a_ws[9];1.0816942241513239;0.6043489649038055;0.013359833932094188;2060.9486435377385;2231.8777666969872;1.0011371299056195;0.11438644620249395
a_ws[10];-0.5655782956251023;0.6988420958598934;0.01173858135236548;3537.504814518047;3006.4527848839384;1.0004615098835057;0.19633803366508898
a_ws[11];-0.18739414765038287;0.6996479340959008;0.01189090489154336;3464.2237321489138;2964.6369685189693;0.9998266700696495;0.19227079860207033
σ_bw;0.024259949620504373;0.01109598641851374;0.000312854532443046;1193.0220223541562;1276.711491690585;1.0015139760225644;0.06621491991384762
b_ws[1];0.007857602423937538;0.7643635202735733;0.013178786681202715;3377.882520234091;2822.648915420308;1.0009870471123261;0.1874787022911211
b_ws[2];0.47430352569642287;0.7763636790429979;0.012312257530808508;3974.2993885748742;2731.8250049894255;1.0009204163096295;0.22058093714720944
b_ws[3];0.11729312879290771;0.8610338705963733;0.014218036506931644;3667.949860919269;2803.2404561322746;1.001458210503143;0.20357797403397765
b_ws[4];-0.1637751818491103;0.7672510774274055;0.013005924502144323;3564.805669049855;2732.613861436621;1.0010074251241667;0.19785328138267608
b_ws[5];-1.359325925000427;0.6360989787838518;0.012626313014016441;2521.370855444576;2329.2751784221045;1.0010171955193887;0.13994072710990677
b_ws[6];0.20724509006840588;0.7864534898652842;0.012512825387471779;3944.22331787605;2917.7449145346154;1.0005558304371989;0.2189116598201102
b_ws[7];-0.48219396085235483;0.8365573409075224;0.015476443149316363;2954.902362410144;2706.975518775859;1.000956210069644;0.16400252435754645
b_ws[8];-0.09560699671848656;0.5969877546241256;0.011289219742830647;2809.0336855546207;2692.220531741616;1.000904320265885;0.1559065440864797
b_ws[9];0.83856936376885;0.8035422623285506;0.012558996115069424;4120.744890488843;2722.5721415892704;1.0010424584916753;0.22870893227159292
b_ws[10];0.30370796372714504;0.8971110051350938;0.013085039927702458;4701.43350650061;2806.306162451535;1.0003089782923005;0.26093822015031065
b_ws[11];0.103107984824759;0.8606230425204485;0.013692444036269614;3954.818562379941;2930.171617807618;1.0012965227215898;0.21949971540764113
σ_bp;0.047999067777206424;0.00986580691506037;0.00026816781866304494;1340.3337525838806;2069.667798125548;1.002203116920395;0.07439099230544
b_ps[1];0.3762598774097279;0.4882119288154527;0.008691134559465267;3156.007758212074;2509.333038785461;1.000480793883312;0.17516424428203783
b_ps[2];1.043403057282889;0.5057532388373919;0.009469593426587377;2881.155443439136;2470.3604398296106;1.0013392402377927;0.15990943450500328
b_ps[3];1.0532222955621424;0.4999799358893837;0.008870221618141678;3214.7129458529785;2896.3089028623817;1.0000721356137814;0.17842249033729463
b_ps[4];-0.5155714584722607;0.5045104417537857;0.009259235172334044;2990.291200227033;2675.680891295381;1.0005180252346006;0.1659666700463792
b_ps[5];-0.43735792988287064;0.5124553094722087;0.009104377406785633;3146.4485500230685;2807.838518384038;1.0004536596091325;0.17463369061847195
b_ps[6];-0.950236130773739;0.5062579028726903;0.009017600115226378;3154.803102559725;2483.1308279567875;1.0010621835705218;0.17509738367422892
b_ps[7];0.6199855543445301;0.50053133952791;0.009102517466024727;3017.0268152388553;2728.2396188984035;1.0011548004990958;0.1674505459293759
b_ps[8];-0.992980006639777;0.5215809162848707;0.009498028914480025;3031.8697294397602;2399.444341087491;1.0015175190488306;0.1682743550097495
b_ps[9];-1.3405174813763492;0.5281109519916289;0.01083362356750341;2401.918739181495;2519.7167463071023;1.0012044192454306;0.13331091461382902
b_ps[10];-0.19544381078014048;0.49805536700238456;0.009038430748730161;3064.5306508407693;2187.6846461321693;1.0028364704709942;0.17008709631238933
b_ps[11];-0.19793987812798866;0.4896692444915733;0.009238772025195824;2808.0138660101507;2886.6264615601804;1.000798666684958;0.15584994222314577
b_ps[12];-1.7484853679471106;0.544145318884091;0.01095398763644761;2461.7421383645365;2574.5567299929053;1.0008571565877409;0.13663122346953874
b_ps[13];0.2554673496534908;0.48542637881211587;0.008629932009256101;3132.1867902430745;3008.10215940445;0.9996572949926505;0.17384213667900703
b_ps[14];-0.9431433458094439;0.5082820958295241;0.00853257587891522;3565.705256717138;2502.942798492251;1.001071617068406;0.19790321015534623
b_ps[15];0.7868453054463159;0.4962020372768678;0.009018220176717226;3051.4273603572474;2688.447577572958;1.000183826926024;0.16935983955290201
b_ps[16];0.26877532131812437;0.4934259284292732;0.00895472793980335;3054.0522881508587;2761.8201146197425;1.0004997163482434;0.16950552788084303
b_ps[17];1.5464556602856179;0.5334561014924821;0.010168511375688182;2776.319167819792;2770.4180754927706;1.0000125404717735;0.1540908280885827
b_ps[18];0.4067800687868472;0.4834017602932164;0.008395459136840408;3320.258574801586;2691.1327235462563;1.0000983254680351;0.18428046717019342
b_ps[19];-0.6218443645033939;0.498138411276145;0.009461494673901127;2765.9326810091075;3060.036836260464;1.0007433194903417;0.15351435893757862
b_ps[20];0.4871763102027786;0.4990001100931513;0.008990800970355255;3055.751386499555;2953.932479060657;1.0007856639162842;0.16959983096911518
b_ps[21];0.751231678716037;0.5022883872925846;0.009750024284978395;2660.7506493347846;2846.681507555362;1.0005663206390383;0.14767656242318739
b_ps[22];0.5023402093328898;0.4876470468088289;0.008629277364316313;3194.8251625588964;2613.8258035371055;1.0024504404886336;0.17731868172906537
b_ps[23];-0.13334800964792515;0.504601726114197;0.008696112975792356;3384.6247803756623;2831.6542334401292;1.0008894927436236;0.18785291014893712
a_e;0.006613148977474782;0.016132478419112577;0.0005538565059274424;911.444595269009;1191.3764953191705;1.0029956338010872;0.050586854015114764
b_e;0.00932062148019267;0.015345943567858027;0.0004233464345913852;1323.0930511044091;1997.4934856516438;1.0002310552464282;0.07343410161412729
σ;0.9994473221191553;0.003630825420162205;4.06312584962408e-5;7968.661376123992;2220.8746560785985;1.0011157823431347;0.4422753854949262
