parameters;mean;std;mcse;ess_bulk;ess_tail;rhat;ess_per_sec
σ_aw;0.058695937710734954;0.018028205374641882;0.0005461640428255706;1125.0323200804091;1538.8619795299496;1.0025307378740484;0.04286312251583563
a_ws[1];0.9278926511857856;0.5124201477588929;0.011484338053647397;1994.5362976337776;2468.683545066608;1.0001073271622343;0.07599075347599565
a_ws[2];0.5425488598977747;0.4543279964092834;0.010391476086843886;1913.779630078095;2431.6876459206183;1.0000973018625012;0.07291396814847508
a_ws[3];-0.9270061696399898;0.5258473661073523;0.011817015717518593;1969.7016079929128;2666.9546578336494;1.0008006464345836;0.07504456524147181
a_ws[4];-0.6758148843355626;0.4691077126378367;0.01149278251630187;1657.4299466363545;2322.157368517166;1.0010060471180215;0.06314718394846769
a_ws[5];1.7856414114481132;0.5714092685461271;0.015883058865975092;1279.8995628797024;1954.9473118676342;1.0000739031665833;0.04876348065072132
a_ws[6];-0.3780880505877027;0.42148922940070377;0.010133517777210586;1715.2093385595788;2384.189073947153;1.0008029429017282;0.06534854750993287
a_ws[7];-0.7040052570742247;0.5152945027846568;0.010861325077388373;2235.1879892262423;2750.323790941163;1.0001333280136109;0.08515945268246258
a_ws[8];0.10662719037542091;0.3623068362604146;0.009511683623269297;1448.8594597267443;2174.7876119806456;1.0015817021282807;0.05520076127773485
a_ws[9];0.4397893048023262;0.47105298365911913;0.010648809638665862;1946.6601567561997;2581.1421425186813;1.0003982465801562;0.07416669841962682
a_ws[10];-0.44770868790025886;0.5845674307973051;0.010465260633160176;3119.5155404713973;2591.383063750839;1.0010331783395605;0.11885185377760696
a_ws[11];-0.7174876133235306;0.5815182262833812;0.011658446402567456;2500.718208124707;2704.748584100301;1.0004206453019882;0.09527601031476961
σ_bw;0.015470513079542864;0.010755957458545823;0.0002970717891748421;1173.9098016438784;1619.934832189142;1.0001313661072586;0.04472532811040089
b_ws[1];-0.37241890441326325;0.8898553260950912;0.014415655683708357;3805.1503040064254;2676.8914056092804;1.00037516133807;0.14497416719560496
b_ws[2];-0.6983646792777013;0.9219706250334394;0.015047147215878723;3858.0372815097517;2447.9337259506697;1.0014315789644468;0.14698913241549774
b_ws[3];-0.09588940022876798;0.951831366132403;0.016038151360599426;3525.923301349543;2543.301006273563;0.9999679062970266;0.13433576951494447
b_ws[4];0.37499389412989254;0.8648157685883916;0.01378640076873841;3945.9915392920034;3212.8973024174306;1.0013519630479164;0.15034014203523968
b_ws[5];-0.22997894591947898;0.7356554194205102;0.012250045391231494;3560.2314491180296;3048.2434147993645;1.0004338820226781;0.13564289137699634
b_ws[6];0.06589181805382031;0.8693390560287986;0.01610784817674673;2929.0209638584806;2756.4863859951465;1.0011126247465958;0.11159411350630694
b_ws[7];-0.15191928955625547;0.8564215309031634;0.013521841500829029;4025.575458380808;3161.5172380477666;1.0000757072669189;0.15337224628087592
b_ws[8];0.6273385144018386;0.7610636278101274;0.013450027384936865;3249.854757566828;2872.2005986853333;1.0007810679308013;0.12381770740799887
b_ws[9];0.2744967331713378;0.8971183654072772;0.013046060764213732;4729.053935289575;2487.582192829792;1.000644898161529;0.18017439552120953
b_ws[10];0.29763649962527644;0.9571497824963418;0.014441964083364768;4400.768064428226;3046.1882508993613;1.0003890509251538;0.16766688151313014
b_ws[11];-0.16298560723490943;0.9226011265022799;0.013647629675708478;4562.206291520068;3104.090290083672;1.0010809113408892;0.17381759059327667
σ_bp;0.039846562144459745;0.009343278701958026;0.0002773330480669771;1121.9377171599008;1967.1905445135792;1.0022957527899634;0.04274521981939564
b_ps[1];0.0671517062373626;0.5503485245921848;0.00980993798035841;3150.006666768543;2768.0437139893666;0.9998571241365204;0.12001354918741255
b_ps[2];1.2256096853835226;0.568455081749607;0.010524802115179751;2944.1161783017174;2654.3281884772923;1.001072073687231;0.11216923300690672
b_ps[3];-0.6476137160270369;0.5760906000372562;0.010347934442574806;3107.1475325353586;2544.7814654228187;1.0008365045345389;0.11838063936893879
b_ps[4];0.1970523240421333;0.5634245770775322;0.010389582240036803;2931.5688396582154;2540.3698519601694;1.0010629256771566;0.11169118619533987
b_ps[5];-0.5002078243955319;0.5664968680969422;0.009997646759718945;3203.1489523368764;2684.516998398265;0.9996469643910157;0.12203824150640674
b_ps[6];1.435660980648479;0.5850445270822582;0.010903022794234128;2909.84483626436;2693.407527867755;1.0025637123231523;0.11086351342329123
b_ps[7];-0.3851308515427668;0.556519528660569;0.009120875631734325;3723.0316335758857;2862.8490407169456;1.0007078383833814;0.1418454902956825
b_ps[8];0.522704464053088;0.5614815592481339;0.010561016018612712;2847.122281489178;2358.3307435287206;1.0008914417291086;0.10847381803245777
b_ps[9];1.1306394606682655;0.5556445871915432;0.011801635541676387;2237.767521373678;2497.285078777092;1.001250452588665;0.08525773146121017
b_ps[10];-1.0325588946329138;0.5719844983096987;0.010021330416971208;3273.709374997365;2840.344216428703;1.0022989405201448;0.12472655542173453
b_ps[11];-1.4464707803407126;0.57581913863092;0.01038564546263977;3124.4583341676635;2871.689332155243;1.002621337736333;0.11904017154234318
b_ps[12];-1.1058202299897604;0.5502180960048763;0.010453702370743941;2781.821362877326;2582.628838955061;1.0011854992296565;0.10598588837488458
b_ps[13];-0.7013595511924311;0.5527858951376821;0.009883514918616323;3134.0484529818923;2697.435135911301;1.001756217785439;0.11940554987889296
b_ps[14];0.9524288239589846;0.5863572554010075;0.01110479736072444;2798.7875319279474;2411.6008633478023;1.0015718544236005;0.10663229023344557
b_ps[15];0.8098343618014622;0.5506917617953092;0.009844186029226638;3128.8336125335513;2655.949537742567;1.002202350668542;0.11920686728013721
b_ps[16];0.30968443690609904;0.5449639263847809;0.009860204429750583;3027.0505835494905;2750.456393080463;1.001113907937739;0.11532898896188158
b_ps[17];0.3505275744486328;0.5516646266136438;0.00920891495943317;3569.586285787464;2844.54104636584;1.0003767414380835;0.1359993055911666
b_ps[18];-0.8005338209398083;0.5614709227609309;0.009439428882145126;3521.885618000084;2790.093265967744;1.0014938481976636;0.13418193596456643
b_ps[19];0.3538800040289672;0.5746424403761904;0.00952739371041338;3659.5300468991895;2599.068886719994;1.0007283499957544;0.13942611421102152
b_ps[20];-0.9665065820926065;0.5700321672221494;0.010467387366778477;2983.2770064769425;2768.581283137021;1.0006837489315847;0.11366123936613406
b_ps[21];0.1812163678477402;0.5724171179153631;0.009965651041478339;3301.2306060891015;2397.024135913767;1.0021169207208709;0.12577509943155232
b_ps[22];0.06871541647487797;0.5622698648842518;0.009893380170490629;3234.1848432581314;2561.1703508661612;1.0016750628107105;0.12322069215355863
b_ps[23];0.001792543356899141;0.5538557548780751;0.009714357350605584;3270.4920848668494;2944.994851367881;1.000812285793236;0.12460397840899286
a_e;-0.009419065498391065;0.01901489921615508;0.000586308807030468;1083.9046125615278;1719.7319953108176;1.0015405374362034;0.0412961791181106
b_e;0.028970821281625803;0.01240479712150072;0.00033249744221889384;1403.875458670148;1787.2081791555065;1.00314395262541;0.05348689518328918
σ;0.9960461617652339;0.003537028432632481;3.967527329572962e-5;7995.85410988445;2951.5451854058474;1.0025529776352367;0.3046377141469405
