parameters;mean;std;mcse;ess_bulk;ess_tail;rhat;ess_per_sec
σ_aw;0.030140567994045263;0.011496452334341859;0.0003003258014810576;1538.6522767692732;1760.3359536064147;1.0025237291028704;0.06544881155782119
a_ws[1];0.1656191584127569;0.7068012183238703;0.013768025850269287;2644.031935632071;2356.3892590920796;1.0028381582279362;0.11246774240076984
a_ws[2];-0.9097638149100563;0.6580998071316607;0.010977815644018875;3572.707702319031;2599.6569897162167;1.0005365665241759;0.15197031628954474
a_ws[3];0.11999372888497833;0.7086347111833661;0.010821839909387275;4359.52152192532;2692.2730277390397;1.0014333944991822;0.18543858601363625
a_ws[4];0.6908620778630155;0.6524284137597671;0.011469941688068955;3245.229825423701;2895.800331766196;1.0005896296862746;0.13804056869297862
a_ws[5];1.50306248004682;0.6282699160541488;0.013832694671562132;2037.2522489070866;2189.4426856909126;1.001862395035036;0.08665748626092051
a_ws[6];-1.0696931956167686;0.6088298513454847;0.011011325059312248;3056.49991345322;2590.1646524883186;1.001230706690557;0.13001266750284346
a_ws[7];0.015814709342604486;0.6876986970329212;0.011796241359863485;3420.7977753610053;2859.218742485282;1.0013293000430852;0.14550860669254975
a_ws[8];-0.06181044942649318;0.5137905829668886;0.011190668938472993;2098.309817973931;2759.169760931393;1.0016600006388938;0.08925465872955994
a_ws[9];-0.3098485857311298;0.6641965528240564;0.010715296109719122;3822.62945370358;2765.3036985351687;1.0015475277354726;0.16260110133274708
a_ws[10];-0.03968723107189316;0.7814200816531233;0.012230735117014637;4085.963800332748;2866.6976747729504;1.0005649406366395;0.1738024106145445
a_ws[11];-0.19432157941713252;0.7879068560787401;0.012604488653871215;3977.7281839566135;2572.444077718768;1.000596397209392;0.16919845131392824
σ_bw;0.013067750763471846;0.0096260319067762;0.00024270942708151989;1536.3030135278602;2143.8692113361776;1.0043011563796265;0.0653488822303777
b_ws[1];-0.037300743127967606;0.898151552149289;0.013108511183250201;4676.052995138437;2849.2619010125777;1.001377307791715;0.19890271241518018
b_ws[2];-0.16379121113797737;0.9017059770340471;0.012121122376401993;5498.661239941205;2597.3730858035033;1.002650725495204;0.23389355005463192
b_ws[3];-0.24044663384546464;0.9373959170066423;0.013591755521241979;4771.19094873149;3053.803547065411;0.9999413172130905;0.2029495435873165
b_ws[4];-0.18645065372257652;0.9106067500935195;0.013313409484066435;4690.545821384066;2806.6942905416745;1.0005796596859593;0.19951918584989412
b_ws[5];0.7353056052124854;0.8337535574301671;0.014455001485377537;3461.269503682773;2504.3632833685497;1.0009882656400961;0.14723013049642864
b_ws[6];-0.22392351017900144;0.8963824047009794;0.011707711349174435;5834.283878170107;3001.566530270491;1.0010311176929607;0.24816974691576071
b_ws[7];-0.27524329978190387;0.9030301267144292;0.013532889539055086;4437.875865987716;2920.0315300497086;1.0004832808076993;0.1887715019535809
b_ws[8];-0.18293718270042678;0.7916886698477271;0.012747335637674499;3922.453657092452;2659.512801777567;1.0008285543586313;0.16684726895304014
b_ws[9];0.30539037406886205;0.9180276754130468;0.012858647070177951;5125.774329834107;2914.468316354297;1.002649263890334;0.21803226321260344
b_ws[10];0.4356697149857925;0.9927050954758737;0.015157147863783757;4289.563264472944;2581.119755570418;1.0010352046385442;0.18246280982427654
b_ws[11];-0.25275518447761836;0.9281558004232061;0.013826846725255118;4527.861739335102;2579.7732815357226;1.002515231008525;0.19259918190212993
σ_bp;0.04876637037848724;0.010026730005839767;0.0002838415504763377;1284.0912859298583;1878.9181923659928;1.0021640669832383;0.05462068971966045
b_ps[1];0.8482207062355595;0.509549149409927;0.009834267429267313;2737.2279757620618;2057.196925379563;1.002639510410618;0.11643197146050921
b_ps[2];1.0306835582986542;0.49239693286963276;0.008847269880286003;3099.4523959416547;3013.1180429210463;1.0017033623173626;0.13183971379183923
b_ps[3];-2.270635117411289;0.5592164476204171;0.012277740764737378;2099.700685905603;2517.579825961818;1.000676793110639;0.0893138213191432
b_ps[4];0.7736020471981909;0.5106360262167934;0.00895453384776317;3253.8596620508806;2451.1937834420905;1.003280245468647;0.13840765134038027
b_ps[5];0.29168750592835124;0.48675423066817736;0.008353428478764578;3426.295679346409;2725.6384595257477;1.0017419118688762;0.1457424680316817
b_ps[6];-1.6414516941339639;0.5180749407355979;0.009259417798304224;3140.809475791415;2675.8583815607285;1.0008470990919034;0.13359889731012717
b_ps[7];0.14036471122557292;0.476473189345551;0.009094646585845132;2736.9848563066716;2684.9653397042853;1.0006480725209328;0.11642163002101563
b_ps[8];-0.040160235267636166;0.5014892932956715;0.009363633140893614;2872.6167887171373;2395.0090363887107;1.0002890141475276;0.12219093145421192
b_ps[9];0.42280224761809054;0.5014230916472902;0.009170601238852572;2974.7304934001486;2390.0109886971513;1.0007516430149268;0.12653448634063647
b_ps[10];0.06679156408344224;0.5040587642305813;0.00855205221198074;3421.695591581617;1904.6267988638833;1.00056049463009;0.14554679661078115
b_ps[11];-0.2721821852286572;0.49096985885270267;0.008635661769822129;3243.8380355188315;2471.242347478918;1.0021127116482096;0.137981366885925
b_ps[12];1.1557729948688795;0.5246217284850477;0.010819832171911594;2366.484682989586;2557.286539727543;1.0007240569176774;0.10066186649830111
b_ps[13];0.05735252788915012;0.4795688712153161;0.00858443908498332;3109.5019825520158;2680.5971410971024;1.0007942398553633;0.13226718756887518
b_ps[14];0.09365024407679562;0.49180757785560586;0.008630722019555141;3258.623139689857;2872.2535365614767;1.0003266625958995;0.13861027278712318
b_ps[15];-0.938871495385989;0.4958746383971266;0.008594809604152482;3335.575762804073;2975.6972894361725;1.0011142138948101;0.14188356448864878
b_ps[16];0.2966377067508906;0.48029352297983047;0.008306094383371666;3348.8869474566322;2318.0439841568755;1.0000340583184826;0.14244977508027512
b_ps[17];-0.9291388531168927;0.50043765984525;0.009321777479699716;2866.440157691173;2480.2183156155997;1.0007026988340957;0.12192819947364428
b_ps[18];-0.1616223346978466;0.48644367124204585;0.008542811114470911;3238.9104883803025;2730.695229839925;1.0012532746323903;0.1377717665044866
b_ps[19];0.16212609827371097;0.48832702977491294;0.009155961499672476;2844.4189608458964;2644.6942900294994;1.0005220622409476;0.12099149585037311
b_ps[20];-0.34757933740135505;0.5035090561442063;0.009208777984711593;3010.359012787008;2637.190685282269;1.0004734698250346;0.12804999721118282
b_ps[21];0.7719556620045334;0.4879850823029935;0.00940209392177633;2728.5494039840924;2359.025869023331;1.0009150543637189;0.11606281579261524
b_ps[22];1.1861854077616645;0.5101498312252186;0.009300213188253468;3022.234353113681;3012.218828177947;1.00039789475634;0.1285551320769092
b_ps[23];-0.5494886611525184;0.48566312793677385;0.008199602800235423;3488.397129299114;2608.8114702278945;1.0012587825624093;0.14838404349144463
a_e;-0.006674345345603889;0.012074918905322923;0.0003283413122650683;1411.8961666855216;1692.6568884591827;1.0028253845019313;0.0600570561313819
b_e;0.03432245940126017;0.013373489243152913;0.0003881621832091679;1197.6832624505705;1769.637202244323;1.00171601185591;0.050945198816898324
σ;0.9958539976019272;0.0035884030393073477;4.6790555337291266e-5;5878.606744214522;2637.0199289876855;1.0020445921619447;0.25005508446163854
