parameters;mean;std;mcse;ess_bulk;ess_tail;rhat;ess_per_sec
σ_aw;0.031139020742473687;0.01011368077411123;0.0004248702168278783;558.5361484984868;632.129489355232;1.0007541336338306;0.002012376668429217
a_ws[1];0.18193993942520495;0.6763041063886155;0.02250127030618698;916.5215806684407;654.3339033130364;1.0030628403183495;0.0033021795455984416
a_ws[2];-0.6022047198223125;0.6011790430853803;0.01958313355285393;949.8402160084465;505.1899452647048;0.9990226492903086;0.0034222248543262267
a_ws[3];-0.0908460996657539;0.64894849296565;0.020035979118765257;1039.230711423148;850.7801056186088;1.0076543560369366;0.0037442941560812976
a_ws[4];0.6550954416391516;0.5854048263687678;0.01756138755764752;1154.057515224291;581.0199280925866;1.0005627862945863;0.004158009152865154
a_ws[5];1.7920852969938736;0.6023339281039404;0.019710012971210708;935.5908658372159;870.4429861044748;0.9983768415118346;0.003370885187409502
a_ws[6];-1.1273506400565942;0.5642259914627696;0.01871604829631362;919.9177976951602;736.2553600337983;1.0013762485680942;0.0033144159387555635
a_ws[7];0.03375403803359805;0.6208057212690374;0.020811510158364233;882.8743797516456;705.9351854078086;1.0090111269101296;0.0031809504322009726
a_ws[8];-0.16934665872844626;0.4496574345752323;0.01618844670738237;769.6264020690693;844.4334677561267;1.0002465040145267;0.0027729238637364843
a_ws[9];-0.4810410347497828;0.6037864317395728;0.021184272622380058;823.3744798269119;780.5891405356585;1.0068753187350203;0.0029665753900406855
a_ws[10];0.24759010526019906;0.7460503920166884;0.02565328282099464;842.8699310112362;821.5837429559241;1.0073382914932891;0.0030368164858216888
a_ws[11];-0.3076593238638653;0.7575221194394477;0.026452221252614132;832.8091028003927;694.7247068325753;1.006439846743154;0.0030005678454946413
σ_bw;0.01175866339630421;0.009425559689773278;0.00055193536169053;217.98600644795744;166.6139902195402;1.0109466927095645;0.0007853922339658896
b_ws[1];-0.13758271457597798;0.8448215541597913;0.03288121102453821;650.682776194467;627.1913846583251;1.0113025319354667;0.002344376171323212
b_ws[2];-0.13425275757796973;0.9034780255311982;0.03576507158875306;636.6822477976586;575.3171744748589;1.0119146875828104;0.0022939329963073086
b_ws[3];-0.16600630913473421;0.953763994511073;0.039236205846987574;591.9409302108338;636.9606737848151;0.9992581819425294;0.0021327323580521964
b_ws[4];0.11945510371693381;0.8656191731687045;0.03606180967512664;573.9707943505999;548.3022018781547;1.002425983149985;0.00206798689398357
b_ws[5];0.5435335953010553;0.8048451957441655;0.03339918597660911;636.1816092372998;488.12461733776354;1.0027768159143011;0.002292129221635086
b_ws[6];-0.3020564345280315;0.9244445325255772;0.038348915696137124;574.061569030556;563.7242297027108;1.0081920391735728;0.002068313950430174
b_ws[7];-0.45379908614796344;0.9246818703084779;0.03724165140026257;613.7610396224326;656.7691308683261;1.0020530797926028;0.0022113490764159374
b_ws[8];-0.010708384613900921;0.7642399584845978;0.02696092007985477;820.0119903348435;714.5522598488323;1.0065385248303544;0.0029544605154352235
b_ws[9];0.38903816943895136;0.936288018997191;0.03739789841953137;624.7100026220857;709.4318803711752;1.0092997416372491;0.0022507976201551908
b_ws[10];0.38938934819332943;0.8951844964047279;0.040790935539412314;482.07041641853147;645.9738916045588;1.0011196969457046;0.0017368746161704124
b_ws[11];-0.20906022485505202;0.9246875931496864;0.04070185853223646;517.9078185781009;601.0076276381221;1.0048069887319844;0.001865994910634626
σ_ap;0.2443061491015998;0.042167331503197854;0.0023721647329576845;317.69824189521427;448.82241305721266;1.0044870018571042;0.0011446502277598653
a_ps[1];0.5749214827450152;0.23473433465241791;0.01213446485705444;371.7210971270653;675.4065418054976;1.009086532990374;0.0013392917629993716
a_ps[2];0.5294267513634036;0.24506974269987758;0.01168101509272235;436.0100817639564;675.9979426190577;1.0084127202078725;0.0015709216280816573
a_ps[3];1.0158396676145134;0.2747218458901841;0.015575847336155824;313.80879471664144;510.6325610228266;1.0095964480631794;0.0011306367520407211
a_ps[4];0.5199304423474362;0.23658938748185152;0.011539542827105708;422.86288241510033;598.1094715710573;1.0080706832648516;0.0015235529532054645
a_ps[5];0.571952492259204;0.2340474901612877;0.01207957045597976;377.12821906522015;629.0503098501594;1.007029380419911;0.0013587733418746984
a_ps[6];0.31249833486263096;0.22046095428654455;0.010634621795200696;431.37362770662986;594.5503378216148;1.0053235071393418;0.0015542167254638222
a_ps[7];0.8846390492284961;0.2548091533222256;0.01448227608871012;315.86629278785983;549.7269370892134;1.0087241447318362;0.0011380498104882162
a_ps[8];-1.8827322019347343;0.3717255810437751;0.016648860347755666;502.57085916965906;715.1868828474172;1.0016760807154288;0.0018107366442517512
a_ps[9];0.017544363520929376;0.2399711980304201;0.010470665984529124;527.1168615458837;665.9718484710348;1.0099822892145789;0.0018991746130706242
a_ps[10];0.1339752770427123;0.2127954056927687;0.009776061663253073;473.9008085250718;668.933000680518;1.0057821248634382;0.001707439944199386
a_ps[11];-0.5107579268056227;0.2421285280888248;0.009917795580523305;593.7197749019408;735.3163522712447;1.0035177404083166;0.0021391414428764575
a_ps[12];-1.9018154461912562;0.3745443341956978;0.017744692237691304;447.7319145279563;739.8200143574729;1.0018379576445606;0.0016131547813501004
a_ps[13];-0.6846770618702559;0.2516078718266053;0.01031458023365893;593.1258423683585;556.7360072907792;1.0031675995127864;0.0021370015348751306
a_ps[14];-2.15080510914987;0.4064650805855302;0.018480723690428635;483.47101678636136;658.5376996874643;1.002002695675771;0.0017419209063874222
a_ps[15];0.34651465774189893;0.23333277982538225;0.010887418777328389;455.839903858437;660.7331526582332;1.0062865758849517;0.0016423674448462692
a_ps[16];0.7069120399111637;0.24329749896501723;0.0123082141898715;391.0257392127751;484.2218650970238;1.0083986423740876;0.0014088453835306384
a_ps[17];0.5722563539873106;0.22908066840934893;0.012193280500283909;343.70033269337114;579.564026769444;1.0091730614015713;0.001238334407366247
a_ps[18];0.11953820678329032;0.21265921074435212;0.00987524445002578;466.13758613890843;790.854405918852;1.0054179263285496;0.0016794694580567423
a_ps[19];-1.4970224637315444;0.3413789383381301;0.014525478762570774;557.7585940787219;761.8263629528614;1.0035887342894287;0.002009575180330416
a_ps[20];0.19333265726632917;0.2206974120409499;0.010513610218714914;440.74719711140875;629.8443598731775;1.0104078147290674;0.0015879892080878902
a_ps[21];1.128322143188123;0.2901369796862153;0.01535852937245955;360.01321642666494;476.29996708920436;1.0057583229782208;0.0012971088782898024
a_ps[22];0.7046474068987856;0.25811139490398366;0.012585271665593254;416.8855005074063;531.6980434129581;1.007434092347575;0.0015020167573447823
a_ps[23];0.12347892323030502;0.21301450914755307;0.009905176985476095;460.92941546346174;552.3156627007514;1.0056637027976187;0.0016607046902245408
σ_bp;0.04945947138961406;0.00925135793901496;0.00044127301782035695;437.9381142344317;648.1533871593022;1.0060626146886567;0.0015778682287090093
b_ps[1];0.9449895289161551;0.4541693158087806;0.012369196789727062;1357.013380944693;844.1182048279035;1.000476100669449;0.00488924857218395
b_ps[2];1.057820584006128;0.5278657000820012;0.014882264898548757;1286.8978809013308;728.0746359134536;1.008437760335132;0.00463662607539153
b_ps[3];-2.16599170237826;0.5425666313759985;0.01838170320966803;911.7032266986455;776.3666503788467;1.0003444502846335;0.0032848192670647852
b_ps[4];0.8616699013989852;0.4301539831402423;0.011925141812598353;1299.173124141677;761.2977091585277;1.0091097321116107;0.0046808531377984545
b_ps[5];0.37275022382620343;0.413531737749425;0.011475407709336477;1273.1756838643578;857.5030621063328;1.003805716266058;0.004587185713776569
b_ps[6];-1.7607688288538474;0.4645385726037188;0.016719558480907008;776.6950247135168;729.9908343060273;1.000223127561034;0.0027983917431671297
b_ps[7];0.2655300418286489;0.3669002804767617;0.011773341101342536;978.7403449327077;629.1705676717806;0.9991577964612304;0.003526350514443527
b_ps[8];-0.22904131268809258;0.4724153936180142;0.012836422765839836;1353.5427893445253;780.3759116912431;1.0049293531934615;0.004876744211310264
b_ps[9];0.3380796041209941;0.6077462547745135;0.017758265158012498;1169.3286657531507;605.611438407492;1.0071173827406963;0.004213030313280578
b_ps[10];0.10486785443791578;0.34434382859714663;0.010701294143050648;1045.5147528156733;663.5895377617225;1.0006992598069648;0.003766935230102661
b_ps[11];-0.2867101661292071;0.5119191543802312;0.011323683000520033;1989.1006178053992;889.8212103137647;1.0061225017218933;0.007166625983278809
b_ps[12];1.0417723548687479;0.4461789592836972;0.01183911631318214;1433.6697538066478;931.1154029308992;0.9982141772001237;0.00516543749325649
b_ps[13];-0.024480803995991413;0.5481014864210662;0.013823516729573446;1579.1232746932644;576.9442418458154;1.008322243390913;0.005689498957424913
b_ps[14];-0.10553680960100753;0.5598052655513132;0.013459577112827753;1776.1392143367432;624.7226935725873;1.004899471380112;0.00639933713229153
b_ps[15];-0.8723779442203159;0.4938648247769428;0.013568316507987425;1324.332634056283;790.4008134514503;1.0001452083595723;0.004771501542341968
b_ps[16];0.37802268726134;0.45824064482685867;0.011183850344370687;1684.6760276449966;717.1931540136651;1.0119496193103747;0.0060698000317592525
b_ps[17];-0.9350223146577203;0.4399609489948017;0.014049367691404737;1016.222891328945;698.3493416048483;1.0079412139701598;0.003661398177954438
b_ps[18];-0.17589488246814;0.3921148287651122;0.01086822160887287;1305.59712119242;678.3139443834508;1.005720869873877;0.004703998464770982
b_ps[19];0.02711333235387998;0.5781689955834242;0.014880410781823214;1506.0418761366946;683.9937403391083;1.0119150047856966;0.005426190482679314
b_ps[20];-0.32646453320388763;0.48120103645906914;0.013211359739339616;1328.1605313618766;696.5038789102055;1.0040588348306005;0.004785293257072748
b_ps[21];0.8964895621179898;0.4702957901399111;0.011996503243776014;1577.2319583756864;622.7626064149299;1.0063018440283238;0.0056826846431851895
b_ps[22];1.1719508837595731;0.5225068715363115;0.014759404745133025;1255.2880281483815;619.6586975790245;1.0019235568666454;0.004522737421374197
b_ps[23];-0.5831706461805829;0.41069185754584586;0.012609557932397673;1060.311790512768;753.5039923429838;1.0053451256153831;0.0038202481866651877
a_e;-0.005371488367824497;0.05060395886700302;0.002325871465250631;468.8623885055215;640.8227016838413;1.0058148567868155;0.0016892867791440053
b_e;0.03268894612386615;0.012918761123371121;0.0005363975112234887;579.2396237065329;584.4870265970532;1.0019048415557275;0.002086970211883975
γ;-0.08246183163203546;0.04993105291362837;0.002251515883096237;492.7941097990265;649.3416016597773;1.0032701918242946;0.001775511525198254
σ_γp;0.24180762479357915;0.038395921343729884;0.0019046233503032166;386.153512673064;369.7787737793242;1.0153179531557541;0.0013912910049319132
z_γp[1];-0.2625550382231555;0.21598571617116483;0.009025865408718813;581.1930823091785;685.6392000719459;1.0030161678049716;0.0020940084215419785
z_γp[2];0.6587666358411324;0.23867483899357897;0.011422283214071318;435.39807406865117;646.6200337039955;1.00690221682477;0.0015687165962135457
z_γp[3];0.26250708715740656;0.22301477204864065;0.00989110048830116;508.7578887614794;690.6873286616857;1.0049683501254736;0.0018330281898051258
z_γp[4];-0.4017500502472194;0.21870072471817364;0.01004522378258907;476.51671133223124;762.984787871666;1.0070084966806228;0.0017168649058427066
z_γp[5];-0.8368386826710044;0.24147007253957686;0.01103651605597912;474.5470627125527;667.1257639666004;1.005610461347265;0.0017097683643961046
z_γp[6];-0.7533059960954976;0.24222046494422375;0.010770797099111055;506.3323942831769;603.21457049077;1.004654176867306;0.0018242892594589673
z_γp[7];-1.8427136455942985;0.3417651145989342;0.015628082893074942;475.53739461838364;651.2053234171892;1.0097487389143058;0.0017133364787010655
z_γp[8];0.045562672923024065;0.21407513082677143;0.009864163355144893;471.3757153856371;747.4788501806365;1.0034699223188046;0.0016983421650617787
z_γp[9];1.904308991702817;0.36509605062455514;0.018768673760094903;382.2066363829855;499.43025396392693;1.0116052759447005;0.0013770706151134877
z_γp[10];-1.5210297673009678;0.3033653159283455;0.013834767045837068;481.4083842617578;668.7434377180997;1.0104956341663538;0.0017344893487716547
z_γp[11];1.1428936104566931;0.2779899042755522;0.01356196340438346;419.99542595063804;557.0751973445332;1.0079941376430854;0.0015132216568295128
z_γp[12];-0.5234634333731936;0.22289631337407198;0.009708441404327662;523.8072687541865;712.1858967601572;1.0075512620218008;0.0018872503225230606
z_γp[13];0.6867363600813422;0.24147669106010017;0.01095882562304708;487.2989496184894;698.1839549901038;1.0079776647157357;0.0017557127491184565
z_γp[14];1.159853693803289;0.2784412258460932;0.013659164036161887;415.8826425425867;651.8647948499896;1.0072653331703543;0.0014984035123013298
z_γp[15];0.5391967892627378;0.23093091600043383;0.010821015637232414;455.20865893904676;669.803973985915;1.0073029767992048;0.0016400931022611735
z_γp[16];-0.0935886632289772;0.2190300697925949;0.009720411798464479;506.1750034907264;561.3446693742953;1.006024608106112;0.0018237221886267493
z_γp[17];-0.9511215838044722;0.25912886068111785;0.011977956263018516;469.02181099061147;715.705304098564;1.0095360123402455;0.0016898611700590439
z_γp[18];-1.0144817570539248;0.2567861558729916;0.011493580436913118;501.86850365400215;733.6636587950638;1.0079452725897156;0.0018082060938899704
z_γp[19];1.756764527283805;0.35100454382547125;0.01855385739427671;363.15366692672654;377.3656012297652;1.0102560921028778;0.0013084237579653083
z_γp[20];0.033073842237364294;0.21102473096471966;0.00936675695633434;508.0552048522765;687.6792522024257;1.0029071686819844;0.0018304964562584933
z_γp[21];0.057689211506913605;0.21700677615918929;0.009392322101668937;537.1664930403895;666.2942114165094;1.0079102758040928;0.001935382912211552
z_γp[22];0.7381484180507492;0.2516950271542396;0.011758919646225647;460.74069477754216;526.9196475517983;1.009666511173059;0.0016600247394170317
z_γp[23];-0.8474233995148007;0.2442657111915969;0.010891008755989574;494.67186807230934;601.7265553550039;1.0068977458963428;0.001782276990510146
