parameters;mean;std;mcse;ess_bulk;ess_tail;rhat;ess_per_sec
σ_aw;0.05936974805290151;0.018682821659371282;0.0008148997341617985;497.89926138103175;756.7146948961527;1.0049379534834848;0.0022054907427103273
a_ws[1];-0.4080720679454273;0.4944380110696887;0.017219382752145143;803.3853404634178;783.2380812780558;1.001245801529995;0.0035586695314763412
a_ws[2];-0.5618504785494565;0.42896554281554966;0.016155962668689815;708.6781533763898;918.3469633814257;0.9991556978294767;0.003139155303218173
a_ws[3];-0.12426705110672402;0.5158939486375281;0.019611108260842624;692.5859333046528;803.3114977626407;1.0042425850897976;0.003067873328829558
a_ws[4];1.1413701573061281;0.5162235613067219;0.019397743852728987;722.4285308311904;837.9833707262402;1.0013550951340031;0.003200063869543857
a_ws[5];-1.7742673535980464;0.5710434462653741;0.024670426604224655;530.8082100222825;588.701746215676;1.0058260322885764;0.0023512639687627034
a_ws[6];0.5108552156551985;0.4255132567749661;0.017665302624880957;583.0474455616983;665.3960270710161;1.001856723367782;0.0025826624851390425
a_ws[7];-0.7608912113561279;0.5342956270547283;0.020405162276974892;684.3727431097075;597.3390324882891;1.0047046252207168;0.003031492244646328
a_ws[8];0.7607304123785645;0.39674266674469255;0.018391756145470166;472.33084377038017;609.1226884640191;0.9986705275378431;0.0020922330765116843
a_ws[9];0.9751711336455299;0.4931315692877844;0.018472104648602234;714.3567924322525;787.8500193252913;0.9986914916138645;0.003164309359149407
a_ws[10];0.1535160289230444;0.6292355533464731;0.0234186627738191;712.3424042019138;664.8652215161043;1.0012969607581943;0.0031553864405214223
a_ws[11];-0.22447885470010673;0.6015963594485381;0.023089159764812493;683.107774657965;786.0103279684964;1.0033536794691165;0.0030258889501116057
σ_bw;0.04005521444892898;0.012487733936953037;0.0005425272637299117;535.299228489739;800.0623373632585;0.9995456737683384;0.002371157349660363
b_ws[1];0.011713408484252954;0.5728349689962342;0.019732517907527523;843.1307742116151;670.0441775965952;0.9990710686326199;0.0037347255994317676
b_ws[2];-0.7381612485579913;0.5981792429425818;0.01943933163153294;937.2480438067247;701.3443802040563;0.9996018762227024;0.00415162673370024
b_ws[3];-0.021638948296136613;0.7547648560117236;0.030441905565916718;610.4595864100645;656.3481894027115;1.0011931867396018;0.0027040870936256107
b_ws[4];-0.07159818575737754;0.6048307528014514;0.021115240496451252;834.9749425221763;591.429287616156;0.9999675174801076;0.003698598590043828
b_ws[5];2.0921600771808655;0.6299039235901792;0.027284812608431595;516.6193167616932;734.0504573027915;1.003402286380181;0.002288412956192941
b_ws[6];-0.07252543791338303;0.5670748402699938;0.019900340205588764;799.7723674702373;706.2127639828813;1.0018108005228727;0.0035426655340652586
b_ws[7];-0.5341877994344809;0.6465963095782918;0.025667359446663256;634.1989513891255;611.3709359328341;1.0062990483089644;0.0028092428023404965
b_ws[8];0.16130999561250195;0.4449705541369921;0.01745007130047065;647.9474045901532;795.0013600536716;1.003968440546104;0.0028701428450064524
b_ws[9];-0.09795128169972196;0.6212047795125766;0.018964667909339872;1086.0472037959528;621.8063496873932;0.9992688899726933;0.004810746349521822
b_ws[10];-0.412596523891193;0.8176023785717196;0.02951187860619133;770.7494737210541;625.6989680738736;1.0035030710042534;0.0034141059469051083
b_ws[11];-0.47949638604924394;0.6972576786264519;0.02527116514871529;761.6200249604102;758.34206577563;1.0098561753972448;0.003373666210819138
σ_ap;0.16635885136720227;0.029825971456764078;0.0017390225455638252;302.70148503427345;558.0510683841592;1.0154898967131014;0.0013408441723653302
a_ps[1];0.12920576843131823;0.2304955288520036;0.010869150891230752;459.1509025272275;647.7570444237363;1.0139769011228255;0.002033851310046291
a_ps[2];-0.24962707558668482;0.27142574194185476;0.010988852368723266;606.6888728915749;783.3186725585022;1.0049191512809135;0.002687384369995584
a_ps[3];-1.4996464481097904;0.3372596023418974;0.016615074324758554;412.70556568138034;618.626660098512;1.0067551683239533;0.0018281174028067948
a_ps[4];0.3045553783698878;0.24969511137596961;0.011028243568001734;523.7861842308436;513.2106667060443;1.006008644317387;0.0023201592572691873
a_ps[5];0.4410010084035104;0.24260962683103818;0.011509170408497272;445.88698547980437;572.8250516749757;1.0160114253835781;0.0019750975650035113
a_ps[6];-2.011411044293816;0.40647799967854087;0.020598011381722337;388.78687792742096;651.1166109262953;1.0059981496701835;0.0017221673673060071
a_ps[7];0.250676688487041;0.2246025375066759;0.010852060622265082;430.1345067427818;616.5763972863374;1.0146200878839353;0.0019053205062208166
a_ps[8];-0.027267097673217812;0.23637062904615627;0.010470415788271866;515.2356098819064;722.1929598958859;1.0081059107301031;0.0022822836988296547
a_ps[9];0.5122509584975401;0.3115445540250675;0.011947039505697988;678.2935973992563;826.1849472819869;1.0076864859019592;0.003004564107515137
a_ps[10];1.2093798797178723;0.307456749367068;0.015965828666609293;371.16732274765604;636.7859630548206;1.0158265323361437;0.0016441199210578258
a_ps[11];2.108420628979768;0.41626988614874266;0.0235693836608003;312.9367735134931;720.2578100121782;1.0187865482326337;0.0013861823275722193
a_ps[12];1.0565932386124202;0.28315260442859363;0.01562618392021126;329.17405955458975;779.0077483152276;1.0215248987793035;0.0014581068850641268
a_ps[13];-0.6851968763610142;0.3045898496815933;0.012117479954303335;638.7189677319029;597.5428770642544;1.0002338966661106;0.0028292646320038795
a_ps[14];-0.5682008213707214;0.2811347444820514;0.01238944380607519;514.5730621492421;568.8835170076115;1.0109246654924937;0.0022793488824835897
a_ps[15];-1.6584086570567633;0.37325009495977485;0.017704884305171933;439.3969337656595;604.293071646224;1.0070939501689284;0.0019463492817954676
a_ps[16];0.2706559638128768;0.23822251877015688;0.010660014064227324;495.4684934003736;564.7681058810458;1.01123837379974;0.0021947234315394925
a_ps[17];0.061827583019521404;0.22345343018742447;0.01066299266723646;437.4006256953192;576.4162957466857;1.0120958931905586;0.0019375064509052967
a_ps[18];0.536850352542179;0.2522745212197268;0.011337669997532936;493.02343339612935;550.3109242914782;1.0106467368355767;0.002183892812530791
a_ps[19];0.7708271173775516;0.31790631993433843;0.014461223489381411;483.3446337365795;433.67168994114604;1.0109933603045504;0.002141019675923848
a_ps[20];0.5525040248597824;0.27550508503859333;0.012239763639870449;505.29422734713916;518.6003574839589;1.015424357312624;0.002238247427136148
a_ps[21];-0.3979991799162091;0.2617465951717623;0.01063224974054785;612.5545278902433;619.7595957736048;1.0064565042626625;0.0027133668303101735
a_ps[22];-0.5176391085179164;0.3005282531152778;0.0127820581428508;552.9550988197344;673.5914621697443;1.006752073337443;0.002449365657218986
a_ps[23];-0.8616816493309035;0.26755267354055545;0.01213110712656895;486.8800897533876;537.5643055047492;1.003588229918915;0.002156680304731977
σ_bp;0.05571763930636753;0.010377135656715821;0.0007198470541157879;202.26871872121228;464.67184274054466;1.0213779739096696;0.0008959679623587964
b_ps[1];-0.405673846334272;0.3554433420391544;0.013310504260484564;719.239104274693;712.4868159741819;1.0065974936405164;0.0031859360101744766
b_ps[2];-0.5904990864018668;0.5311209235663622;0.016175917872400542;1077.7372571516457;807.6708973764715;1.0044027780730482;0.004773936673713908
b_ps[3];-1.0907395265350979;0.3834993853556746;0.01322410573532407;861.9504772584189;793.3467000734313;1.0044829135210618;0.003818089211450704
b_ps[4];0.7849772904153899;0.4050301103939804;0.012898950858639084;990.0437158796593;898.2992671542376;1.0054062997560285;0.004385490037070192
b_ps[5];0.2513141176621033;0.3822511313764835;0.011664356754187914;1070.8343957662785;512.5443987034565;0.9981829829943006;0.004743359811957952
b_ps[6];-1.6242717956755703;0.46054769180544414;0.017905911100256598;673.3363051013521;738.6013628157456;1.0080129861106415;0.0029826053236406413
b_ps[7];-0.19236005140097037;0.31907159919037104;0.011865179778293902;711.4491801255245;914.3132629718633;1.0096368906245277;0.0031514298220155458
b_ps[8];-0.22327494112828203;0.3856678565696278;0.011960329661551444;1040.7538234788708;636.1689768141756;1.0035452288695692;0.004610115140071332
b_ps[9];0.4220512494342788;0.5955549533315381;0.017571414984404066;1129.4634920347637;685.8131834791343;1.0015406124509412;0.0050030628063246416
b_ps[10];0.9355064686148151;0.3939306118861553;0.013398600439062106;861.5078795214391;797.773988370446;0.9992825757008428;0.0038161286839155837
b_ps[11];2.0591898535505915;0.5442134017097034;0.01886274990311544;862.8210718931888;716.0577536873271;1.0081291212997328;0.003821945590755852
b_ps[12];0.8842666255709548;0.36973012408033706;0.013016876990519542;810.562470147533;906.0813308227756;1.0035454584588044;0.0035904612899811477
b_ps[13];-0.3138036189271185;0.536399157620621;0.015043929402447191;1251.1911410621822;755.9424711670865;1.0121141100488267;0.0055422666651879894
b_ps[14];0.20664705048414853;0.5112014515614988;0.014442757687990462;1236.3753828021968;699.1287629381068;1.0048795808579485;0.005476638896233286
b_ps[15];-1.1543844113833117;0.5090457854957212;0.015633594424096328;1104.9355886428364;444.221270118804;1.0039725113052809;0.00489441419391469
b_ps[16];-0.9120680371168617;0.3805045482794497;0.013249871242970092;808.6904794569572;827.1490282757567;1.0043029282154403;0.003582169134401216
b_ps[17];-0.029084126488098952;0.32891878163194116;0.01123016520686253;857.0628791989636;669.529650185105;1.0055262637619615;0.0037964391446393612
b_ps[18];0.6223091558091131;0.4020392130427007;0.01110172525911609;1313.223161757202;815.6259988210484;1.004789182579471;0.00581704322744881
b_ps[19];0.4693139606314086;0.5962767118162123;0.017085609139067346;1217.7555813011797;611.4971693527626;1.0044015246226996;0.005394160766565666
b_ps[20];0.820125293874493;0.4792468941990048;0.014457435126312776;1127.2198727275593;733.6520002012365;1.0102013534999803;0.00499312448747982
b_ps[21];0.8643633013854215;0.4367706831726429;0.013410581079798933;1060.9715818422642;697.6664974929346;1.008545763264333;0.004699671567178972
b_ps[22];-0.7892074742932089;0.5183296555914044;0.014375093769117336;1293.8488695540968;668.4913429547194;1.0047982534377713;0.005731223011564189
b_ps[23];-1.2469818357015172;0.41395428428392755;0.0151434988480888;775.4917821753656;653.361936041778;1.0074050834127102;0.0034351124399978083
a_e;-0.007262769129258597;0.0389153867973363;0.001818400808632803;456.1188447706644;618.4002193706146;1.0069859578845002;0.00202042053030399
b_e;-0.0024592248477966457;0.019897129864085063;0.0008884039729424069;498.8321574103216;638.1560751784873;1.0007358336972452;0.0022096230917939613
γ;-0.10334643002802248;0.07398522987018094;0.0038987851600540387;354.35596695310466;636.0063568798979;1.0106338856249844;0.0015696524685967581
σ_γp;0.3264855076888636;0.05384510957132317;0.002520169363270957;457.1283525165822;632.0538606707097;1.0050424945872865;0.0020248922380589696
z_γp[1];-0.9509814101442562;0.27035670594290817;0.015444363920251255;306.0634847287934;495.21560324405124;1.0154499550439444;0.0013557364603809662
z_γp[2];1.1080093296044073;0.2836865203929083;0.01295102617685782;485.7780585853036;791.5641450754019;1.0047776092865748;0.0021517987559370537
z_γp[3];-0.6960056120632592;0.24994583051268152;0.01347046552089177;352.30263716269826;553.3793644954671;1.0147642297782338;0.0015605570547334968
z_γp[4];-0.2915804395135425;0.2316903258893905;0.012740778531461163;337.655666168432;620.4140751311118;1.0161780615932896;0.0014956769445541817
z_γp[5];-0.5159531376070652;0.24467364113758416;0.01278262295084505;370.79611367902004;526.2927756711671;1.013179620169444;0.0016424756162195017
z_γp[6];-0.40755307377855027;0.23791640801530237;0.01269544405688306;354.76401431064744;557.3665031626773;1.013356606367689;0.0015714599520365844
z_γp[7];-1.5883248812646775;0.33777695200385316;0.017595050967835896;369.6932969700309;585.7788762046995;1.0135115416374882;0.001637590587798621
z_γp[8];-0.5704761281755739;0.24858496607884376;0.013981985652482806;321.059006139609;458.0578579583481;1.015185731021165;0.001422160506807415
z_γp[9];1.778740363724303;0.35504085062459084;0.015993616505592806;500.17677147007413;765.846343739044;1.0035357771101938;0.002215579183901985
z_γp[10];-0.7111686728557549;0.25395232006879037;0.014028246439899916;334.1940269102298;602.233292390564;1.0149667459059297;0.0014803432938928184
z_γp[11];0.4811658017365251;0.23809964758924443;0.012052800683051881;388.32188902784475;631.8528549696495;1.0070336784885068;0.0017201076560490877
z_γp[12];-1.2910116451361344;0.3058110888782611;0.016851053617747462;324.2351323869085;496.14080907795807;1.0151343626351954;0.0014362294512293625
z_γp[13];1.0994798453773587;0.28033729718203954;0.013039634770432755;459.4019028896729;720.0244536329589;1.007700321445427;0.002034963139323271
z_γp[14];0.920529841034246;0.2681715084596397;0.012825720128141854;425.618539362933;676.7633329399525;1.006174149162397;0.0018853166118125134
z_γp[15];0.5933985766976391;0.24301264093437291;0.012029138317168172;399.80959057236134;671.6623351580639;1.0071442042232734;0.0017709934905473666
z_γp[16];-0.5599190148274719;0.2433224919415252;0.01289055312508317;360.76610810877406;658.2534158384443;1.0138721766364036;0.001598046780608955
z_γp[17];-1.1638380010558385;0.29415819907548735;0.016374613183486528;323.8589711942527;540.5325093630137;1.014232385564919;0.001434563210500529
z_γp[18];-0.4171370193897658;0.23452136522900682;0.012366846997212712;360.9706911663637;524.5609214071109;1.015051309051243;0.0015989530001489834
z_γp[19];1.6579011982916732;0.34353683244912303;0.015570651506056065;487.2414791925123;680.5598759106299;1.0042641784219308;0.0021582811126148647
z_γp[20];0.45999295594174117;0.2368557340579632;0.01170199926635783;408.0775725110547;660.4100535254231;1.00854671111306;0.0018076172798177218
z_γp[21];0.16730410501401696;0.22423121487179698;0.011739274683682209;360.4777508330657;598.5171619165535;1.0127306807920018;0.001596769475436009
z_γp[22];1.2270929067180911;0.29561597653913935;0.013286217919095122;494.6910817455183;719.1734834930505;1.006148784049617;0.002191279814846223
z_γp[23];-0.5663476888468018;0.24130351560435612;0.0141067786307026;297.319119595452;576.7471323953099;1.016159339923807;0.001317002487771787
