parameters;mean;std;mcse;ess_bulk;ess_tail;rhat;ess_per_sec
σ_aw;0.05334454388797599;0.01872906844298759;0.0008307805562032845;428.0402920394794;687.3176743619441;0.9999438097939422;0.0016608519313273946
a_ws[1];1.1157159033559072;0.5433394356621217;0.017339162954674726;995.3768487526925;748.9781643413677;1.0020402195554137;0.0038621914628004417
a_ws[2];0.2790585529367611;0.4540553704058578;0.017680689687912948;672.604024499075;536.2100952963798;1.0010437103098324;0.0026097909796885055
a_ws[3];-1.0742961702881793;0.5301599148541085;0.019143488625704395;770.248169688213;732.3137378641395;1.0047416158976836;0.0029886629460342223
a_ws[4];-0.7031781106510911;0.47226459271999993;0.019071111869833623;620.1828623951044;823.734195612879;1.0024862900050513;0.002406390061732922
a_ws[5];1.7556503228117062;0.5912209080321483;0.025770891578552065;519.0959786450727;682.7028720135092;1.002628540646967;0.0020141598225931383
a_ws[6];-0.2660448026715985;0.4501965076293192;0.01645066182605676;732.2176925985076;703.0648505784646;1.000060326507227;0.002841099755142105
a_ws[7];-0.781148899591586;0.5487996522677421;0.02271202324870645;612.5448025139403;493.36933431540723;1.0063597014303016;0.002376753397285325
a_ws[8];0.1824562455398688;0.38868237645473835;0.01661642968013816;548.8685295859755;595.4032607631882;1.003515873101335;0.0021296811874047038
a_ws[9];0.3213351119568349;0.4615813067453237;0.016938655225362656;735.9578177789455;720.5956580083014;1.0028896529653024;0.0028556119266475934
a_ws[10];-0.2903770034540089;0.6069014698723797;0.018505091181729313;1094.5060977202556;876.4646937511656;1.006591465650573;0.004246825824706788
a_ws[11];-0.48473021377579006;0.6464285590924157;0.021275522173047616;940.9036398702924;638.716395169217;1.0042184037494848;0.0036508283368039056
σ_bw;0.018574135633105365;0.011762392537044052;0.0006501512912607637;251.80454185178834;236.5177699940149;1.007121813428164;0.0009770343293125773
b_ws[1];-0.7408330758199838;0.8368740176969005;0.03455495378698156;597.657614454406;615.8064101203789;1.0032782941983902;0.0023189891739153643
b_ws[2];-0.9419339677809414;0.8098262529321618;0.0390009985614183;429.5471148933998;505.9519919837164;1.0095534560315358;0.00166669859972204
b_ws[3];0.11104732424121727;0.8828566874090158;0.03537172144582163;617.1811527530643;759.959410040783;1.004368607717787;0.002394743038429316
b_ws[4];0.16352494267997245;0.80815582331084;0.034105815431201614;576.5029403765936;646.3345279516169;1.0023528455513044;0.002236906290709837
b_ws[5];0.16551912964766657;0.6462666122985892;0.02301958109430107;787.6920723426074;622.6945522170641;1.0032232877848193;0.0030563475541242613
b_ws[6];0.10565895783403823;0.8417315315438662;0.03086312122084401;736.3830917065418;793.5795090361123;1.0007415485175226;0.002857262044725558
b_ws[7];0.4911899925260024;0.8939085561390644;0.04183992459921327;458.13339069207524;637.8212030554097;1.000595761294533;0.0017776170628963166
b_ws[8];0.6647807235631868;0.6690411173316416;0.026476332587009377;667.969490467914;527.3734848626959;1.0016756492379586;0.0025918083856673185
b_ws[9];0.24960049911425644;0.8417200364834786;0.03265686939591462;666.7014074114985;712.2068705116187;1.0059300375785505;0.0025868880586969382
b_ws[10];0.27503083427089503;0.9160616241795819;0.039936861806422544;525.3618306299456;540.5972086600142;1.0027793240108678;0.002038472142166848
b_ws[11];-0.283846339965911;0.9166966108059723;0.04093810657287311;499.8504700002502;616.5286787282295;1.0014960878415256;0.0019394847492493809
σ_ap;0.21864123050670412;0.03658400236630628;0.0016607780963110333;460.14705167849564;675.8919981180958;1.0051057490641084;0.0017854303290783388
a_ps[1];0.2527107834994249;0.22491322242825076;0.008924173115976625;638.0399775479757;789.6133755384107;0.9992877261792025;0.002475677987989282
a_ps[2];-0.7692189112977066;0.28626981987090677;0.012057826219015537;567.0337666990239;694.2691033054457;1.0003397091019635;0.0022001646668885553
a_ps[3];-1.922465888041184;0.38747900344816305;0.01789300582538298;472.11835588786954;705.9126485513856;1.0036438469360862;0.0018318805443651104
a_ps[4];0.45490870015561413;0.2384855080535019;0.00919503911278442;674.2075402363026;792.5267239291823;0.9974900749641369;0.0026160128290298353
a_ps[5];-0.5029134520457894;0.2438030576504454;0.010217658674078138;568.0072494645909;768.1131030901723;1.0035336621967166;0.0022039419064647696
a_ps[6];-0.35860400400163467;0.23814132715633685;0.009504633249852948;625.0157866439118;626.6990373338655;1.0012977029013874;0.0024251424355675112
a_ps[7];0.5458321207546856;0.23076231188311835;0.008920006169361285;664.5758611952768;793.0943536947578;0.9978234113927741;0.002578640663290499
a_ps[8];0.4590425142680242;0.23434749317801779;0.008994946684893746;680.8336923800763;851.8068386014216;0.9994911429855026;0.0026417231600195184
a_ps[9];-0.1686333112280697;0.27451116940560955;0.01018432391440334;721.7505234743913;851.043137653876;1.0030177980637622;0.002800485779358452
a_ps[10];1.392564358356804;0.3057135298706355;0.012737108557984624;574.5688343036129;697.8263493174737;0.9990648098716494;0.00222940170792536
a_ps[11];2.278343895036303;0.42696252055640677;0.017963903504667218;566.0100073141242;655.9255249453473;1.0044557383085297;0.002196192347498893
a_ps[12];0.8564932025603806;0.2597064606288603;0.00966742445409589;721.9269957442028;695.2394542197432;0.9983846769240121;0.0028011705146873287
a_ps[13];-0.37102929349779296;0.25456789142656344;0.009957529713634174;658.0643216156578;650.7395245851808;1.0007412381056344;0.0025533750439367783
a_ps[14];-0.2915716460760673;0.25265182121841484;0.010068693696895776;629.1895850671985;789.7634551354104;0.9974864411802127;0.0024413373155851323
a_ps[15];-1.052471166693028;0.2993153036679113;0.012129484968146642;610.5211725381071;769.4156235136979;1.0012677223667819;0.0023689014501295075
a_ps[16];1.032197921709747;0.27404048134863257;0.010971292397454478;623.6216639400596;715.3644554525988;1.00025036305184;0.002419733058393769
a_ps[17];0.5977242726624996;0.24102360490152036;0.009527205870830766;637.5924608598547;675.9075967394793;0.9978510975632572;0.002473941565111366
a_ps[18];0.08989809191556418;0.2292596160875851;0.008913675178150404;657.3623043616318;715.8406530993448;0.9994844348399832;0.0025506511258060363
a_ps[19];1.0939587990637996;0.31004106318358954;0.013085934215681227;571.8418351427057;628.670398016592;1.0012695903835709;0.0022188205969707326
a_ps[20];-0.4232841006033446;0.24470968762878667;0.009926989176279894;602.9128838049144;793.663180138752;1.0005711150570742;0.0023393803016030176
a_ps[21];-0.928950916210756;0.27470053891717505;0.012422419696045293;489.524453468372;691.9783038822061;1.0036198926667923;0.0018994184638579422
a_ps[22];-0.9095426742401574;0.28499452096084643;0.012143186929724941;550.3415809563214;790.0994409374836;1.0021429661046788;0.002135396818056497
a_ps[23];-1.1812448055793563;0.2963324138447872;0.013474532021748163;485.06838072009015;759.9587067206477;1.0012347132952908;0.0018821283227946877
σ_bp;0.03726362105674924;0.008439408646653879;0.00041586902898726357;401.6577814937404;643.0993312568304;1.0017680235375488;0.0015584843635818924
b_ps[1];0.13739311976552115;0.5215359973141777;0.011709950100893925;2015.3001699392141;706.7655350738246;1.0050333419970154;0.007819626426988925
b_ps[2];1.1081782251306584;0.6061388646622403;0.01660782512438456;1329.9973872449928;711.9376535180619;1.0015344353505935;0.00516056261605975
b_ps[3];-0.9576882813384161;0.5416467807114269;0.014905690806539666;1345.0578034696193;715.8106595554889;1.0003041895921219;0.005218998987210899
b_ps[4];0.2979413381645439;0.5159330334671194;0.012712261159633158;1574.104962303325;903.9889832518883;1.0108796287172759;0.006107731714453609
b_ps[5];-0.6149107846526594;0.5070400504398072;0.014056183096469218;1303.2576678131772;758.8876892027122;1.004382416878729;0.005056809031438358
b_ps[6];1.6576421416325189;0.560204841020229;0.01751958367450359;1053.1340562202397;620.1169032005588;1.0104638354784847;0.004086296929866391
b_ps[7];-0.39899178262243573;0.42961274480449246;0.01204391532538933;1287.9065227441943;634.3483758328946;1.0062431861557253;0.0049972445946082945
b_ps[8];0.6734629618372457;0.5164578725128764;0.015874821261471658;1110.2470873110556;757.6242674937414;1.0040198501288;0.004307902908918462
b_ps[9];0.8268278376339632;0.6860209076600432;0.021888166399800738;992.1380125839434;649.8012568991549;1.0023766623474477;0.003849624357772806
b_ps[10];-1.0678789696856612;0.4916105542521091;0.014203388353550509;1233.445653248844;777.9406965881931;1.004070428200674;0.004785929347036276
b_ps[11];-1.1011505053929855;0.6106656341211343;0.016381101707265932;1400.0797886186335;746.2519548866377;1.010725839622709;0.0054324914364025255
b_ps[12];-1.1527236567571866;0.5753126549784827;0.015237552634737667;1434.6958642746051;667.5575025888085;1.0001502657441492;0.005566806306234669
b_ps[13];-0.66887944231383;0.6327063206163633;0.016836124900890738;1404.0198976953227;847.8872052962739;1.0009652040117327;0.005447779571401406
b_ps[14];0.8425115911334461;0.6586141401803862;0.018203318492505626;1317.5278535634857;729.1465396805335;1.003445909608065;0.005112179205706004
b_ps[15];0.7617993440214136;0.5919022813425412;0.015071788696009305;1518.0298999870993;752.9745875985076;1.0015254525165633;0.005890153189068859
b_ps[16];0.5051067396681693;0.5290452569919801;0.012158989860297977;1857.948366080451;550.3559154802236;1.0027206203245256;0.007209080989568814
b_ps[17];0.5250374561548684;0.48863041243425476;0.013546514525210477;1311.6344070714879;894.2229874386524;0.9998416260801194;0.005089311867816452
b_ps[18];-0.9471962896958868;0.501224172662243;0.015901898889381313;1010.7638080540291;763.3493027945397;1.0006663882074691;0.003921894863503953
b_ps[19];0.31201025311295233;0.6712147351952492;0.021936821764183483;937.2022071058733;680.9276219938375;1.001823293718612;0.003636466296898333
b_ps[20];-1.031553280226233;0.5858270814347464;0.015236769013882212;1499.9419036007357;719.0030763167284;1.0035737931867477;0.005819969413637354
b_ps[21];0.13905832588342953;0.5780987635578632;0.012729088354089407;2006.1189873858893;570.7179427337918;1.008213531391166;0.0077840022461369215
b_ps[22];0.002371883286222599;0.583822228251717;0.015765726974681916;1362.4126036128216;730.3733870878084;1.002199975894797;0.005286337865983975
b_ps[23];-0.11798804919183113;0.4583487578117552;0.012861533998793778;1257.5180290554492;843.8019643438457;1.0006040756757733;0.0048793332919302105
a_e;-0.010583892474200789;0.05001632359788486;0.002134925741092951;547.8760418929357;562.7350733298143;0.9983506361909646;0.002125830206241342
b_e;0.02775523714307781;0.013387387543151184;0.0005958674674111636;510.27858811368907;689.6001585043173;1.007572310976983;0.001979947202039264
γ;-0.09159212454654914;0.05365872997539696;0.0023374212785879844;529.8909804011574;656.1343154789515;1.0020304682038197;0.0020560458315710558
σ_γp;0.2602653970726276;0.04145844681628159;0.0018491657331700913;510.9810576772681;628.1646663242137;1.0042340405126424;0.0019826728751898216
z_γp[1];-0.6014383557096364;0.2370088849812009;0.010479829626044698;506.25062127919085;738.9176462521376;1.0054200956933592;0.0019643181675282275
z_γp[2];0.8361445625875249;0.24782351005772543;0.010116874530315881;603.5599200199431;803.8032193336022;0.9985279828811577;0.0023418908861609546
z_γp[3];-0.7183819568185851;0.24339427566731908;0.010566715592012131;531.6248054170004;665.7915988262729;1.0019281338535977;0.0020627732978393035
z_γp[4];-0.7208132966620491;0.24748102761694413;0.010794237817379792;525.0601749882607;604.4301350726734;1.0030727293566297;0.0020373016790950164
z_γp[5];-0.6829103911238161;0.2442081510851562;0.011245903351880956;477.6162324572777;630.5983033329916;1.0047741254222209;0.001853213019574381
z_γp[6];-0.39370063316157033;0.22293331577534803;0.009734523482696036;524.9171635846708;654.8946172100826;1.0030361174435412;0.002036746776273316
z_γp[7];-1.5773769752750502;0.3248773169475518;0.015085227912863418;466.304331919628;607.2121803052073;1.0075499565510122;0.0018093213761839358
z_γp[8];-0.3289737294158063;0.2194457873808818;0.009537438345653406;529.8995038728107;680.9137524586822;1.0023042276727079;0.002056078903748185
z_γp[9];2.070832060412852;0.37542715696428;0.01531039302902514;595.2918011875691;783.5906261728184;1.0007066114263405;0.0023098095111442167
z_γp[10];-0.9392283461209537;0.2665893031346016;0.011411011078929398;542.0733774659836;602.9238621822993;1.0029530252950223;0.002103315114555863
z_γp[11];1.1345456710601145;0.2721432498872147;0.010759200463996905;638.3721229015779;882.1210587383044;0.9994644849939679;0.002476966755103665
z_γp[12];-0.23493156689908584;0.21567263421305277;0.009223910490859114;544.6690839398632;697.4701948719915;1.002366495744396;0.0021133867928311975
z_γp[13];1.099855850219353;0.26887306655993937;0.010733840236653037;627.876940545881;820.0218755978876;1.0006272023203595;0.002436244084342837
z_γp[14];1.1064629245100268;0.27040832223742484;0.0109884725145657;608.3752578306224;838.0001097778462;1.0004166073539886;0.0023605750223313015
z_γp[15];0.4715626909537979;0.22406170467644326;0.009127969433798122;607.9281966187677;788.6694194597768;1.0017734949187354;0.002358840366760461
z_γp[16];-0.5736568480814977;0.23926126663166813;0.010523676190778925;516.7202676559465;625.0740282182819;1.0042720511053411;0.0020049417553738916
z_γp[17];-0.7878290970294214;0.24719950970814314;0.010751997684258807;529.4511539741525;540.0771525307744;1.0035430078287575;0.0020543392479051596
z_γp[18];-0.6463251083682078;0.24035899776565878;0.01091379200007386;484.0214028550219;607.1284248603903;1.004313897471674;0.0018780659126861195
z_γp[19];1.898723871936174;0.35366058644120374;0.014317580631104746;612.3524183549257;786.9597733782429;1.0009077353861706;0.0023760069217595428
z_γp[20];0.25620236848711725;0.2172687100215309;0.009033708421509957;579.841780730803;782.8723898024192;1.0024755080895915;0.0022498614249666163
z_γp[21];-0.021297583784255468;0.21520162269905888;0.008935748832502699;583.0004385136435;757.4940837455729;1.0010431652241338;0.002262117427442545
z_γp[22];0.527599480353849;0.23214562072753844;0.009749062468781813;569.5811427254339;843.5577914862483;1.0005046715732884;0.002210048816750059
z_γp[23];-0.8655218387495067;0.2603086684737671;0.01159774419647326;503.629437186314;649.9676850983024;1.0035850098185155;0.001954147632781892
