parameters,mean,std,mcse,ess_bulk,ess_tail,rhat,ess_per_sec
σ_aw,0.05997027348272226,0.017789596310592494,0.0008546478104298352,430.93002369191373,828.8645614939933,1.0019049427808657,0.0038594917217423656
a_ws[1],-0.30881712480091217,0.5036233360588278,0.020544469194006564,597.7142127768094,736.2675473384011,1.0056822982538225,0.005353242822155068
a_ws[2],-0.5057357453722453,0.43648485596429454,0.014701295737919642,879.3415858462836,749.2475012871893,0.9998989656527775,0.007875551445874387
a_ws[3],-0.14696558037433283,0.5546059717779545,0.019749869085181962,785.7594520547646,706.9179451807163,0.9998220608363209,0.00703741195497279
a_ws[4],1.0955452009383841,0.5322969727053194,0.020097779409885667,736.923920648728,570.7441366210611,1.0045281376751078,0.006600031594296787
a_ws[5],-1.9653355525739,0.5764541144914718,0.02642807157827261,494.68836527153917,469.6458658825479,1.002386175904035,0.004430523624811885
a_ws[6],0.35561603934929836,0.4473746188966708,0.018293325863008716,596.8715671003691,656.646848768641,1.0083680037461271,0.005345695926293135
a_ws[7],-0.44223142606946325,0.5742247004980396,0.017769889572899256,1049.0415757465307,711.528471227813,0.999683301277405,0.009395417016132302
a_ws[8],0.8499129542364986,0.4308040556129011,0.018386252979599473,552.230033513003,761.0097545887576,1.007327824750751,0.004945877812321337
a_ws[9],0.4634279381533453,0.4541803276144459,0.016133432415573797,797.2261289471719,739.15898851371,1.0021652987692682,0.007140109706600744
a_ws[10],0.3278948345529234,0.6120035461010085,0.02191278379732829,779.2085191689829,694.55889292035,1.003383671068065,0.006978740546966092
a_ws[11],0.22766339098693444,0.6590729746006765,0.02434040119014291,749.4695032725033,538.8886399560344,1.0013179563359,0.006712392232031123
σ_bw,0.044877067824577184,0.014353242504418625,0.0006291129390540886,495.33286438743784,731.441813985676,1.0080604259661896,0.004436295882175553
b_ws[1],-0.23921821259158438,0.5417730195579177,0.019047357132140876,804.100679777462,567.9599948063807,1.0084908534666461,0.007201679498821048
b_ws[2],-0.8968401838915361,0.6005127154228225,0.018515056822102152,1053.843545768677,683.9073559263081,1.001199472803147,0.00943842437818554
b_ws[3],0.15098872512481032,0.7425266769172415,0.026471636714013362,790.1815284801854,713.6029845774766,1.0040050818113888,0.007077016917306595
b_ws[4],-0.434335894979099,0.6014091866047819,0.02131890982406937,822.4751584471859,551.8423821095467,1.0039631455465867,0.007366244844511213
b_ws[5],2.0727813585035753,0.6343235428011246,0.028093461120803357,511.7650152172326,666.9502700683539,1.0049850572717771,0.0045834653681971526
b_ws[6],-0.17194107752197402,0.6141590148214235,0.01970329888144105,942.1264782976045,637.0110054767894,1.0031022736848512,0.00843786495234661
b_ws[7],-0.4470370461756916,0.6266495887582781,0.022212639779212427,802.2170009510527,654.8370703726016,1.0027725575837467,0.007184808910936121
b_ws[8],0.20854293529806212,0.40401592654158136,0.015090409690165748,660.2819834965592,769.3456166277447,1.003985230715524,0.005913611744867659
b_ws[9],0.1410749275559492,0.586852428422351,0.018403873133112612,1007.4638622344678,744.0284136728216,0.999747712357648,0.0090230390608114
b_ws[10],-0.1895897658581938,0.7755130226442221,0.028332749764323123,753.3496070820066,716.8885953158592,0.9983192311361299,0.00674714318394666
b_ws[11],-0.35989508420091065,0.7371870936161826,0.029079327732753405,660.9428713555387,483.16679265370624,0.9997756844754121,0.0059195307829492455
σ_ap,0.16328804832027577,0.02763452766068623,0.0013439058454434705,417.7933825482757,573.5499295992917,1.0143122665403015,0.0037418374508447344
a_ps[1],0.1357597358704622,0.23298273583778537,0.009142752988914867,651.7811588948757,604.13502799167,1.0032749872132496,0.005837476733672344
a_ps[2],-0.2553319329555194,0.23155331347941982,0.009043827297625172,646.8808921215813,820.0510033662108,1.0042513780688638,0.0057935890071133325
a_ps[3],-1.4952901447636011,0.33290226821553126,0.014688693618011193,515.3237477999372,651.2985989351988,1.0129683359029698,0.004615338057932651
a_ps[4],0.3095743731464439,0.23562889690394234,0.009430622136447032,626.4113326747117,822.047023986407,1.0003842941432517,0.00561025971722986
a_ps[5],0.4542803108554672,0.25116010272349204,0.010590181391165765,569.3362758263472,653.3955644847475,1.0009501403443912,0.0050990845906118
a_ps[6],-2.021161503331517,0.3907914966108322,0.017228887660387493,514.2376366393245,686.2984936089484,1.0109889295825727,0.004605610638623678
a_ps[7],0.26097827472677687,0.24034110607523979,0.009570938260251257,628.493513253726,663.3515758119916,1.0032403272430286,0.005628908124781114
a_ps[8],-0.02505681435501517,0.24173191808287603,0.00930531443410358,685.2206945308423,570.8783461436635,1.0021177172023938,0.006136967611240417
a_ps[9],0.5406236156132447,0.24444355414702099,0.009056299965561143,737.1473522524257,715.4514823824586,1.0007881029306431,0.006602032690478155
a_ps[10],1.228497187710494,0.28898897788364125,0.01220518387174752,562.651566501647,792.1220046666277,1.0028466209060334,0.005039215055228999
a_ps[11],2.1606710203079844,0.3886196759707236,0.017614126961781478,487.9030547781618,726.9849600611334,1.0065538671274066,0.0043697530861191245
a_ps[12],1.0534854011154673,0.2792034742129327,0.011056017762260199,640.9634587576367,726.7866228378953,1.0026148830864168,0.005740591342001852
a_ps[13],-0.7021311650635276,0.2589441064069733,0.010308140969270727,623.8663133599034,713.0505707388922,1.0068621017154873,0.005587466037427685
a_ps[14],-0.5800652581272926,0.24933371777211097,0.009148719624429936,745.2972073456783,777.6955691437312,1.0057602091068247,0.006675024351621488
a_ps[15],-1.691457912030577,0.3531198247462561,0.015052880856502382,543.8008411421293,752.9711688588061,1.0114118254604256,0.004870384353087178
a_ps[16],0.28023781036346185,0.23243259571508432,0.008637071394530958,719.1627971490524,764.2718281837407,1.0020785315547804,0.006440959574833948
a_ps[17],0.06846549092608967,0.23349164095785402,0.008933344528611095,684.7268403750776,622.213499263208,1.0001624127979039,0.006132544558955518
a_ps[18],0.5463463178801036,0.24798599927309584,0.009477857199058774,677.6950261642384,745.2152846492354,0.9985822404127755,0.0060695662858172164
a_ps[19],0.8259315266836029,0.26501655241088823,0.011140541729448228,571.6183261436372,750.3695042331606,1.0000432880638632,0.00511952306977072
a_ps[20],0.5667310245896826,0.24770145192544832,0.01005379107249288,607.9621810961723,698.13107889779,1.0009364791642652,0.0054450255866846905
a_ps[21],-0.401170849303531,0.2443899244216456,0.009641108604479566,638.2196513822646,666.928345050203,1.0007254596363933,0.005716017278304506
a_ps[22],-0.5286029416624468,0.23814952206005277,0.009497212115655925,632.2790844545439,687.274725707478,1.007221235584241,0.0056628124245707906
a_ps[23],-0.8542549686089106,0.2660726551805677,0.010976889512685231,586.4691959938139,655.0626946846783,1.0069989950382812,0.005252530300866801
σ_bp,0.055284774205363006,0.010600128012154297,0.0005087150438965688,408.874615744516,692.3669363772747,1.001915868910844,0.0036619592693424158
b_ps[1],-0.38174431729476777,0.48659871690959944,0.01438958111731696,1148.9796821115403,602.5146920619868,1.0015155252237768,0.010290481813191138
b_ps[2],-0.6343849633519335,0.44665025232195027,0.013179623440359929,1152.1884855449064,777.8741993653623,1.0065708154191964,0.010319220470529687
b_ps[3],-1.0028424985970363,0.4419058138527053,0.013456706850612923,1103.0520613609506,806.4351209489172,1.0087143792711672,0.009879145256578988
b_ps[4],0.7489637831994219,0.454401606565735,0.016366618582079447,796.9586087898424,572.1045830431868,1.0016545561869616,0.0071377137448996614
b_ps[5],0.22499302488356368,0.4144614307987375,0.012535223312004169,1102.7314169475146,870.6856290902051,1.0079899477031427,0.009876273503878453
b_ps[6],-1.5310200915826024,0.5002401549847814,0.018686412492890388,731.5060643447529,610.9104603977227,1.0017999196514897,0.006551508236894958
b_ps[7],-0.17738719357986368,0.43865118896127986,0.014323954650707252,920.9471317584391,842.9380591182429,1.0026083268482415,0.008248178673494382
b_ps[8],-0.19053531352308067,0.47116701359609564,0.014563919315763304,1029.8916808300721,647.2398336864583,1.0034773830957586,0.009223906894212488
b_ps[9],0.5358184619723128,0.448181332127035,0.01528788794214244,861.7560810248838,585.3688019712264,1.0057040363714442,0.007718052300887041
b_ps[10],0.8742683941803621,0.4557115119784246,0.013696737774969672,1115.668987296559,639.8452928223946,1.0010667492096392,0.009992144858660859
b_ps[11],2.0931862844015834,0.51165399310406,0.018910820068804624,727.8294465130235,540.0255973208565,1.0022483820449832,0.006518579744319758
b_ps[12],0.7811062488141219,0.46645169511007983,0.01516075505498437,965.0954002574284,856.0210782950377,1.0002559986790132,0.008643579010981485
b_ps[13],-0.37685893998964737,0.45368267009291824,0.012072555244506561,1420.3484919763928,646.9096007369126,1.015197793715321,0.012720912782561837
b_ps[14],0.2319462944955507,0.4472571778797164,0.013597768289884142,1076.6353149283009,749.9177658328374,0.9992853396831878,0.009642551822455518
b_ps[15],-1.2169568601113325,0.44967492667316633,0.015287917657285382,859.5353112775077,752.2993429219821,1.000529882010781,0.007698162662234198
b_ps[16],-0.8605301076428704,0.47994392506583755,0.013592896786795825,1260.0641736785683,737.8684076230181,1.0071205724090397,0.011285375768232473
b_ps[17],-0.021029250762355012,0.4381861085907306,0.01254582280672219,1190.514092784947,801.995270296104,0.9990925392548348,0.010662471940005941
b_ps[18],0.5876945970960171,0.468506451389231,0.012781875628619576,1337.8437141629258,786.846850326789,1.001687448080472,0.011981984210708783
b_ps[19],0.5982372921991724,0.4653668758085378,0.012733311946378556,1345.4784742220752,694.7186896183158,0.9992689270731867,0.012050362582197799
b_ps[20],0.8337647613096707,0.4592168130661507,0.017373310446021636,705.637000253434,477.47125161660574,1.0018258734602978,0.006319819950582729
b_ps[21],0.8305891098467213,0.48310323775882236,0.016050977481703973,904.7314058050935,671.1555062227225,1.0080141796170656,0.008102947530064644
b_ps[22],-0.896978846302257,0.469332156135297,0.01615939579282572,818.4495657632856,635.228670834027,1.0026201406682165,0.0073301908664070384
b_ps[23],-1.1854145547123993,0.46530450336364065,0.01614759566220272,831.1220748320383,686.7300785558615,1.0056170158640658,0.007443688281661453
ε_ae,-0.08490011641328567,0.5506528642203693,0.02379539925782468,570.5136720220002,497.9485547689841,1.0040344231685805,0.005109629576155862
ε_be,-0.03824432254565436,0.49477476115826335,0.02090122896533792,579.6457939051797,532.5093752784663,1.0124435506118776,0.0051914186065606495
σae,0.2326849820480055,0.3424405259469289,0.025834238867784638,102.43410528279651,104.83054167093424,1.0232842517700742,0.000917419440808523
σbe,0.22353641295560858,0.3541373362802961,0.027950963325609823,127.83633303494355,356.0913599759768,1.0222998167723485,0.0011449266515693066
σ,0.9872419869620632,0.0033297170266761928,0.00011746265263204779,804.670869873662,691.0083485092892,1.001455846739235,0.007206786230390247
