parameters,mean,std,mcse,ess_bulk,ess_tail,rhat,ess_per_sec
σ_aw,0.03019291508563947,0.010780287958714007,0.0004934156421363245,443.96388943057434,621.714937815284,1.0014966917696209,0.0025406502448257215
a_ws[1],0.20043223456991693,0.6854432013601708,0.02046313604927856,1131.3047512058097,643.8483585597908,1.0028262650255952,0.006474061881046315
a_ws[2],-0.9065019957657343,0.631537294487032,0.019052453809650646,1106.1365041694735,671.4460714793161,1.003848510325045,0.006330032795535068
a_ws[3],0.10712256661895286,0.6764789886287926,0.0232898968039122,851.4664357447227,779.4784532541721,1.00899412906483,0.004872644960405053
a_ws[4],0.7227258737174029,0.6169763447423724,0.021060602912902137,884.179585310989,767.6432685275422,0.9995403195669119,0.005059850887358154
a_ws[5],1.5143893993623843,0.5983292053356978,0.02209582354326258,749.3106733026028,448.5163814446074,1.0036778425453148,0.00428804321905213
a_ws[6],-1.0903148998767416,0.6358552449692811,0.02059164615647438,958.0120390352168,710.4791726371968,1.000228123181032,0.005482368227385821
a_ws[7],-0.014722940341613058,0.714706540267269,0.024295711594560294,841.4242376340964,591.0070916962669,1.0034063250582366,0.0048151769687603384
a_ws[8],-0.02634558731512578,0.5150627054313204,0.015883260813240246,1058.8722731483424,758.5810420246775,1.0011006630160908,0.006059556112691893
a_ws[9],-0.3252147963426568,0.6431293404388593,0.021034809956603354,937.5722644433326,539.468081405924,1.0056148803437372,0.005365398537829179
a_ws[10],-0.06598576637291437,0.7878924396315146,0.03271841801250949,601.4396720358433,553.3262119111672,1.01224561346134,0.003441829136071478
a_ws[11],-0.1861481676406533,0.7745640246964444,0.026998692679040454,825.5716088750432,849.2337525828912,0.9991867184129325,0.004724457912331048
σ_bw,0.013308254920504525,0.009358339147037457,0.0005856882592548798,211.02267689149966,251.16583307783142,1.0101939564751232,0.0012076090611689416
b_ws[1],-0.07638597127657294,0.8267035851211358,0.03167179786596471,685.4104629345862,717.5264232537322,1.0011868890187121,0.0039223646380212645
b_ws[2],-0.12226309175804936,0.8234505684986694,0.029905967041867754,760.5633785663425,761.6770987163854,1.0054278760673243,0.0043524385202554335
b_ws[3],-0.2533760062286618,0.8790980345827528,0.03670264449491685,572.0692396125831,558.6798417472919,1.0019303320102457,0.0032737524115826902
b_ws[4],-0.13588664869645836,0.850664531696568,0.034535505010964286,611.320103268883,634.7072062217248,1.004131942174355,0.00349837139238742
b_ws[5],0.8077845268624096,0.7635336139897765,0.03686246429017976,438.68635344907494,549.2779952165536,1.0114678866289333,0.0025104487500584994
b_ws[6],-0.22450371246861173,0.9152599834011719,0.03740661526950406,594.484458620405,690.4343303921299,1.00531571939829,0.003402026879429811
b_ws[7],-0.3143235259836727,0.880182525248524,0.0339985917230407,674.7645589634534,442.64125035001337,1.0071987581710864,0.003861441848635532
b_ws[8],-0.1453198028049319,0.7844415659262409,0.02930423311410271,724.6934492398767,743.1346702935874,1.007171548208514,0.004147167445524439
b_ws[9],0.367666790577873,0.9163273347631598,0.04348759666334427,448.76824695096053,415.701584255836,1.009719672979911,0.002568143904560199
b_ws[10],0.424364059705526,0.9967059924217839,0.04926428771887493,413.2058554657417,514.3614434865369,1.0069841883415105,0.002364632761459363
b_ws[11],-0.23324472666037457,0.9570710872631016,0.04113913004248906,537.8480169143215,738.1818692612006,1.0015347862029047,0.0030779163089255848
σ_ap,0.24412514186601408,0.038167605576799046,0.0018050318521342782,442.06524054344254,699.18815019769,1.0059860913199417,0.002529784940518841
a_ps[1],0.5739295612080498,0.21017296942889446,0.008270511838354047,643.8775568407116,649.2265908193679,1.00504020084483,0.003684686325555207
a_ps[2],0.5407404469936538,0.21052851074333295,0.00839905038410176,624.877228209554,533.2888246520998,1.0029464537513824,0.003575954082375622
a_ps[3],1.0123707706541258,0.24802103640341414,0.01014532279210533,594.2849822730523,724.2862556319536,1.0066931686542682,0.0034008853459789965
a_ps[4],0.5181170559539867,0.20886619015023355,0.008492098999038428,610.9435553729675,680.5518424872841,1.0036455317691733,0.0034962165403223714
a_ps[5],0.5736037658767544,0.21056716329007308,0.008450894093846601,603.3445626557183,719.1278098041481,1.0052932865454938,0.00345273015963436
a_ps[6],0.31751784309293446,0.20470245966311132,0.00746274984039426,753.7593903032711,855.3654247965754,1.0006494177107312,0.004313501672331754
a_ps[7],0.8854251215533142,0.23354830809501453,0.009529993950098695,602.6113248437706,865.5940242594783,1.0060456027217561,0.0034485340957859474
a_ps[8],-1.8648156826238904,0.33233907837963567,0.01388561857905528,568.065125957389,688.3137209967863,1.002420243661412,0.003250838267931442
a_ps[9],0.025197410143890615,0.19646300823350019,0.007086117062681631,767.679076762751,870.5578982355623,1.0006926775938405,0.0043931591752348256
a_ps[10],0.13603767779694073,0.19211141358384554,0.007042624010202555,744.3551452304953,818.9371058111482,1.0035929610480054,0.004259684463060086
a_ps[11],-0.5021625055499479,0.20518951537369445,0.00767239197160869,708.5497557160443,740.2837187867888,1.0012316578981164,0.004054782727126907
a_ps[12],-1.884067691175736,0.3348296437261544,0.014031139824174388,569.143250544275,668.4582809430502,1.0026259258263674,0.0032570079983100498
a_ps[13],-0.6784713019509447,0.21491661139610477,0.008081754229488676,687.6734716494063,805.0943799327982,1.0002374346542082,0.00393531504633651
a_ps[14],-2.1529301893551076,0.371699283485764,0.015420197925541721,581.2136092620703,678.1602264025458,1.001162243299661,0.0033260824445917815
a_ps[15],0.34909125233712895,0.19675983160650284,0.007662692463644846,663.446936697977,715.5847120685103,1.0037709650951225,0.0037966750501094004
a_ps[16],0.7087778675817378,0.22273490293658327,0.008995649639808577,614.2262773281454,820.9201492997461,1.0016958135242815,0.003515002411285469
a_ps[17],0.5757590352332544,0.21364446566677261,0.008108403065924785,706.2928703017626,709.8083414255133,1.0081300878330575,0.004041867360321529
a_ps[18],0.12256424976218172,0.1917945740372018,0.007267587785301856,699.3736871254332,767.6392643569736,1.001285269399811,0.004002271292151475
a_ps[19],-1.5059009041788658,0.2898066990910356,0.011622502797270007,620.8112342875417,673.1464999086259,1.0013355601365812,0.003552685819574631
a_ps[20],0.20302147629884024,0.1948959172453592,0.007557470968261663,661.2987008772237,683.9142865653884,1.0006196849823377,0.0037843814469721263
a_ps[21],1.1311985174963175,0.2556952684345189,0.011254554160471152,518.256715845263,787.133426023217,1.007938362246142,0.0029658021369342574
a_ps[22],0.7111377486308774,0.21951639954315538,0.008627679413680976,646.9317935540826,760.0166457043832,1.0049732591034863,0.003702164655298498
a_ps[23],0.1399229707659732,0.19657998770717658,0.007170153539879682,751.2857254973521,849.033016073336,1.0009917367529826,0.004299345752797767
σ_bp,0.04798676879647956,0.009191719197042167,0.000496738343334348,331.61940697499347,600.0327024941867,1.0096828852844235,0.0018977420181641364
b_ps[1],0.9347706878274435,0.5130081399719522,0.014945864502079458,1205.9142532940573,757.9074317837959,1.0004729078580128,0.00690102599740712
b_ps[2],1.1557615416507776,0.4912526447813029,0.015563973304705986,1003.00206282708,601.8265529820557,1.0053610335192313,0.0057398304167276554
b_ps[3],-2.2097240792549226,0.5270862013279936,0.021322016366847465,608.5169206923791,446.4072854284988,1.0055809692852038,0.0034823297577661443
b_ps[4],0.8444798686299351,0.5021134409023499,0.015911068870644918,989.3418452396827,803.0974904727594,1.0012777771066772,0.005661657763536634
b_ps[5],0.3654771148768939,0.5184797204687767,0.012434360494884167,1653.3663303065457,619.6615343034629,1.0117083477342268,0.00946163792120037
b_ps[6],-1.6504071981891484,0.5275015410422522,0.02063285941352778,659.9263676365423,801.0484009771089,1.0010157396998687,0.003776528063246725
b_ps[7],0.24836440000990975,0.5017716342076978,0.015062858210727753,1120.5569222868521,717.3038541621584,1.0037344626124127,0.006412555810790651
b_ps[8],-0.21127932022900994,0.5035604869782405,0.017259879538744877,880.5121236174323,659.8770335403003,1.00533152642643,0.00503886328527733
b_ps[9],0.43682387054563776,0.4851028525167777,0.014438977161929762,1147.9514422058123,558.9129589132502,0.9996950808440553,0.006569325078282784
b_ps[10],0.08376942801473972,0.4912556850976438,0.014679191031243226,1121.9630793087829,650.1306884312633,1.0081017983743077,0.006420602756200139
b_ps[11],-0.32497183846286476,0.49978450366804184,0.014806512851812661,1147.0057680995028,616.3869441596063,0.9998209679473011,0.006563913315734252
b_ps[12],1.0127916537229664,0.5037875428171051,0.015008223596717527,1152.4028160367038,754.6327130352477,1.0035296366613777,0.006594798735673637
b_ps[13],-0.0009310667752071945,0.49442701761688385,0.01402647148326137,1226.1220881591653,696.5117017129835,1.003370346527312,0.007016668376933266
b_ps[14],-0.07800502405872946,0.5244867758901486,0.01493827182786332,1233.0724582420535,587.0091756375015,1.0010551155759537,0.007056442916874719
b_ps[15],-0.9060112698391323,0.5116437063272408,0.01438142764548192,1271.5035883941118,841.0340132796545,1.0093197761243742,0.007276370849200451
b_ps[16],0.39309873320024913,0.4923861336653525,0.013797639319128563,1302.4082393600447,635.179430922176,1.0007635869393319,0.00745322737044491
b_ps[17],-0.8593981816065838,0.4899485715068057,0.016149377478061968,952.9251402336386,699.7124049260872,1.0031099878768066,0.005453257682602077
b_ps[18],-0.154009222495113,0.5053872633281901,0.015631836139532777,1053.7091045844072,589.5726319540726,1.0041504178817855,0.006030009102702266
b_ps[19],0.04169940046691732,0.48796588967714355,0.01625436189175126,912.6783682819347,600.0365934394194,1.0019421142409852,0.005222939466533445
b_ps[20],-0.313330889227669,0.5203829531283919,0.018776816076507646,759.5909993150509,519.1366257745092,1.0050448460220702,0.004346873933491348
b_ps[21],0.8907264336519907,0.48189226102873783,0.013838921229342827,1263.266079635355,772.1740250621505,1.003748956138277,0.007229230464266144
b_ps[22],1.2961248420208087,0.5275265966053221,0.014913528771606163,1275.2399012514538,741.5357134639273,1.003504348201576,0.007297752462439146
b_ps[23],-0.5123260434343194,0.48791193602214417,0.015322653271350302,983.9755321387447,603.4077222411692,1.0074146486876976,0.005630948228328271
ε_ae,-0.06378321713719642,0.5177901051196869,0.020020752923336233,665.2532820905371,680.1646753015945,1.0240763280692406,0.0038070121337621587
ε_be,0.3742797197484105,0.45151126039778233,0.02712888734872847,259.86570772476654,582.433349210827,1.0010891969675373,0.0014871206637989006
σae,0.2720041385138715,0.33884996317425636,0.027819267945442754,62.57736339837755,67.21124405712492,1.0625964515591155,0.0003581083899471017
σbe,0.2867248856269358,0.3465412909107862,0.021080804912367093,160.57967222512954,150.2971840157783,1.0102956111629886,0.000918941367227137
σ,0.969559572906988,0.003580972312513341,0.00011697753547036313,929.4454944178078,710.7835146380178,1.007860404579354,0.0053188918719796795
