parameters,mean,std,mcse,ess_bulk,ess_tail,rhat,ess_per_sec
σ_aw,0.0563401535273976,0.017192326790953744,0.0007732754742478963,465.3929849772903,614.5919659866211,1.0117720726246677,0.0027309502433392582
a_ws[1],-1.1969272949271264,0.559163453496028,0.02436933932175265,548.0963544381069,585.9862054959153,1.005332890813564,0.00321625791716467
a_ws[2],-0.13973560827359002,0.45553707483245093,0.016315091457328755,780.2708131863984,716.6962276975612,1.0061096517791133,0.004578669717692233
a_ws[3],0.5410099688292501,0.5633761381012318,0.021006333710640104,716.4239507643794,622.8225361822358,0.9994792505555803,0.004204013007994794
a_ws[4],-0.968831794775872,0.5623211755012988,0.023240307725458258,585.1605568420078,589.796007203167,1.0086738011838492,0.0034337525847713338
a_ws[5],1.7713367054380889,0.5743097134788354,0.02618231117161739,481.37303991333624,793.619315184293,1.0073513558901366,0.0028247220369091567
a_ws[6],-0.43196349827553004,0.45679729489978926,0.01730345363754246,689.4074659023235,691.9696717118147,1.0091928925792426,0.004045478869557355
a_ws[7],0.6120049507282432,0.5727850770409874,0.019765114683197464,849.3463397795903,760.1073014335061,1.0001197457556856,0.004984008500715939
a_ws[8],-0.2172943904135679,0.37318555400373804,0.015455904213529404,575.1526028927024,623.3149678234079,1.0053344967067077,0.0033750253904314413
a_ws[9],0.062443071254033,0.46996668432832206,0.017218231703722834,748.4469890103085,637.6293615815669,0.9992698530730184,0.004391925862105499
a_ws[10],-0.2895236366541698,0.6383636877353696,0.027740774089995972,534.9301101597185,619.5456609656719,1.0079615237098274,0.0031389977108947295
a_ws[11],0.15725412776451062,0.6373977925850126,0.026812569581013912,561.7535643792629,617.6380765043715,1.00459927823675,0.0032963991354813906
σ_bw,0.038589475469455584,0.01510138112244694,0.0007683729487955782,339.4621292951566,393.6894710431565,1.0040325050859653,0.001991981431882365
b_ws[1],-0.34937551072111234,0.629306048040984,0.024282957911542107,667.707539044592,599.7479176388729,1.0047902634892332,0.003918142570030928
b_ws[2],-0.10646375606004337,0.6493429396538422,0.022568816835429314,817.405450315742,791.3689729568455,0.9992253341340797,0.004796577699931468
b_ws[3],-0.8085082070652221,0.7339848318736742,0.028502947715599646,664.6966290176513,630.1665011910019,1.0091985440011217,0.0039004743933798614
b_ws[4],0.9329666178696583,0.6663809130596311,0.028257705598358825,568.6799253143159,571.0072750136814,1.0022567790435053,0.003337043381724083
b_ws[5],-0.9619131309810428,0.5269759000454094,0.021545560699538016,590.1209009955251,627.284478639346,1.0031660277845167,0.0034628601422772884
b_ws[6],-0.9882609777490067,0.6673949861077514,0.02221899911533368,888.0012628452226,720.2233972307499,1.0034704345744674,0.005210837599907239
b_ws[7],0.2650136902485089,0.7128357501131654,0.030755727189857,543.0019827729669,647.1747699734867,1.0019156734354626,0.00318636387924905
b_ws[8],0.5495622939198598,0.5166094093283725,0.024164583867562567,454.4931523008302,729.9160873354367,1.0010593124942362,0.002666989458237204
b_ws[9],1.0774876875094477,0.6903401505168475,0.0256761784930956,721.5260707564399,600.6329556135765,1.004493116867972,0.004233952513495815
b_ws[10],-0.049576294503830345,0.8534846850582363,0.03675083293504836,548.6525135460682,418.5323564412615,1.0108729715897173,0.0032195214877388943
b_ws[11],-0.18940698943015397,0.7586381166931174,0.030432328942354852,628.5255340477206,586.219661976943,1.0048808678731431,0.003688220526650865
σ_ap,0.2106945598130777,0.03370733798706473,0.0016860701941907863,409.2938961182681,551.3927334847366,1.0129620734159743,0.0024017578719111986
a_ps[1],-0.28690971186433906,0.20654379526804698,0.009170991052835512,512.9078182300022,649.3457698358711,1.0055029520050673,0.003009769756358024
a_ps[2],-0.6310392954218308,0.23285268563655356,0.010980865679679158,455.4339985235775,710.6411224134464,1.003914536391646,0.0026725103928105557
a_ps[3],-0.44884760637975446,0.213234718080424,0.009044837349343629,552.8473962152639,518.1929472401947,1.0045026943243494,0.003244137277439245
a_ps[4],-0.17421974704728257,0.2047785409350007,0.00871299142201169,553.5146221504785,810.8842739006899,1.0047093975604195,0.0032480525939329514
a_ps[5],-0.360236401919832,0.20717734920829547,0.008513974488563964,592.2103329453913,707.8534330046368,1.0061784807848988,0.0034751210376412493
a_ps[6],1.0316397624072435,0.2508373423733453,0.010639312704744552,555.8744140999742,696.7479794947235,0.998935150782753,0.0032618999758375574
a_ps[7],-1.3222663035157658,0.28537223841617426,0.013094525278818374,475.8395980218483,742.8116491320901,1.0136090511613178,0.0027922515120670168
a_ps[8],0.49316727808426686,0.21163904097860248,0.008941907417284454,563.739863565575,629.3392419446459,1.002775931433314,0.003308054842424348
a_ps[9],0.9770748384976138,0.24095997850700634,0.010054249871084857,575.4318934292917,707.0763324304601,1.005459492269998,0.0033766642818274907
a_ps[10],0.30408131927422427,0.20261438109228944,0.008280904247530788,593.8565664261483,866.9638637960389,1.0033797674221738,0.0034847812213354363
a_ps[11],1.875224984055584,0.3330491138757791,0.014707267065796928,514.829041063545,472.7281013010682,1.0037257725578403,0.003021043591877974
a_ps[12],2.1297266005943087,0.3643994096127513,0.015762406374689716,541.0327673979069,531.3799007433146,1.0037463292639173,0.003174808420999137
a_ps[13],0.14255417779921029,0.20832232286650307,0.008474415772607402,602.1475075673532,716.7508046984168,1.001778933932164,0.003533432895206691
a_ps[14],1.3389447908369987,0.2842530770702159,0.012090741840577065,544.5234366427651,679.2535042791388,1.0043888570372963,0.0031952918496956986
a_ps[15],-0.554867578523143,0.21544419742483728,0.009232714916562523,543.1749182533993,732.0481518512112,1.016251018229113,0.0031873786736434945
a_ps[16],-0.3168935676022006,0.20083592608028608,0.008237230940019782,585.522113373412,787.1418136749005,1.0043925404553202,0.0034358742173040357
a_ps[17],-0.8933517852346957,0.24375911872303252,0.010902565248142846,497.4303761419605,617.5376834472796,1.0057269252732168,0.002918947321123704
a_ps[18],-0.011931101532527378,0.20191174185671226,0.008372222245644432,575.3022410507322,687.4672726324029,1.007590648786332,0.003375903474926214
a_ps[19],0.21843242008371905,0.20150155038592107,0.008296428470293408,578.6667918764073,610.7608315208796,1.0090932177330785,0.0033956468341789386
a_ps[20],-0.31869548233170286,0.20602769449139094,0.008620148758874195,572.6082129850031,661.3680626443477,1.0034408051478554,0.0033600947781062033
a_ps[21],-1.391377587397622,0.2847050837574895,0.014015596292191155,418.3045980722504,695.2826326224997,1.0115790401069633,0.0024546331396703086
a_ps[22],-1.2516802698812821,0.2784346519762675,0.013181281374992517,452.57804012833316,666.8131940422447,1.0094294541884954,0.0026557514803941173
a_ps[23],-0.7492748803778009,0.24041522930742407,0.010225415990492938,554.1328757896027,748.7197984341376,1.012485711928408,0.0032516805384458967
σ_bp,0.059253155265141876,0.01060544676290156,0.0005492371874431972,367.68211548580183,508.8647357824866,1.004632023147595,0.0021575777787162854
b_ps[1],-1.2500435501181277,0.4548574016812695,0.01617932103722749,789.7955917168266,680.431778661937,1.0003120771647942,0.004634561613541705
b_ps[2],-0.5893243004291828,0.41180347256021155,0.014511415044119068,802.5410829122327,708.1140269689904,1.0055699986906814,0.004709352818835165
b_ps[3],0.130921411293761,0.4016399986030699,0.012340302282169612,1057.0389656235154,868.2763604381964,1.000486919405412,0.006202759632334123
b_ps[4],0.05103944376698496,0.45480058185218025,0.018104272253201208,652.6254200102724,638.2587960255424,1.003195351999943,0.0038296399110386435
b_ps[5],-0.6120572546297797,0.45909574319385493,0.015917517589148274,829.5624296192683,692.983900930638,1.0017108000081048,0.004867915486831835
b_ps[6],-1.1902568579940447,0.46190370581618306,0.015615206011750572,881.5332543656717,644.5813397769624,1.005105638069212,0.005172882989714711
b_ps[7],-0.571110799794406,0.4352544757711564,0.015277268596249362,815.849615597167,718.0284912952447,1.0093724474888335,0.004787447980875872
b_ps[8],1.040805610918176,0.4303633666237052,0.01548284317096489,780.1559234553721,829.3826541115141,1.004302138719847,0.004577995538774563
b_ps[9],-0.2903346319124058,0.4304140123205135,0.015360119340061486,794.3918045557509,452.8811742504955,1.0034763551291386,0.004661532429553278
b_ps[10],0.7548562104148093,0.4446315516409243,0.01438330437996288,946.0999660248244,625.7898827559044,1.0043534641737901,0.0055517638121787265
b_ps[11],1.3691001365782074,0.47510580637236394,0.016061300884067344,878.5885993876549,579.9184053143294,1.0017281364566464,0.005155603601136997
b_ps[12],1.4505694367305741,0.45881712507294514,0.01680608736579272,751.5697006468271,754.6971744528396,1.0088454940444733,0.0044102500964169475
b_ps[13],0.7314903560419703,0.4096214659638791,0.014803717606644996,756.3721165988785,880.3785437007505,0.9983468566201814,0.00443843092302204
b_ps[14],1.4740401914896706,0.4478808518833639,0.01656452926788306,722.6207562943297,604.8462788590365,1.0049773371223643,0.0042403761851724
b_ps[15],0.296869017757966,0.4266324981832654,0.014436152845964598,873.5608837282944,610.8791991889003,1.004884919448346,0.0051261007041304135
b_ps[16],-1.1894262324945895,0.43962586445742385,0.01638678185194844,727.0210082273219,742.9418882270578,1.004669311655541,0.004266197092395025
b_ps[17],-0.9949514999713017,0.429093142726966,0.01456750167555251,870.1376461381174,705.7396245359816,1.008193294413259,0.00510601296789099
b_ps[18],-0.2936132701156154,0.41996142625518157,0.012638255493873983,1121.252078361599,668.721124441943,1.0030720399213484,0.0065795655179367975
b_ps[19],1.0744583368146368,0.4421137107652735,0.016002014122587054,762.1122387963306,752.3258381084686,0.9994368879378507,0.004472114258650088
b_ps[20],0.023540849748701003,0.4292286343671039,0.014528373777462003,863.5484511141677,606.5813546965027,1.0094250713473822,0.005067347228752392
b_ps[21],-0.9062344538719506,0.42810017455241833,0.01453053930905268,871.6454963242834,755.6674939054155,1.0045819904465938,0.0051148611112144865
b_ps[22],-0.8346806201743079,0.4297738353760232,0.0158561387354515,734.8455872381021,805.4053211811145,1.0048325742939141,0.004312112129027045
b_ps[23],-0.2095462126199048,0.4116293592464509,0.012912945946051012,1017.7001751253188,582.1371938249735,0.9994093317003421,0.005971917563477059
ε_ae,-0.021888124062009053,0.5189522947736286,0.02354023171589555,501.7544879663912,309.4208455272543,1.0236419261447578,0.0029443214342288497
ε_be,-0.36087413955175696,0.4940669240391477,0.02828935552444845,278.15995194496537,403.08857433281185,1.007429045095473,0.0016322570665486236
σae,0.24792226893641656,0.3220096437229907,0.025556384325813832,75.90814408714859,299.3435737626012,1.0482767901813688,0.00044543293787796464
σbe,0.2183597054774317,0.323296960603041,0.024499799917174783,154.6012192464277,233.71718563113285,1.015090326872862,0.0009072079961458382
σ,0.9730559615824126,0.0035352308084622345,0.0001096688007190351,1039.9578317109347,761.2138092072757,1.0128363611850344,0.006102526650057114
