parameters,mean,std,mcse,ess_bulk,ess_tail,rhat,ess_per_sec
σ_aw,0.043010895910898655,0.014711695309545816,0.000601563391520738,530.8961951673593,838.4642796982985,1.0075278517631545,0.0030885143261019637
a_ws[1],0.586080443058302,0.5811693336580422,0.01809205357288256,1028.4383889181304,804.8112487409247,1.0039771138109328,0.005982990133665508
a_ws[2],0.7174805365596763,0.5612192795968848,0.018425463631779725,937.2101695207947,679.1803393726165,1.0038978942520136,0.005452265549239691
a_ws[3],0.4206267694505218,0.6577900171784521,0.024497327186379356,736.9196315431838,539.6991041664239,1.0032001629762455,0.004287065644705597
a_ws[4],-0.09002474019400739,0.5358824467698156,0.017528444741119423,925.3912147192475,785.4071275821022,1.0059664540702684,0.005383508207302774
a_ws[5],-1.810666498395652,0.619240876196536,0.023544034524795695,692.5571113987701,765.1591468510063,1.001798664761897,0.00402898453533766
a_ws[6],-0.1423951436579608,0.5120526040793131,0.01795278716009636,812.1724864173196,761.0807693643769,1.0012316315294405,0.004724852772348455
a_ws[7],-0.45046139484598136,0.6306820889155497,0.019800501567901484,1010.832057379013,840.6818745130325,1.003326485590216,0.005880564447281519
a_ws[8],0.44159512427778663,0.43952248037504177,0.017202316989310972,651.8894768803749,790.3525266355165,1.0007964170599302,0.0037923986020383126
a_ws[9],1.1156174757792563,0.5713218811721031,0.020427893215998107,820.2053415238779,809.9030794758837,1.0027327624249482,0.004771584295953151
a_ws[10],-0.5510625843989403,0.6977079035920087,0.025852282717504647,734.8258552237187,579.6104055327422,1.0038347124337215,0.004274884999567836
a_ws[11],-0.19797168447126917,0.7228777930793417,0.028068444534129725,660.486846835357,549.7790572835805,1.0077531517470317,0.0038424142181125442
σ_bw,0.02420603689765885,0.011455988532923492,0.0006443331476174841,325.0687196076067,605.0960693622449,1.012086535282528,0.001891103019035994
b_ws[1],0.030723097320338986,0.7521371400972208,0.026823691591674883,785.7440770884677,761.2526995966302,1.0000140643610518,0.004571104221179211
b_ws[2],0.4968430282963373,0.7433641515790846,0.02689138777778029,753.1532676849641,667.7488699495268,1.0027894217669715,0.004381505609137457
b_ws[3],0.06738323698115352,0.9134951914465932,0.036670191104844346,614.8964148444812,504.03932414809094,1.0050493352039696,0.003577189672111401
b_ws[4],-0.14084231195935124,0.7308720714601634,0.02395643169738625,926.5175954896861,830.6418532317543,1.0053910385202924,0.005390060981984176
b_ws[5],-1.354949600825481,0.6258042874784425,0.02364518277680753,700.9290992772676,701.0289312979754,1.0022684313680645,0.004077688980266937
b_ws[6],0.24303365558774312,0.800313112646244,0.03322440740607149,588.7385029004284,610.1287922366173,1.0035554712361399,0.003425014752578115
b_ws[7],-0.4430145033093459,0.8212776508572619,0.03051416982180172,736.2050140165545,626.7385712269061,1.0072735929084828,0.004282908322636295
b_ws[8],-0.02436673023462797,0.6046807180573359,0.026704311570669603,511.3702129849846,757.3075155431394,1.004211385593182,0.002974920979134267
b_ws[9],0.909488549463171,0.7918655664542912,0.02977258935817491,713.8101129740855,652.5173244659517,1.003569392883467,0.00415262490126143
b_ws[10],0.3711770669567577,0.8602535391022318,0.035816595398043986,580.6639598544673,649.1828749543179,1.001210959272016,0.0033780407073670422
b_ws[11],0.1014250933537955,0.8673098872119371,0.03372420560849952,693.6697200275431,560.7454646354876,1.0097188641607706,0.004035457189917953
σ_ap,0.24370022519697218,0.04157066463979346,0.0019481295284728749,457.91407297539985,621.9320846754903,1.0090602060009723,0.00266393729580674
a_ps[1],-0.4493897390608014,0.22079677344358806,0.009291124809566164,566.0938825749295,742.9188494729734,1.0019455869846472,0.0032932785771805947
a_ps[2],-0.9435588400933098,0.26052804188356093,0.010501309564538217,622.6796682302153,584.9679701029254,0.9996896949519469,0.0036224691256172663
a_ps[3],-0.5903180699158851,0.22593865955784123,0.009423291781117216,573.2400432324074,756.0667653603402,1.002847623779251,0.0033348517128861336
a_ps[4],-0.5898399900447896,0.2318067349761049,0.009708750957575346,578.8485351649638,730.2593447291849,1.0032731483991486,0.0033674793863168444
a_ps[5],-0.5696731413675196,0.22661108114317335,0.009505035655527008,573.3538320737086,784.9332990095173,1.0004207960602527,0.0033355136849810714
a_ps[6],-0.6697413931759489,0.23293305822079952,0.00937113484914926,622.5059353323087,718.467997221009,1.000584692491639,0.0036214584260700023
a_ps[7],-0.32910986040668505,0.21322413854702926,0.008650597922152998,605.6750069905783,761.2724270739404,1.0055520771205402,0.003523543685338732
a_ps[8],1.284266415620514,0.29360022431531957,0.014181929455562162,425.8444141391235,376.65348850506746,1.0100945400372188,0.0024773705024285766
a_ps[9],0.13346933411565656,0.21276450513775994,0.008797534305588835,586.4708709746569,772.6690210669186,1.0083325494499404,0.0034118226940310315
a_ps[10],-0.14399821196402607,0.21257809057679516,0.008559666827196149,620.475892391117,817.0073828450489,1.0064739275133103,0.003609648552946884
a_ps[11],0.9337907332075982,0.26285719441660943,0.012390204595364876,444.4299834336946,422.5510015279456,1.0091556909933341,0.0025854929518783192
a_ps[12],1.655893665751633,0.33903828808127456,0.01628598143460076,429.76338023831715,407.72996335791817,1.0119806577140504,0.0025001692775018314
a_ps[13],-0.3725851764982718,0.211262126151817,0.008525181702162047,614.246627126635,760.118536929162,1.0025334234512329,0.0035734095005943295
a_ps[14],0.9646849311088944,0.26209133623077685,0.012143118193419225,473.6689164877579,495.8745627014327,1.0092213865821684,0.002755591860929538
a_ps[15],-0.4859626359152089,0.21484907759145355,0.008944440046213229,578.3335068121172,669.5846563995098,1.00019330679242,0.003364483183931906
a_ps[16],-0.0908890704301356,0.20790951182806297,0.008991723567041568,533.7167082127639,650.1098690547769,1.0012161275296667,0.003104922797337934
a_ps[17],-1.5046143428189493,0.3061823986810474,0.012445820328036854,608.7414955112158,781.7970797795808,0.9996052330781104,0.00354138313081419
a_ps[18],-0.29634904486818414,0.20843673127156323,0.008809057859459998,558.8031999376516,709.3060591454094,0.999842027621377,0.00325086467785853
a_ps[19],2.744360331573967,0.49088802862412784,0.02350046625096779,433.4984592940748,456.7494523604089,1.0109522818958887,0.0025218982807944513
a_ps[20],0.34628192786912665,0.22420941546869594,0.009229851960154854,589.7449156544103,573.6498346232597,1.0057920034536434,0.0034308696075138613
a_ps[21],-0.46591846145011656,0.21942286215523796,0.008913229808246097,605.5633119335316,755.1865362244396,1.002191794175236,0.003522893893935095
a_ps[22],-1.0729345501172751,0.26528885045864137,0.010902959958377966,590.1014721045317,599.5496056951953,1.001338241618646,0.0034329438919300775
a_ps[23],0.18727690903957545,0.21361715513047239,0.009215164404635564,539.3385526945427,626.501829484157,1.0033958402265626,0.0031376281498703956
σ_bp,0.04375864209761183,0.009124138732002943,0.000536859570987092,296.8848971534914,446.2570744536451,1.0115066147965017,0.0017271422669978128
b_ps[1],0.3669316397610525,0.5465949901494385,0.01430284836909989,1474.4893379085736,821.3631101763361,1.001977357970331,0.008577913131171783
b_ps[2],1.0393808189564249,0.5490482939082604,0.014080936578137011,1564.546193340537,606.3508746587087,1.0005332550211072,0.009101823249001184
b_ps[3],1.0909764005520342,0.5177537691778571,0.013402023015229763,1519.4163330068905,806.0935409579886,1.0010878512476316,0.008839278100920948
b_ps[4],-0.5943469589352851,0.5148290753550431,0.013735631003492035,1410.397162702878,714.2251472477865,1.0044244926719408,0.008205053797999453
b_ps[5],-0.49556394818272775,0.5079678336041562,0.011233828777599212,2087.45713256205,779.1481029854971,1.0039796961000758,0.012143882961921069
b_ps[6],-1.0200367225441835,0.5659706346021244,0.0165405632541166,1180.1067585717044,732.8630512901431,1.0005727174284216,0.006865328219256655
b_ps[7],0.6452686635227823,0.49605940682157224,0.012605364563427562,1530.945353093982,832.8479042867893,1.0076595321719826,0.008906348733615302
b_ps[8],-0.9480143081278746,0.5293672727830973,0.01433263551505185,1413.9613516438274,874.9562940127789,1.0091883994146462,0.008225788639773158
b_ps[9],-1.4218551429147983,0.5822244493600041,0.016244042281220627,1337.4625331686893,554.4314225349084,1.013412425291482,0.007780753058540829
b_ps[10],-0.2087485867042592,0.5493264672367149,0.012885350138755348,1831.0403914765557,615.6320111115458,1.0053645113839096,0.010652166152676891
b_ps[11],-0.10727472400315004,0.5474332436514145,0.01464178496873413,1392.230079670362,764.977826523948,1.0005890937133162,0.008099365912646045
b_ps[12],-1.696252930252698,0.5486380552912676,0.017584253182675726,1039.6753439981105,728.576493530317,1.0040083617182893,0.006048361664036605
b_ps[13],0.2659521814838148,0.5344498942974228,0.014507834853767238,1351.7417848439018,772.8164868693469,1.0078404477698655,0.00786382329668975
b_ps[14],-0.9107594317445429,0.5108346274010468,0.014282607331421738,1332.1970202186942,666.2534414365214,1.0123334718051835,0.00775012068195126
b_ps[15],0.8251976594357674,0.5277107678429642,0.012888791068157093,1667.3006900042112,767.414648564228,1.001875854549846,0.009699602509628792
b_ps[16],0.29927236916115385,0.5029809280377353,0.011694593638662392,1841.5329221400286,736.7552368185873,1.0064845862076288,0.010713206957953306
b_ps[17],1.5331287429987446,0.5230661797826228,0.014785501419621703,1290.0154725885068,708.8743228272855,1.0026167332207412,0.0075047274858069234
b_ps[18],0.4238376139089563,0.5201505113691174,0.012155475150526594,1850.5071993571264,826.490179233467,0.9984874426302378,0.010765415250278097
b_ps[19],-0.3740859840247021,0.5068190938527501,0.01483944246121105,1173.0486712397367,781.8410338510985,1.00164159264463,0.006824267454387565
b_ps[20],0.5637228238107362,0.5007338824320466,0.011861280917880019,1742.62032332469,669.4922360600873,1.013224964351981,0.010137778124117256
b_ps[21],0.7647098046425553,0.49828513179120626,0.013447448119981541,1378.8641707198044,709.6673930662218,1.0069867650718267,0.008021609090029979
b_ps[22],0.4448383849712652,0.5086026709746578,0.014216187925395814,1274.297921953278,744.7041806628127,1.0019260062365518,0.007413289873802878
b_ps[23],-0.10499566805954148,0.5239206240597379,0.012701624865729965,1725.0685303494922,489.31715427031963,0.9986756204319672,0.010035669718470112
ε_ae,0.05869731362337222,0.4952676217998413,0.02085938055972913,545.1880414579099,567.987450079484,1.0164956046629618,0.0031716578340355585
ε_be,0.10561791601852241,0.4277535503428331,0.019026723380035943,478.52669267235285,351.85558147487205,1.006256479294104,0.00278385220914015
σae,0.27940065464425556,0.3360789636904097,0.02098436463594231,190.49519784292156,245.13464122852625,1.0277845967738661,0.0011082150389230441
σbe,0.21162359661471714,0.3258455314560115,0.028583688701561166,122.85688510186459,295.8504211406738,1.0196346407573504,0.0007147258789032302
σ,0.973533577643461,0.0034925937761717102,0.00011736593781043236,879.5031440317026,658.7567845561701,0.9998059574384718,0.005116552133769446
