parameters;mean;std;mcse;ess_bulk;ess_tail;rhat;ess_per_sec
σ_aw;0.05409950954439975;0.01590679918136961;0.00032982357270504585;2318.079915504847;3762.1442314736128;1.0033791169636384;0.03710577201531527
a_ws[1];-1.2857972035587555;0.5669182799308399;0.009949833144961494;3226.4001976593745;4949.254304319013;1.0015629549145082;0.051645359318185494
a_ws[2];-0.18550652945885224;0.47360883457252284;0.008834528519843007;2858.2192136551544;4761.771689675619;1.0006669052472814;0.045751843930102024
a_ws[3];0.5843158325688276;0.5941558333866491;0.010578424928159878;3151.8282119612595;4527.604021677584;1.001124613080757;0.05045167695998216
a_ws[4];-0.9506572121324743;0.5434563092745023;0.010389565329941603;2719.2906118162136;4504.149219079638;1.0009872026136746;0.04352799780997396
a_ws[5];1.7823218811078028;0.56901396311583;0.012174524152661365;2116.89760086375;2857.0882154881992;1.0028260835301694;0.03388542354904586
a_ws[6];-0.4508479037490567;0.4616936332750231;0.009138948288541462;2520.933711671878;4555.4219743043595;1.0011540841621485;0.040352876078755553
a_ws[7];0.6601968399824407;0.5740435649481507;0.009282073065510833;3823.183259973745;5286.638337024169;1.0002249928237334;0.06119813448556622
a_ws[8];-0.2549790711278472;0.37034639750063886;0.008779799812613818;1765.272732680262;2855.091116712948;1.0026302506966152;0.02825692381249115
a_ws[9];0.03586590088303081;0.4740504816785878;0.008419186846135825;3159.5447916894755;4433.25127456887;1.0003695262521697;0.05057519713985949
a_ws[10];-0.2774535757843065;0.6594538543354562;0.009047743392464261;5340.134841752395;5690.020685378747;1.0002031232023623;0.08548015305415028
a_ws[11];0.2223021596780335;0.6552276295283287;0.009084912775056025;5156.817633165362;5588.921310482677;1.0007902419862582;0.08254577339673755
σ_bw;0.041027705811285085;0.015294909857788773;0.000311005455577851;2336.437293025994;3791.0033394026696;1.001257366693358;0.03739962067020533
b_ws[1];-0.6324224242919884;0.5692998003253545;0.008228174805659984;4844.222874608161;4521.236357120335;1.0002704267674367;0.07754203311728308
b_ws[2];-0.3268518490753177;0.5758749561474896;0.007530439948262503;5896.54113474935;4549.0208662597925;1.0006989283506484;0.09438661262775619
b_ws[3];-0.9283170466333563;0.781876655681287;0.010453683173531955;5613.387801262452;5487.821101791684;1.0005550621048291;0.08985414462806983
b_ws[4];0.666370049905811;0.6040985919558466;0.009271472222353794;4301.87413159433;5132.024838178543;1.0003341533394658;0.06886059436426181
b_ws[5];-1.256985270024768;0.4701739609823943;0.008553782250046257;3113.755755900997;3808.2465686732817;1.0012612408384216;0.04984224677373789
b_ws[6];-1.1878292137311575;0.6067959673206695;0.008013238722316504;5784.074588400527;4483.403306303312;1.000937619167714;0.09258634767560486
b_ws[7];0.0762580673804444;0.6582143042019114;0.009288646047443148;5042.28138031568;5049.233196023056;1.0000804649303836;0.08071237841440657
b_ws[8];0.17167095009597155;0.39630658306185074;0.007521256294463106;2867.0961680430223;3909.6121991994005;1.001935428449242;0.04589393836071394
b_ws[9];0.8225259662353334;0.6341454658109796;0.007832963422806573;6595.6070631978155;5932.302246294479;1.0005303183903196;0.10557664140596344
b_ws[10];-0.19870224088876898;0.7987609035409073;0.010118816802110969;6234.262776968918;5660.420552677313;1.0002439199046924;0.09979256182606414
b_ws[11];-0.3348177332897526;0.740407715327547;0.009650760186148152;5909.026455719181;5523.490819413477;1.0002378159629366;0.09458646659756366
σ_ap;0.20412447823529284;0.032657986577623754;0.0010543756572372902;936.1457689590056;2020.4525095391225;1.0032588091163188;0.01498499307282499
a_ps[1];-0.29925975295700846;0.14876987343147927;0.003185432607915983;2188.0460138447215;3894.925124736216;1.001871993681491;0.035024304384717334
a_ps[2];-0.6489289781580099;0.1731517280924371;0.004289171592910983;1636.331651855795;3521.945747923639;1.0025774974620785;0.02619294909079178
a_ps[3];-0.46525074733414373;0.16045040322992837;0.003568640346090119;2025.9872931144823;3152.945022904471;1.002945889200427;0.03243021178925119
a_ps[4];-0.1829578484076723;0.1473126861495137;0.00286441701845644;2660.67686188089;3844.3635385842695;1.0016851405434801;0.04258976076839675
a_ps[5];-0.3660448427799871;0.15465296164554468;0.003300765732500961;2216.8568909585265;3498.514424693769;1.0018879014272333;0.03548548341077058
a_ps[6];1.0587343169630739;0.21355445765306644;0.005628919339178199;1442.870221442354;2997.1906987355856;1.0016601093205022;0.023096189707017677
a_ps[7];-1.365107756852949;0.24673054675429862;0.007335574501376579;1130.2936546554245;2750.6508898683496;1.0037481821718166;0.018092740625323785
a_ps[8];0.5030764064388987;0.1612588133301174;0.0035421510670538025;2112.0151631661342;3316.8335860350935;1.0003606888623484;0.03380726980685822
a_ps[9];1.0050539350924548;0.2079412160897072;0.005503278610818683;1433.0467335853066;3094.0430112050403;1.0012121758618535;0.022938944006219895
a_ps[10];0.3127092918757284;0.1512064523196639;0.003165031037547715;2300.438534487016;4319.054433137941;1.0010733317382619;0.03682338439886402
a_ps[11];1.937353712652564;0.31744635807836086;0.00957151804125877;1099.5957885517928;2295.8135899234567;1.0020547192779372;0.017601356349320533
a_ps[12];2.201541508466602;0.3557473006797499;0.01075897279530491;1093.4088158294203;2275.6373622535466;1.0025272827628255;0.017502320764841414
a_ps[13];0.14745777492378426;0.14426607842092004;0.0026882510708077416;2888.170905367372;4013.286780876781;1.0005534129484477;0.04623128410673826
a_ps[14];1.380242608993039;0.24751309840735272;0.006941932877194372;1271.2958267131926;2788.535983156451;1.0020204056387756;0.020349778622609716
a_ps[15];-0.5707869015452088;0.1644534620426161;0.00393995319444747;1757.570124378383;3417.9389142921577;1.0014363527384553;0.02813362727484329
a_ps[16];-0.3274778735821923;0.1520116813716485;0.0032502244918390685;2206.6913716606377;2891.339320109204;1.0024296448123893;0.0353227627733319
a_ps[17];-0.9230907519276278;0.19605066982732908;0.005459894961932145;1292.9184068580194;2853.395750702803;1.0035610279880827;0.020695893751717372
a_ps[18];-0.007578580947341577;0.14024528484831142;0.002654734154659378;2796.321770465514;4203.122784304182;1.0004813015719933;0.044761044432654364
a_ps[19];0.22326366038400094;0.14931749756208332;0.002946967133391128;2575.2142812483407;4241.217686764527;1.0007071425643683;0.04122175140358534
a_ps[20];-0.3330734513338924;0.15343943059663362;0.0032370834940356904;2268.3188295060495;3609.902938463992;1.0014328157922177;0.03630924058429955
a_ps[21];-1.4374071126892527;0.25601170025206177;0.007504280923445715;1162.4351895977945;2464.866353820204;1.0026246439172366;0.018607233874593034
a_ps[22];-1.2925349848389192;0.2388472266914854;0.00693452865536719;1187.5114949417793;2932.9264583621302;1.0031933717057424;0.01900863318048266
a_ps[23];-0.7685295650819266;0.18207009992813264;0.004801134947688899;1451.466042526229;3284.9298362546438;1.0021185666223196;0.02323378400447452
σ_bp;0.06060632814048271;0.011128857970737692;0.00026846337652007947;1771.595900003355;3289.1376643934377;1.0007436946458288;0.028358139479619814
b_ps[1];-1.4285172333047262;0.42279081122965795;0.006128886844290144;4791.441686755775;4930.816868503831;1.0000408221394794;0.07669715856828736
b_ps[2];-0.7741159718716771;0.4028400008304825;0.005363293981261169;5634.14477532199;5704.834843512602;1.0007589841591613;0.0901864039009402
b_ps[3];-0.06791063543879348;0.4049075741091803;0.005482578229991898;5443.133256973685;5534.436473238963;1.0006156190400268;0.08712886054157425
b_ps[4];-0.12157303165584468;0.39555827136608596;0.005418658587120543;5325.795057703843;5450.670711500361;1.0019031863730188;0.08525061448039556
b_ps[5];-0.7716716320702748;0.4043160209993138;0.0055699780220332205;5294.613495455721;4964.719040752122;1.0008770321149485;0.0847514876245347
b_ps[6];-1.3540645052586069;0.4284870576005869;0.006247062667723918;4724.398694150894;4810.858230922424;1.0013921718367513;0.07562399366910424
b_ps[7];-0.7451434082682192;0.39947328006659505;0.005323358430736406;5605.754702134243;4625.934809457117;1.0007856523644383;0.08973196073176533
b_ps[8];0.8306321074326292;0.42570579937739916;0.006390703874637685;4519.041719841596;5227.290344148096;1.000865284752524;0.07233682094502833
b_ps[9];-0.4763642950578794;0.40028531833952674;0.005142647094254919;6036.052389407246;5857.0231813114115;1.0012285795275275;0.09661978533861981
b_ps[10];0.5472557203254618;0.40750678494287307;0.005717079420025608;5111.967019411226;5132.56714074808;1.0004495922328691;0.08182784446013076
b_ps[11];1.1568536718297044;0.4325587132569921;0.007095913549178502;3748.6564554017036;5127.735402406107;1.0015914385425455;0.06000517534684823
b_ps[12];1.261401035428261;0.44302841524968484;0.006973518536159921;4062.277606807103;5742.600173340448;1.000731477567981;0.06502534521476024
b_ps[13];0.5320821743434917;0.4097600171669094;0.006031268840056211;4654.624990716052;5403.1933563150615;1.0009388313148722;0.07450711796736485
b_ps[14];1.2605245652869834;0.45787157592979927;0.007174127880498192;3986.3732754771963;4826.297084389234;1.0011413263447513;0.06381033584667765
b_ps[15];0.11560646488165309;0.3965431697198716;0.005543219994349605;5139.845376291451;5426.290420109835;1.0015936454322847;0.0822740965274733
b_ps[16];-1.3639214073537174;0.4186841800072307;0.006306848029445331;4476.059648161148;4971.172452797459;1.0012097328789469;0.0716488019764617
b_ps[17];-1.1487774323838718;0.41570743751086;0.005618290262232352;5464.908652941856;5653.512533626899;1.0002061390827608;0.08747742181115507
b_ps[18];-0.46243532955997;0.3951566500233063;0.004931477066280974;6408.673041494614;5445.285672557526;1.0012844842701842;0.10258436700470995
b_ps[19];0.8681754668193763;0.4220450575650571;0.006566054598991866;4218.228733538117;4808.018718646744;1.000551257500296;0.06752167285010506
b_ps[20];-0.174773003897344;0.40073609103651775;0.005291026240063951;5737.32079324319;5030.911354366752;1.0012007436121049;0.09183795429522344
b_ps[21];-1.0778904198014247;0.4126982144616682;0.005706207896601622;5283.556181840122;4667.970089249717;1.0010156740147658;0.08457449193280812
b_ps[22];-1.0077940847688112;0.4110094689329474;0.0057996759581479705;5068.846797071402;5073.062434181702;1.0002554940049395;0.08113761409805856
b_ps[23];-0.399076127271576;0.4016152147895191;0.005504806126891353;5339.424434574317;5646.092840094181;1.0006189301890043;0.0854687814846839
σ;0.9731943331563068;0.003453446666953458;2.944233288722855e-5;13764.191088510457;5787.523573873634;1.000302016084239;0.22032499099336392
