parameters;mean;std;mcse;ess_bulk;ess_tail;rhat;ess_per_sec
σ_aw;0.05965621153018505;0.016611673039377103;0.00033970867451069457;2454.266197389631;3707.556269629371;1.00078389114389;0.03916172735466429
a_ws[1];-0.34651731989420853;0.4944000626766976;0.008918526756441007;3053.284505290001;4647.431472028267;1.0001086163503359;0.04872001882255694
a_ws[2];-0.54164847241565;0.44881851334725265;0.00938089305579874;2272.941480444773;3886.9355377810452;1.0012522597232614;0.03626840260643248
a_ws[3];-0.18653222436014955;0.5488914326227512;0.009229102846067525;3520.6215171204944;5062.734236997417;1.0007332450112434;0.056177125414953115
a_ws[4];1.0745051193750037;0.5162768638799535;0.010228304538136614;2532.4356897215257;4528.039558556056;1.001087384290367;0.04040904614567814
a_ws[5];-2.0096115172671616;0.5732888921501862;0.012599230373605596;1998.29177293131;2524.466353389535;1.0027252295744917;0.031885928946843146
a_ws[6];0.3360181081628521;0.4248053391268737;0.00908362721491222;2191.0717674543894;3575.689409971706;1.0008735059618505;0.034962040899562986
a_ws[7];-0.4825427885420516;0.5350188203167349;0.01011755928086441;2784.7180284765427;5023.078851229269;1.0002978602227834;0.04443461280068453
a_ws[8];0.816278379535024;0.3958114880560094;0.009637271619566583;1653.077021930678;2508.0026775674455;1.0006992798861716;0.02637747759308447
a_ws[9];0.42817513895609;0.4520794930982186;0.008558367202065308;2763.8778812589385;4942.524754865072;1.0005680042275533;0.04410207504897898
a_ws[10];0.344746392636357;0.6258696477135128;0.009796423746628211;4076.277312988891;5391.782276301421;1.0003347854150626;0.06504349891754287
a_ws[11];0.19429866840873802;0.6270476023947772;0.009270294573983288;4565.721495549281;5783.034925899702;1.0003130139842273;0.0728533606404249
σ_bw;0.04385596659016353;0.013117555327498434;0.0002432319544247926;2999.1657408563938;4257.363890380803;1.0015589201921051;0.04785646771315633
b_ws[1];-0.27144076124390176;0.5070079495666818;0.007444536509403177;4699.877134206736;5336.754321408596;0.9998669626602825;0.07499402759406752
b_ws[2];-0.9277224927969864;0.5608193719356506;0.0076578663456524825;5479.25379782045;4792.471664428914;0.9999657258846203;0.08743022397712134
b_ws[3];0.11467609775687458;0.7595017104174109;0.010498057422686745;5227.77565603408;5289.075527548837;1.0013170041153314;0.08341748956600892
b_ws[4];-0.4586244582428294;0.5546248373117714;0.007827067504430373;5013.376883731654;5529.4716928780235;1.0001304311914552;0.07999641557044451
b_ws[5];2.0743893274578533;0.5831373652764129;0.010575156675303192;2981.0737111395215;4229.137591182699;1.000921476729359;0.04756778055451876
b_ws[6];-0.1766547227684605;0.5670214224973072;0.007469746937878462;5734.799104991698;5284.6125766737205;1.0002097894570872;0.09150785649182104
b_ws[7];-0.4791939477237764;0.6114313985961328;0.009042759269363062;4581.79011923546;5083.216302966852;1.000388180248242;0.07310976113212062
b_ws[8];0.17925545784964816;0.3283954873517986;0.005798071148626728;3203.21437742345;4380.133355861688;1.0005113160458332;0.05111238880306467
b_ws[9];0.15334543576898588;0.5887432490268057;0.007269396744087933;6539.886462051392;5730.384910360479;1.0004734969875588;0.10435430795148462
b_ws[10];-0.19716223550089398;0.7810314231147711;0.010792595452222904;5273.629664189026;4865.393062565374;1.000515302865032;0.08414916332144444
b_ws[11];-0.3750564151648442;0.7255425137876594;0.009515151921377264;5816.068865910545;5497.473596212449;1.0006850560542848;0.09280464500753614
σ_ap;0.16091903833918889;0.025432631039337166;0.0008043825607951257;986.737400724786;2321.771878646987;1.0042063136551087;0.015744967314032344
a_ps[1];0.09613923524560229;0.1872539388333749;0.0037535885637018495;2494.3140959512316;3732.568677189017;1.000941651411755;0.03980075538115333
a_ps[2];-0.2934045345635358;0.18959493099664523;0.0037830481787299083;2510.138384440776;3803.919821950849;1.000555132476015;0.04005325711550807
a_ps[3];-1.5552722769154674;0.28928149006160303;0.007964322778043893;1318.0852367972254;2894.7896142276395;1.002255068320725;0.02103214994712584
a_ps[4];0.2753729014378408;0.18893329785404211;0.003945445601713639;2299.8366564174016;3897.8677688346693;1.0012143245671783;0.036697557988891016
a_ps[5];0.416071687717423;0.19567308152396495;0.004190188179151231;2198.4383750388592;3509.6613417338076;1.0009897560551155;0.03507958686016768
a_ps[6];-2.077322710485697;0.3497906686220092;0.010287642078624298;1153.0226465684402;2729.4193847775578;1.003150017561639;0.018398313339723738
a_ps[7];0.226970367390172;0.18583802317444537;0.0040058050657795306;2156.024188376935;3758.944054282712;1.0009679491743424;0.03440280093703075
a_ps[8];-0.06486819695957055;0.1906413989695683;0.0037701121804380486;2560.957534301171;3235.181301849594;1.000926931447478;0.04086415761739551
a_ps[9];0.5124074286531829;0.20006609459613386;0.004506302837266972;1984.2559425105526;3169.755101068492;1.001765737991861;0.03166196491037529
a_ps[10];1.1997658252778343;0.2552621779604337;0.006678857308527536;1469.293955838764;3007.2475292611107;1.0026424579477684;0.023444925967531047
a_ps[11];2.1383496809484326;0.3612284884884184;0.01060202367776814;1156.7849234284165;2399.1931511400076;1.0034245775800374;0.01845834646114303
a_ps[12];1.0335894955538945;0.24000703586233882;0.006125110206686813;1546.8763996610085;3104.7877149314713;1.002774020313711;0.02468287746427855
a_ps[13];-0.7489959165597085;0.21210039731246008;0.004893224315311629;1924.1502819925201;3013.8108143933264;1.0009220941320562;0.030702883335531145
a_ps[14];-0.6252136172335317;0.20736419179790302;0.004587543177280183;2089.0373094358124;3467.2876846430136;1.000784668596265;0.03333391855898133
a_ps[15];-1.7504147730226545;0.3106957352960748;0.008685568556868802;1285.3599841089822;2491.314494001832;1.0021788136749565;0.020509966402100215
a_ps[16];0.24699682218530153;0.1882457769887675;0.004029873649943033;2200.578011314955;3497.663508508902;1.0020242215267836;0.03511372816585479
a_ps[17];0.034678172105582876;0.1857442466399082;0.0037375148188982417;2475.009948736204;3958.428770634092;1.0025967478701554;0.03949272695666813
a_ps[18];0.5098462735388751;0.1987517585472479;0.004471046091656878;1993.0741352446594;3631.6160954347656;1.0019626695849093;0.03180267322473062
a_ps[19];0.79452173587689;0.2196545853611867;0.0052223650630062925;1813.1267249227276;3250.150731862039;1.0013179505434995;0.028931325598014063
a_ps[20];0.5277817629488034;0.201928931733929;0.004371750168353239;2167.146385451586;3351.945636306779;1.0016517164897112;0.03458027331141524
a_ps[21];-0.44425906312696667;0.19350025120561526;0.004217137426100312;2139.861293497333;3248.9767510294487;1.0013518504877301;0.03414489619824965
a_ps[22];-0.5722603702618205;0.19874684154009825;0.004539788106029;1945.739666546906;3620.9612036371045;1.0014527346757487;0.031047376362641696
a_ps[23];-0.905984320078264;0.2252282746683393;0.005571560728628449;1639.1721855855296;3169.560746363805;1.0009130893897604;0.026155603775794765
σ_bp;0.055066809025448846;0.010456707283608972;0.00024296820107221786;1869.4854506138083;3652.384327044414;1.0005240904436914;0.02983061885801899
b_ps[1];-0.37732004035293665;0.42243783690664993;0.005596642048960843;5692.149014672059;5321.047813564593;1.000076467115454;0.09082730634997986
b_ps[2];-0.6396314724643476;0.4352680170687484;0.005878743785607843;5488.161065462364;5392.012581576231;1.000227688327133;0.08757235362354628
b_ps[3];-1.0169589728487551;0.4408828137059099;0.00641978013464214;4812.890035860645;5078.486861167744;1.0001701439174084;0.07679732849387912
b_ps[4];0.7590092115096927;0.44368273151002857;0.006241031190524099;5084.428355507796;5428.742559217583;1.0003140629860194;0.0811301550029496
b_ps[5];0.21789999456638248;0.44225102685136675;0.005732736616914241;5941.490579967736;4861.019771684177;1.0004160688534502;0.0948059482791562
b_ps[6];-1.5308411500672816;0.4781574503096459;0.00716001978582665;4462.072955994233;5374.86139080747;1.0000705843639537;0.07119948305734888
b_ps[7];-0.18287912449175467;0.42944394835600486;0.0055243361292302996;6060.340829088604;5451.040223590601;1.0009819139840352;0.09670239335795644
b_ps[8];-0.21454688697993504;0.4338478943880627;0.005937769074729773;5348.243305469172;5173.0345826011135;1.0002321999177932;0.08533974284369009
b_ps[9];0.5444114689159741;0.4405751282978376;0.006161366716074827;5186.754329003678;4997.628811601915;1.0010594169059825;0.08276292893741868
b_ps[10];0.8588986940262727;0.44978759506365235;0.006178622560665539;5324.437066916349;4764.390582632422;1.0003595813154047;0.084959876379108
b_ps[11];2.1019501595899683;0.5015098550466787;0.00848143404883316;3567.7952088933757;4675.394275670245;0.9999677963934266;0.056929856825053395
b_ps[12];0.7942535958388337;0.44576238597841783;0.006261831215144065;5175.946726235678;3881.661034879898;1.0000014647979036;0.08259047641641339
b_ps[13];-0.39152280393072236;0.4249296721219535;0.0057499881430040254;5509.570247422194;5329.051558458569;1.0018490634252977;0.0879139712311591
b_ps[14];0.2246520913731061;0.4370788683805464;0.006072547535672773;5159.372944417793;5225.76694022411;1.0002151097717913;0.08232601532190047
b_ps[15];-1.215368417016863;0.46367617112828835;0.0069291116620548935;4514.416588056918;5136.058538695081;1.0000490741957129;0.07203470910160276
b_ps[16];-0.8743646520774667;0.44184494556004383;0.0062466829707060615;5073.076571000263;5470.67910155885;1.0000849774293266;0.08094901919529118
b_ps[17];-0.026540511692392087;0.43519719872485935;0.005418546571263457;6445.782006605763;5902.778000529032;0.9999299171673268;0.10285272143615853
b_ps[18];0.5841203514882677;0.4336653112827722;0.005718498674187443;5899.715988518561;4591.109199049745;1.0001662253394754;0.09413936811665177
b_ps[19];0.5955015072389538;0.4359115858854667;0.006418616347930685;4653.928200202032;4856.046128616953;1.000426109869664;0.07426083914546175
b_ps[20];0.8424633659766585;0.44633002575739233;0.006447229949010145;4911.996025657377;5174.164072962382;1.000763458215416;0.07837872245829983
b_ps[21];0.8322251974190858;0.435498821150537;0.006072265624728259;5163.766232290883;4784.42432123496;1.0001486182048878;0.0823961172293706
b_ps[22];-0.90240005740975;0.43700569120216126;0.0060698671168051945;5202.360622356593;5201.267668347048;1.0005649872525182;0.08301195221205522
b_ps[23];-1.1843177389273738;0.44912034798184813;0.006349731567323331;5140.819594290862;5066.843893085411;1.0004613343946847;0.08202996706113752
σ;0.9871710422556133;0.0034676660535473513;2.8338954020591735e-5;14923.728043332336;5740.493404705661;1.0004006554105551;0.23813185764842892
