parameters;mean;std;mcse;ess_bulk;ess_tail;rhat;ess_per_sec
σ_aw;0.03147460683785349;0.010990569814689955;0.000193639880009492;3195.383339386783;4492.26082177019;1.0014543286653044;0.043377214034378636
a_ws[1];0.3577957106098874;0.6790480336659809;0.008219482163428384;6814.21541706192;5758.37439223762;1.0013436918160419;0.09250272947814199
a_ws[2];-0.8240898577635214;0.6414038294498416;0.008454092960978682;5807.0812758587845;5476.549583632959;0.9998857271522112;0.07883091969375403
a_ws[3];-0.05206437818252522;0.6955323777451757;0.008308956025572675;7007.157244830319;5926.164049677862;1.0005922165272156;0.09512190785844242
a_ws[4];0.578535137916813;0.6347432233822958;0.008071128265063135;6164.172953331377;5465.03886550726;1.0000253859299821;0.08367842638651801
a_ws[5];1.5654257664907176;0.6007652349400322;0.009269954108487374;4175.277690933219;5198.257196886104;1.0008528738122573;0.056679244652797466
a_ws[6];-1.1396492451323579;0.6048582399160305;0.008621071000016358;4924.849899355087;5373.205983329232;1.0003080706157017;0.0668546604528864
a_ws[7];-0.13720121717340392;0.7082753685204798;0.008379340215904365;7169.179777213405;5571.8942477876135;1.0003264370437361;0.09732135791469824
a_ws[8];0.11269799458759525;0.4889406087112957;0.008024045223464159;3699.2055801867523;4812.2355516919515;1.0001917986858428;0.05021658285284864
a_ws[9];-0.2735684299096657;0.6466330671113963;0.008172210111754792;6331.1311588473345;5351.130849849692;1.0002544289022415;0.08594487802823286
a_ws[10];-0.022028463014048035;0.8004318429044088;0.00868185532980877;8475.26924410148;5876.683282767702;1.0007854730199917;0.11505147550494767
a_ws[11];-0.3510430885608928;0.7782008855641382;0.008299109146881407;8805.248795824296;5962.606884422201;1.0000277647456257;0.11953093606469252
σ_bw;0.021206590995374634;0.01253663426352637;0.0002826830131223535;1672.3125119973015;2052.974373304241;1.001260081394525;0.022701582270625888
b_ws[1];0.2734808465616032;0.798276226021387;0.009183134887572853;7618.573262476479;4978.853245892041;1.0002900393943495;0.10342185833217012
b_ws[2];0.09510567480546979;0.7970282790770199;0.008774912349310523;8340.259899408582;5147.169992718248;1.0001433504639463;0.11321872850110652
b_ws[3];-0.23455394054756643;0.8941902730019157;0.009220411654727739;9406.480243618456;5616.6420810542495;1.000441700560944;0.12769263136857162
b_ws[4];0.11475889292438635;0.7780242313109146;0.009733348181493257;6547.855245449279;4559.315857488255;1.0005185862684156;0.08888689971779386
b_ws[5];1.2648567373583428;0.6617641979136971;0.010784482117370556;4518.282738753335;2444.8002852641985;1.0011704465714575;0.06133552585410735
b_ws[6];-0.04662638001719036;0.8087528574377891;0.009072946379530425;7978.920769017572;5763.789335348936;1.0005378699917433;0.10831356278756961
b_ws[7];-0.1010939844932783;0.818138419066763;0.0085247573040694;9211.5000911661;5791.809035380284;1.0005229398169824;0.12504578280391562
b_ws[8];0.35453061447232087;0.637381911760215;0.009285529954030427;4923.634463860634;4197.715557501388;1.000927825214035;0.06683816095971512
b_ws[9];0.6369272252240205;0.8570342494044877;0.010607460325936761;6652.464898874908;4952.9192270402955;1.000807435460711;0.09030697200482546
b_ws[10];0.7653787650857562;0.9438415789078685;0.012240217122481273;5998.005041331901;5393.470026765943;1.0007600690945686;0.0814227029508972
b_ws[11];-0.22304285979828908;0.8801656323670939;0.009577957957142705;8431.284732540977;5638.391219708988;1.0005906578526091;0.11445438734070765
σ_ap;0.24116325502431518;0.03982245371233682;0.0013227192226045246;927.7506507166769;1819.2240627195551;1.0052259191749897;0.012594181752976878
a_ps[1];0.5439740245523181;0.1396646437547799;0.0034726495242207054;1644.8573682104684;2927.4746564342418;1.001712838777192;0.022328879680077032
a_ps[2];0.5032844641023919;0.13497170112616705;0.003193602140083911;1813.2366474918751;2941.758922693084;1.0023756322277064;0.02461462234710416
a_ps[3];0.9847710041795875;0.189782415368477;0.0056342446864285235;1117.063039873329;2345.433968324831;1.0036344552464396;0.015164090634514576
a_ps[4];0.485975271957085;0.1342975312060779;0.0031693727863237246;1822.2196371020707;3252.5950821449255;1.002718189259782;0.024736566108338402
a_ps[5];0.5426262604836617;0.13881873839327633;0.003343128193063497;1731.5666057476992;3619.6127969101703;1.0017976412881437;0.023505954464516525
a_ps[6];0.27608692330397633;0.12134626489615606;0.002198035612840183;3192.983756146468;3781.0360975286553;1.0005130294465976;0.043344639778099124
a_ps[7];0.8556164708098216;0.17202883124305055;0.004838921390197153;1252.7934328600347;2530.683442502924;1.003708272236319;0.017006625843039677
a_ps[8];-1.9365688045592884;0.3190159407099259;0.009707627708291417;1063.7908715811025;2030.562862175096;1.0041699331861753;0.014440922863811106
a_ps[9];-0.018070160111464183;0.11174962619687759;0.0013653557907899866;6716.533722020303;5068.056135067024;0.9999818828263513;0.09117670397727853
a_ps[10];0.10190960266559905;0.11013960229031318;0.001601253216071381;4829.550075276506;4406.690942372748;0.9998272131633644;0.06556096876477473
a_ps[11];-0.5527227223234876;0.13955044990022186;0.003011050174354457;2160.991487665302;3518.7737565151397;1.0014060110620762;0.029335381808968514
a_ps[12];-1.9512487656035507;0.3231572027184539;0.009715765379374658;1088.395004056851;2032.4579864383559;1.0044263346715163;0.014774923078237823
a_ps[13];-0.7335137115489648;0.1578524557026242;0.0037495288097452156;1770.812249156357;3255.05438111127;1.0030563941891752;0.02403871266384448
a_ps[14];-2.230532516744207;0.36287175013882844;0.011092501984912769;1057.2352338955918;2019.9916149828834;1.0047013199129453;0.014351930317749072
a_ps[15];0.3089884448691929;0.12027148081529211;0.002278181545130838;2846.8547926742644;4440.212514264546;1.0009891938929971;0.038645951534042405
a_ps[16];0.6801852354886366;0.15311543352855805;0.0040192896086444505;1457.989801824455;2768.5747869527377;1.0023355654681385;0.019792159179817706
a_ps[17];0.5432194456060218;0.13956671909133062;0.0034408600137922594;1646.9508397155853;3216.9819696936015;1.0016657758589855;0.02235729848054864
a_ps[18];0.08743609412619265;0.11104662291806693;0.0014849392516054888;5686.794108930256;3837.1162777677137;1.0002007037704579;0.07719802572415314
a_ps[19];-1.5646532068924617;0.26598878342784704;0.007818453145648208;1143.1242786335795;2256.953741395225;1.0038245675200026;0.015517871014405202
a_ps[20];0.15957750153673633;0.11556799637646034;0.0018441175987521817;4045.0248232658146;3896.9094406400873;1.0003592744660543;0.05491106665369553
a_ps[21];1.104561810840151;0.20436691240290833;0.006129377126900769;1103.0654040323552;2210.883962579904;1.0038085469612972;0.014974073230854416
a_ps[22];0.6797891055150153;0.15110709350125343;0.004069539095402196;1373.6658379493967;2798.5320262993064;1.0033654390630422;0.018647464399648525
a_ps[23];0.0982303929381734;0.11030259640974373;0.0016068237886089297;4769.563200708492;4838.126946997297;1.0006265614253997;0.06474664909761094
σ_bp;0.05411556337637012;0.011522430621853862;0.00028148535540614694;1729.3625131189526;2783.07440344716;1.0025617847238504;0.023476033986265837
b_ps[1];1.1939763461298183;0.43954817705245025;0.005214805677919041;7118.651473318425;5683.874438206006;1.000591911956222;0.09663543800461093
b_ps[2];1.3794987343622451;0.45949217698353184;0.005605582442843915;6819.132739862808;5476.2040444861605;1.000469179288955;0.09256948195850362
b_ps[3];-1.7151966377059467;0.5255819090714086;0.00904560913038688;3369.2935996043993;4743.024966101053;1.00193979704732;0.045738039568908
b_ps[4];1.1218108631259414;0.4384782116623276;0.0051043228524239774;7364.103220275121;5904.128171438877;0.9998899090684495;0.09996743665141367
b_ps[5];0.658822218846625;0.4251740909619822;0.005194052998121447;6646.695225661545;5596.400074261741;0.999916299044889;0.09022864889823616
b_ps[6];-1.210535147110173;0.49717013797473375;0.0078006377230973225;4229.134054204822;5266.329249007981;1.0007492521029178;0.0574103428493581
b_ps[7];0.5653299477362136;0.44097937622229505;0.005056835603499594;7624.4798738492245;5560.281351115335;1.001226331049038;0.10350204036935338
b_ps[8];0.14595145173335702;0.4362686867193213;0.005271650362899184;6887.72395696268;5203.774108211137;1.0001024526232516;0.09350060526641654
b_ps[9];0.7435468860020196;0.4370503139979135;0.004822263910539769;8185.708501960567;5495.491294818018;1.000069394987627;0.11112069883318523
b_ps[10];0.42365076028601806;0.43814724727253446;0.0052602143732078995;6993.618655250828;5043.383060671427;1.0018890983860698;0.09493812199129013
b_ps[11];0.04733776701342045;0.43273898422187;0.005312208733067316;6682.900310727726;5117.88872919235;1.0004567931562234;0.09072013162730053
b_ps[12];1.2790983760079642;0.44365255366934386;0.005472115353205393;6678.018171050503;5422.34581329961;1.0002074435571227;0.09065385675657867
b_ps[13];0.333776599209555;0.44178298424575896;0.004930685464474056;8057.109284186947;5354.800465493777;1.0003533677355079;0.10937496907198214
b_ps[14];0.25222999990354256;0.436684485784921;0.005378145553617756;6598.895847629803;5718.686556902846;1.0002028700966674;0.08957977405870253
b_ps[15];-0.5150547224209775;0.4554028791101661;0.006165751895259085;5626.085184606169;4969.818406657056;1.000706710741958;0.07637390425749112
b_ps[16];0.6823636875419847;0.4359740505504061;0.005053149892072704;7455.036326819325;5184.692794365436;1.000108076866708;0.1012018503058755
b_ps[17];-0.4792545290961816;0.4539907501878556;0.005972256900716771;6040.595778323344;5114.288259667576;1.0003644960236904;0.08200087067543516
b_ps[18];0.1950361208305036;0.4256321345253737;0.00483280593396792;7884.28321028145;5996.580493468442;1.0014743119074707;0.10702886132768917
b_ps[19];0.36960087055102814;0.4256641119747505;0.005296880780657918;6511.632320875362;5495.027354934893;0.999936735407217;0.08839517481805288
b_ps[20];0.016400012201567803;0.44030264905895483;0.005523873957520088;6352.443688306218;5153.4196667885035;1.0008715283879257;0.08623419484996024
b_ps[21];1.1692546893641003;0.4463841501177421;0.0050709422752583;7745.5823279423;5732.884740251599;1.0000671076216894;0.10514600183292287
b_ps[22];1.5267396393567618;0.44731363477376984;0.005566857217696174;6496.859009310426;6125.1424600530845;1.0006452622899449;0.08819462764430697
b_ps[23];-0.17786395652242729;0.442885925146143;0.005677918794502258;6163.737817527234;5301.459437767527;1.0000219788668496;0.08367251943360952
σ;0.9695982127573912;0.0034611071017360906;3.0890712270024615e-5;12540.794416759709;5083.81574688838;1.0006078749856875;0.17024083366514675
