parameters;mean;std;mcse;ess_bulk;ess_tail;rhat;ess_per_sec
σ_aw;0.04338038294276984;0.01374383511961989;0.0002564472648974424;2890.447225368134;3984.086313177755;1.0007829038808593;0.03988477684550644
a_ws[1];0.6423292033190301;0.5792825958997017;0.008455973272793724;4674.132246518453;5440.39376767708;1.0006670528592818;0.0644975351781524
a_ws[2];0.7408849971900324;0.5327795750172921;0.008431207393719815;3961.1248200442915;4846.48198543459;1.001497970271578;0.05465887012849427
a_ws[3];0.4270564230551123;0.6082989504405539;0.009283368745475438;4282.972061603426;4905.08892335734;1.0016725779564613;0.059099984048605
a_ws[4];-0.12495839026302404;0.5471833926420512;0.008785117135521329;3861.3457320395496;5075.926441429491;1.001235255453878;0.053282035905752
a_ws[5];-1.756052478359791;0.6006808454450594;0.011385634396051244;2705.1193879735442;3620.0296642680873;1.0010802705225603;0.03732747035920584
a_ws[6];-0.16646384240855505;0.48273266147697347;0.008582637276303302;3152.3447936981815;4960.599947655307;1.0019176320079428;0.043498655686658554
a_ws[7];-0.4356946443975684;0.6033618889509826;0.009538477046507886;3985.3967237608645;4251.321724843541;1.000535451477442;0.05499379389214397
a_ws[8];0.471437029066808;0.42017977239740134;0.008986268600119649;2167.388616070208;2810.1013193001013;1.00174392587267;0.029907417278113895
a_ws[9];1.1034021186100893;0.5604715062095242;0.008956184667780342;3907.425352826931;4648.6251588586165;1.0004179614426203;0.053917880551556316
a_ws[10];-0.6140168524311821;0.6846171964067562;0.008963545217302828;5826.081068985486;5775.771068896631;1.0001898555620277;0.08039307595063264
a_ws[11];-0.21845239733138386;0.6868826258893138;0.008873849032480521;6039.9702946686475;5204.969701570147;0.9998808771673844;0.08334449604962597
σ_bw;0.022228760882226285;0.010837046252871888;0.000189685055918804;2935.97407550699;2971.8883229519893;1.0006455157328973;0.0405129939055968
b_ws[1];0.13827442956238584;0.744582055159623;0.008772841580692914;7205.299458658025;5509.228395731016;1.0004785252791077;0.09942466981974464
b_ws[2];0.5832583220956639;0.784355496327409;0.008482280465569501;8647.464571376713;5600.662015527934;1.0005786602965303;0.11932485453522014
b_ws[3];0.16927413035339842;0.9036339760031602;0.010742043078585178;7085.09969475289;5826.702751144198;1.000423848823216;0.09776605425390317
b_ws[4];-0.06037715555743568;0.7773451915336718;0.009055427454288782;7375.015144758385;6120.511492226498;1.0006834903069148;0.10176654695484186
b_ws[5];-1.2434994993682886;0.6226608434350794;0.008766913159065531;5217.646096255994;4941.292536178788;1.0003761142016325;0.07199738794106282
b_ws[6];0.31416440227231734;0.78443955528649;0.00898950599740561;7591.530909418406;5998.4869542454835;1.001082068904225;0.10475421020681466
b_ws[7];-0.37414299086174274;0.822154187863903;0.009509144671106987;7447.451950636724;5658.2355999020465;1.0001766881342606;0.10276608979807467
b_ws[8];0.10325987039836733;0.5661163438332091;0.00751598050104523;5699.25964127247;5274.125762050139;1.000770858525029;0.07864308920146514
b_ws[9];0.9314851355200999;0.8252400896437715;0.009628083690580854;7471.197491600168;5133.332942418937;1.0013560485442097;0.1030937503739505
b_ws[10];0.3611292280552501;0.908762664796188;0.010733017507310792;7158.302731291208;5810.407041728747;0.9999273413775052;0.09877617018029666
b_ws[11];0.17006617878272645;0.8480973474019637;0.009517385314182735;7929.872608229285;5437.932829665858;1.0002935871647194;0.10942292826406366
σ_ap;0.24006599249572722;0.03783110567981326;0.001133208288142679;1081.5695469273041;1932.4054332463447;1.0025288025054075;0.014924389431326448
a_ps[1];-0.41881496023809334;0.13178654951863675;0.0029036435841123336;2101.219876896476;3369.102113128322;1.0015433774448819;0.028994366393485925
a_ps[2];-0.9211368879598256;0.17783276460004263;0.004775784724999742;1400.0870881387843;2399.9113318872865;1.0018347864539274;0.01931955739741214
a_ps[3];-0.5610607088488302;0.14242765777448066;0.0032340787499475043;1969.2162283415146;2986.730880773781;1.0011974666446695;0.02717287108327948
a_ps[4];-0.5619671308601694;0.14203209676436487;0.0033040218136471547;1874.7221663918149;2939.392502300801;1.0010539588868563;0.025868964012770963
a_ps[5];-0.5433424520973261;0.14093884927777292;0.0032230206363626384;1943.553220267383;3061.4034535922456;1.0010651149968133;0.02681875171336405
a_ps[6];-0.6457677828859839;0.15056607589280385;0.003527225986375795;1832.1152113178737;3534.5756422282607;1.0012616039693332;0.025281038075125023
a_ps[7];-0.2983615497997839;0.1256718723243402;0.0024360713634887753;2702.7345513101427;3615.420442334179;1.0021377029947618;0.037294562414269865
a_ps[8];1.3324986718156084;0.22731598033002126;0.006095764136504666;1397.3706319271448;2619.0180692580316;1.0019369575373729;0.01928207349220158
a_ps[9];0.17361139396743572;0.11900370856421065;0.0020551746006802134;3388.4099221560846;4652.152610720442;1.0005934464265098;0.046756077198082314
a_ps[10];-0.1115276838932468;0.11651154909382795;0.001968536845701389;3539.468244309517;3824.4853795719005;1.0005104150540782;0.04884050462400735
a_ps[11];0.9765573550152701;0.18569684070587744;0.004666911270106852;1584.266337083529;3054.957486011528;1.0015584682664;0.021861014712135647
a_ps[12];1.7080851748614077;0.27623243385752744;0.007720491067667441;1286.982171637743;2390.790954866829;1.0025997185104971;0.017758842392764675
a_ps[13];-0.3437602516714383;0.12861974067647403;0.002567462636372462;2577.2090083703006;3383.939473395432;1.0007607712230762;0.03556245735294013
a_ps[14];1.007461968244555;0.1881782718926151;0.004760835984113044;1576.534237668624;2809.358467355854;1.0021082084208621;0.021754320821652497
a_ps[15];-0.45899015474818883;0.13650070369873935;0.002926111720254648;2190.019330540115;3686.320293833006;1.002293877632452;0.03021969455775585
a_ps[16];-0.057833925969073684;0.11681638135746118;0.001898358461725037;3807.011794480973;4350.427249444269;1.0010048551632962;0.052532291383298214
a_ps[17];-1.4955812498802126;0.24909504564618928;0.007209485603218583;1197.810536988872;2167.1012342721897;1.0021426682165744;0.016528378567753556
a_ps[18];-0.2702877532258326;0.12099310556560824;0.0023225969286502918;2750.6369906936316;3978.214386146045;1.0009473658718855;0.03795555981577839
a_ps[19];2.8091357323592807;0.4262611738971966;0.012470941302409135;1170.1497127280297;2225.661861680853;1.0039638554526404;0.016146691680920342
a_ps[20];0.3813080033191985;0.13244318160074903;0.002456458402561914;2973.1716548616682;4354.687879574772;1.000882229956405;0.041026276811692894
a_ps[21];-0.441057038773728;0.13150996791496825;0.0029390787882751877;2027.9000615908265;3482.3922262123433;1.0016622268946949;0.027982639057261297
a_ps[22];-1.055599163677089;0.1939258048334437;0.005368867032233745;1310.7464187882613;2443.5845791254687;1.0020539490581084;0.018086761092051484
a_ps[23];0.22095569114104194;0.12244157100970172;0.0020058034396564324;3780.7025093495613;4370.675938936448;1.0003142551007465;0.052169254149052394
σ_bp;0.04287974761429389;0.008864903343216492;0.00018389348395759115;2367.9330487657726;3841.4802276566693;1.000662210779767;0.03267469490749616
b_ps[1];0.43273241712783905;0.5027268080129449;0.005474871639154621;8444.174996735219;5641.772766161413;0.9998975325843301;0.11651969717118583
b_ps[2];1.102942506170633;0.5146594095794003;0.006088066582027177;7149.646937777488;5344.910205086951;1.0002863424362347;0.09865673039613955
b_ps[3];1.1669751354354427;0.5145033792921082;0.0056087417381583795;8477.542737164593;5511.361082075181;0.9999532100565016;0.116980132798304
b_ps[4];-0.5351518787220199;0.5084979222755057;0.005442755943651747;8720.503572555508;5609.722898342735;1.000275561401512;0.1203327069663137
b_ps[5];-0.4338534155754728;0.5064548495040816;0.005793675042789836;7606.948989533588;5733.206033025344;1.0004727086702834;0.10496696160368608
b_ps[6];-0.9823668929021053;0.5265729820995114;0.006131604387108957;7433.278202650004;5365.8653091453125;1.0001310927411888;0.10257050872309316
b_ps[7];0.7298930692280196;0.5035992285152212;0.005656054365308906;7996.615729298074;5072.056929599016;1.0011368579184612;0.11034390494422507
b_ps[8];-0.8565618996437713;0.5121869187871293;0.005656534591528593;8216.274143365861;5869.09418637916;1.0003711679887237;0.11337493306694602
b_ps[9];-1.3463771986327056;0.5257222331693447;0.006556460015142749;6454.773518821714;5526.836337048866;1.0012219336089963;0.0890682933516281
b_ps[10];-0.13077473331823558;0.5056486127078647;0.005344990693076491;8918.001827200846;5717.471071211769;1.0005684649137956;0.12305795091637511
b_ps[11];-0.03806408755022067;0.5135659082770334;0.005622455314666758;8319.463643617957;5480.616127210861;1.0006819719432591;0.1147988269731321
b_ps[12];-1.6381189334282713;0.5418858247015612;0.0069253717603733915;6214.102657562445;5727.148008476368;1.0004525905648227;0.08574731813703333
b_ps[13];0.32075624825117116;0.5108324286254684;0.005521391246339835;8572.31965065116;5745.991481650233;1.0002677897728383;0.1182879428878088
b_ps[14];-0.8559136619723552;0.5201004020658007;0.005669582167058711;8410.13841553185;5274.480376758663;1.000408885183434;0.11605003232694797
b_ps[15];0.8987670129661759;0.5149621184650214;0.005478308601647749;8845.069706564635;5627.733239422492;1.0003985445933743;0.12205157331123674
b_ps[16];0.36247639111176044;0.509438621512939;0.005507927690036133;8569.790605451662;5542.214152735268;1.0007375655325756;0.11825304503444935
b_ps[17];1.595316597009449;0.528827476471792;0.006521409320557118;6681.051512226921;5628.320247290018;0.9999657370573926;0.09219066389443094
b_ps[18];0.49365524735170596;0.5110406631083753;0.005411147795542007;8920.194139484061;5609.458873104558;1.0002709949762514;0.12308820225098668
b_ps[19];-0.31664648169272214;0.5193761303123005;0.0056502075552743326;8438.172303126086;6098.646427853979;1.0005243297955215;0.1164368670496147
b_ps[20];0.6466292049945718;0.5181158798098283;0.005740659825055655;8140.023347384395;5698.267572993611;0.9998934689500534;0.1123227616398667
b_ps[21];0.8526576783471074;0.5156008818746758;0.0058149412161031325;7939.747785784828;5601.153237994255;1.0004542878581224;0.10955919411581691
b_ps[22];0.5274834935923259;0.510681632251948;0.005220669102243161;9558.584599842321;5385.467387523157;1.0002265406942095;0.13189724080675772
b_ps[23];-0.03251917249718979;0.4982679063229774;0.0054084537572843434;8496.167198375046;5995.853162224461;1.0003857807837262;0.11723712848835752
σ;0.9734400408666922;0.003411929524229564;3.101218877390601e-5;12089.5135746756;5827.2157342087485;1.000204717753099;0.16682108805333568
