parameters;mean;std;mcse;ess_bulk;ess_tail;rhat;ess_per_sec
σ_aw;0.030328482665394334;0.011152339773498497;0.00020958815482930386;2862.3203322803834;4492.7251576928975;1.000802162385002;0.04732243647496799
a_ws[1];0.1103156961424608;0.6950514460391937;0.008514316597031045;6671.709971474528;5193.909669253983;1.0004069085237852;0.11030266869291373
a_ws[2];-0.40777471494502815;0.647703229890026;0.007742656120807195;6996.358728579286;5726.710865057008;1.0000050024071605;0.11567005193493107
a_ws[3];-0.47182509651781956;0.6877174929133975;0.008023665424504618;7321.4908023066;6322.300524449067;1.0007926809777765;0.1210454257990707
a_ws[4];-0.4128367473155882;0.623302110549379;0.00779352357284478;6321.953443620897;5957.9169403117;1.000232715903432;0.10452018135758724
a_ws[5];1.6841283911756326;0.6254559120918671;0.010113585422039478;3740.545115489991;3607.3962099138284;1.000528007910938;0.06184203305732149
a_ws[6];-0.19956684464002536;0.5906093503544564;0.008146801774920462;5237.242644738321;4807.5379021426;1.0001367067706264;0.08658677352236517
a_ws[7];0.5903984219933296;0.6924330225177607;0.007776704859835301;7961.484477137106;6011.137381319297;1.0006677077735582;0.13162637289992132
a_ws[8];0.238474818663169;0.48441975840294954;0.007401506365791855;4264.42768710933;5354.725398801793;1.000919979988105;0.07050332768469394
a_ws[9];-1.1494123232943925;0.652049173506862;0.007672839380000006;7200.879929051469;5540.6319130143165;1.0008248189115538;0.11905137910784687
a_ws[10];0.023981970221742668;0.7775752968508026;0.00872077960532131;7977.361696607294;5559.445241939335;0.9999593475178283;0.13188886927438495
a_ws[11];-0.17484908665962104;0.7727387286802244;0.008144274425144956;8995.247661082542;5828.483415974407;1.000397216463605;0.14871746925650706
σ_bw;0.011034971577793219;0.010891922685655166;0.0002420567364394807;2228.6433861368896;2883.9998876521886;1.0007685131229498;0.036845923175131724
b_ws[1];-0.012917537063763217;0.8975007014600127;0.009071036387814882;9810.698091003193;5685.963893213136;1.0008035424006276;0.16219922415766508
b_ws[2];0.26747963390917495;0.9162146193375633;0.010079222433219442;8203.576000392046;5942.3565465626925;1.000439081082207;0.13562884620843216
b_ws[3];0.3953901458718312;1.0005219176117777;0.011900661230853184;7123.590504068033;5622.444188063022;1.0003592578394351;0.11777356129594196
b_ws[4];0.18383712186125495;0.8946217088424346;0.009693766916908549;8490.635552532416;6220.381289070098;1.0005619428312365;0.14037477113776142
b_ws[5];0.009509252603539107;0.8080151706774208;0.009134214270273;7811.423445055901;5467.478117739708;1.00066857257537;0.12914542987689726
b_ws[6];-0.13799153124089308;0.908499290607116;0.008934806007130182;10336.83556602865;5590.596647446288;1.000426461632275;0.17089779886231954
b_ws[7];0.3333168561181797;0.9560168566314988;0.009970371103388973;9196.3641993093;6197.025856530407;0.9999635697395604;0.1520425075119978
b_ws[8];-0.16301963099974562;0.8242725052724961;0.009215545206378493;7938.736509598626;5184.525217358329;1.0002573658097862;0.13125028318115922
b_ws[9];-0.025796789003487086;0.9329075165323037;0.008692951080470919;11414.319999997326;5797.180792175268;1.0011650062649222;0.1887117339779
b_ws[10];0.5193832822933472;1.0276477729378544;0.01220537703620194;7098.360103119801;5033.046114862934;0.9999747542789239;0.1173564297706387
b_ws[11];0.053484887613429136;0.9778493720626802;0.009589853287586981;10424.148314188626;5278.121429698361;1.0000617978224644;0.17234133120622164
σ_ap;0.2136432393966755;0.03330111052490029;0.0009510966401711881;1229.4200602442227;2169.904597012428;1.0005086779473038;0.02032587060428969
a_ps[1];-1.0689696831302289;0.19511226949651833;0.004693953595873783;1727.5461901450376;2650.05870301378;1.0001460021158042;0.02856133673046326
a_ps[2];1.089364340665982;0.2000459831808664;0.004629972641562432;1843.2183757653559;3921.3946141780943;1.000062863368882;0.03047373262627036
a_ps[3];-0.875139124172011;0.17493543313951432;0.0040087305282312195;1909.2771324952673;3221.36388781608;1.0006164491517964;0.03156587499891531
a_ps[4];1.2167649580137785;0.21564861632405355;0.005262020985191477;1666.0422479529348;3332.796214457131;1.000190946731676;0.02754449862030418
a_ps[5];0.7017323366792655;0.15801645434206119;0.003063355752778331;2659.176375228608;5176.381880749081;1.0001114462287655;0.04396387912048857
a_ps[6];-2.883296727037014;0.43428333944046627;0.012119117933658994;1280.5178730331331;2169.3457356943063;1.0007994948867518;0.02117066528797437
a_ps[7];0.036115750809831516;0.1238180489665952;0.001533943692640167;6605.064125770706;4280.215590256454;1.0002064968493491;0.10920082004094017
a_ps[8];0.3941226933654231;0.13563408068198785;0.0022250487173508305;3811.235903635164;4196.957697511124;1.000243977784221;0.06301075631084366
a_ps[9];-0.29414033853300503;0.13173725659808652;0.0019700895231576226;4617.2054751057285;4515.3409392381045;1.0002959285413322;0.07633576519141393
a_ps[10];-0.2956343337060511;0.12777727117318935;0.0019377606403690943;4450.740492839432;4825.14818592539;1.000932840642857;0.07358361741125001
a_ps[11];0.5532164875499289;0.14858302024822231;0.0027461848134054047;2973.1732911952654;4462.287857163187;1.000178491106077;0.04915515661015022
a_ps[12];-0.2105204712832481;0.1255046222804428;0.0017300203610510709;5363.886297597577;5582.517830996707;1.000168476571318;0.08868055951473011
a_ps[13];0.36447741283445634;0.13613444680164072;0.002163326096705728;3993.360434949455;4933.80014049701;1.0005918314819988;0.06602180174361935
a_ps[14];-0.15451038474598472;0.1279209479454671;0.0018009247373960233;5179.802966760728;4419.04929101374;1.0001876132254623;0.08563712945856755
a_ps[15];-1.0763089994615451;0.19863355069265243;0.0049484654143489605;1604.254236898152;3246.6847035893848;1.0004836160720831;0.02652296402996534
a_ps[16];-0.507645758820692;0.14319460432191086;0.0026643420733720126;2899.709761835559;4241.281064675948;1.000000071598575;0.04794059192214342
a_ps[17];0.055077805315370765;0.1239112238765434;0.001567308664351323;6285.951268304085;5631.633515085422;1.0000714190842839;0.10392496123663272
a_ps[18];-0.06718882652790148;0.12609729937576206;0.0015763626309510841;6464.04250457083;4214.093699700086;1.0003718567865418;0.10686932463297812
a_ps[19];-0.6078551966439506;0.15129091893176222;0.0028803099178997178;2785.7239658059952;4203.360575998443;0.9999306130952315;0.046056076925402895
a_ps[20];0.7709427008510386;0.16831140988671114;0.0034368313714841065;2398.495878982921;4181.603924110283;1.0006397207473439;0.039654076306062956
a_ps[21];2.14750259542445;0.33508830296102476;0.008879686553961149;1418.5214904005738;2901.0266270371185;1.0001653675401871;0.023452264360774015
a_ps[22];0.2803849310045983;0.13263698198586663;0.0017710690326994596;5682.4759318625975;5521.066325794067;0.9997602000777762;0.0939477679257043
a_ps[23];-0.6407256196159248;0.15413476235191909;0.0032265674157797328;2323.5997099871392;3842.8758465499927;1.000293315982029;0.03841582593990018
σ_bp;0.05525760332013441;0.01059105749943079;0.00023044905445543135;2174.107223807312;3375.3105854160576;1.0003517173236107;0.03594428262556616
b_ps[1];0.1121466345035543;0.404166950124492;0.004418308761036695;8367.939528347802;6182.156761686963;0.9999767421897762;0.1383462508688292
b_ps[2];1.7726859257759602;0.4588280657208594;0.006328343354301363;5256.6683067471995;5918.864770444064;1.000312197100065;0.08690793591849257
b_ps[3];-0.3189576995746497;0.4179901535573226;0.004359753399929765;9269.774106423854;5799.3726013362575;1.0003379068617777;0.15325618566915017
b_ps[4];0.19288210859515784;0.4066586282256186;0.004231565242724077;9269.565844978342;4763.502093710115;1.0003519826579013;0.1532527425049053
b_ps[5];1.0021553144835644;0.42758978402831194;0.004921053161490846;7597.240336101583;5756.889543054945;1.0009307801995904;0.12560436340254255
b_ps[6];0.8536032970839622;0.43344494988696347;0.004879631006315903;8094.900139003404;4964.265268715607;1.0001654280443184;0.13383211979422638
b_ps[7];-0.10790411697985718;0.41492976794080916;0.004442710304451588;8774.326997282637;4557.835349039021;1.0009136493686694;0.1450650115071853
b_ps[8];0.9834315820857469;0.4390722478763927;0.004725194869001248;8740.2208918543;5620.938277056734;0.9999240206713259;0.14450113890727428
b_ps[9];-0.5809399758306811;0.4135815376573757;0.00467863495996934;7959.993315357648;5196.352171317973;1.0004069266199107;0.13160171968141657
b_ps[10];-0.9875900138812266;0.43303810126695164;0.00530609069776058;7008.028273920582;5096.991431310148;0.9999946364918298;0.11586298328222903
b_ps[11];-1.330915614757341;0.4555996679178114;0.006041719273783823;5868.510494202526;5112.317722135992;1.0005997832781748;0.09702345748399564
b_ps[12];0.32106307681826357;0.4064281800043199;0.004161440824725779;9524.491838606951;5403.309296559538;0.9999803404367796;0.15746740674190804
b_ps[13];0.49534078515661545;0.41451668335897524;0.004242837596202428;9516.73789985089;5996.38000646639;1.0010115654077603;0.1573392117002573
b_ps[14];1.4529380594493038;0.45305253599466594;0.005471945962383542;6963.863194150166;5757.471455506719;1.0000946065616407;0.11513280673340709
b_ps[15];0.7955903312775845;0.4260485013936114;0.0046179197062239516;8523.61319637654;5202.828280047959;0.9998427898061786;0.1409199870027741
b_ps[16];-0.2475861199676964;0.41144799867618304;0.004319252289948455;9090.331126608067;5676.234288980744;1.0000475198676329;0.15028947404101933
b_ps[17];0.9147179026819346;0.41794005436874576;0.004610658736451761;8352.386904747951;5616.575927120235;1.0000694376349057;0.1380891210032363
b_ps[18];-0.23437485315107648;0.41320839832963485;0.0045344652259053176;8377.562934760774;5477.43475337545;1.0012397558722734;0.13850535361966906
b_ps[19];-0.6640051633788473;0.42864445556027164;0.004590062912044516;8813.955475177921;5364.981136153079;1.0005305454263316;0.14572018490152905
b_ps[20];0.017626910821551857;0.4104883020257658;0.00414081001445419;9790.798538908854;5555.910433675575;1.0001750372182696;0.16187022698734682
b_ps[21];1.7680291914854414;0.45793406301055883;0.006136142978108327;5648.010897465875;5198.481064246575;1.0003823045734164;0.09337796119147793
b_ps[22];0.5947362427311847;0.42408324963460003;0.00433413203849165;9577.663834998044;5312.529824523252;1.0015588349168252;0.1583464936816497
b_ps[23];0.8695952371741539;0.42278351414698934;0.004679549438666561;8212.066489237726;5984.479379636165;1.0006122855995674;0.1357692185540812
σ;0.9800973596695044;0.0034709880081868435;3.136481945309502e-5;12285.236194638166;5246.562636350317;1.0003984342692769;0.2031104984457041
