parameters;mean;std;mcse;ess_bulk;ess_tail;rhat;ess_per_sec
σ_aw;0.06477028004799959;0.01947990662093494;0.00040775943150432153;2399.172475910062;3963.533156386124;1.000864279967503;0.04055053896919155
a_ws[1];1.011483010772253;0.49266639682479174;0.008563839284064952;3317.7483325413978;5237.629688235492;1.000638094251653;0.05607620310734742
a_ws[2];0.5591863693774873;0.4285023610677672;0.0077409410117410616;3050.1156045795947;4719.395228168938;1.0007665824838026;0.05155270532900221
a_ws[3];-0.9963596829146361;0.5078215411148926;0.008485448912204804;3565.374620028699;4622.820719927936;1.0010605296388402;0.06026155431547226
a_ws[4];-0.6672689608614734;0.44929097242483923;0.008284714231695266;2936.837528945484;4579.369230523049;1.0011114030598205;0.049638092241998694
a_ws[5];1.698839920427432;0.5367207324955285;0.011539396118670777;2151.2564304500743;3733.066554343238;1.000705652256489;0.03636029030493088
a_ws[6];-0.3932221400534562;0.401055503315442;0.007727473850348276;2681.473807172608;4255.439497960723;1.001324763840995;0.045321963803945965
a_ws[7];-0.7928442088492554;0.49462984247957664;0.008239877368497663;3630.451025628362;4610.433441583027;1.000914468551858;0.06136146828486834
a_ws[8];0.12839846448718706;0.33465085470302147;0.007367694625632199;2058.1795657765724;3642.4586558320657;1.0010444012398947;0.034787115776642195
a_ws[9];0.412572464145402;0.4335718918847161;0.00757252537224478;3259.114788560191;4917.871286074874;1.000224179397286;0.0550851856486256
a_ws[10];-0.4900383058657844;0.5727108775095643;0.008237341920771642;4832.8885782831085;5348.36080827218;1.001118842058664;0.08168493036462149
a_ws[11];-0.85021005696562;0.5711607292106449;0.008252158817505056;4806.910447765945;6007.62990884721;1.000049659921397;0.08124585097184736
σ_bw;0.024049263844428636;0.013167110981807232;0.00027935987006040276;1977.4441489108144;2288.6853266295852;1.002921453376206;0.03342253498860736
b_ws[1];-0.10666067842864647;0.7475261533806071;0.009217144273910334;6706.002688626331;4948.1712964853405;1.0002341697936463;0.11334409096598826
b_ws[2];-0.535046363600959;0.7755471395929527;0.009006633263384209;7437.718385274714;4991.3272002155045;1.001122527643699;0.12571146603770098
b_ws[3];-0.0030032466680764555;0.8950295839499166;0.010044943353451867;7931.7580243159655;6109.16168597534;1.0000447405097168;0.1340616675494403
b_ws[4];0.7331460051942149;0.7785566561131362;0.010071191209458423;6150.002580006575;4948.997068858112;1.0006771643050498;0.10394664067933977
b_ws[5];0.39560153065850545;0.5631680899826816;0.008469913301937903;4711.678558572147;3870.288910613898;1.0023797494178692;0.07963625246542985
b_ws[6];0.390331089383196;0.783825698279487;0.008689536073804157;8177.195953773687;5131.829754150268;0.9998410448118589;0.13821003138027232
b_ws[7];0.0539422326209586;0.8154890162594052;0.00914591585021065;8005.422358118693;5954.275899814562;1.001114681788744;0.13530673369974863
b_ws[8];1.167743359751938;0.6136853126502387;0.008912670884273293;4936.285996019726;3190.7962729851856;1.0007641491409607;0.08343254170117287
b_ws[9];0.6220700251507114;0.8100187729799997;0.009497252067926324;7467.724671493762;5527.600043322741;1.0003393007884662;0.12621862885774152
b_ws[10];0.552723099192113;0.9233095743210178;0.010887681775488607;7213.680429248746;5640.73868123778;1.0009601264135857;0.1219248021118559
b_ws[11];-0.09153225270844217;0.8699211727471606;0.009686702761242321;8059.029058211806;6020.180351496852;1.000107400353322;0.13621278801762796
σ_ap;0.2148681316997723;0.03502841148219557;0.0010330166805051632;1129.100664630768;1976.7615918827241;1.0027936665478836;0.01908393038057111
a_ps[1];0.19428538301444193;0.14592023468498685;0.0026809521621084785;2993.5659031486807;4206.574134894822;1.0014810350134464;0.05059690873888812
a_ps[2];-0.8439627899838968;0.18978518950528808;0.004480555136645595;1814.7728669123073;3326.0898915384373;1.0002499021789915;0.030673083573136847
a_ps[3];-2.0081896116231537;0.3313111627427643;0.009162546943583053;1305.9492314143436;2325.83198646092;1.0016817457118086;0.02207300464305522
a_ps[4];0.40040484997484077;0.1562417648269331;0.00320892653227608;2419.941481069384;3031.7124826607446;1.0019633638234515;0.04090157432055575
a_ps[5];-0.5671262765956937;0.16541817451078142;0.0035537219307908412;2200.7288678678888;3811.1480356001393;1.000961808309082;0.03719646778760686
a_ps[6];-0.420739645410299;0.1567034939192979;0.003146823556518188;2539.9637648670155;3001.1009956321363;1.000318470073112;0.04293017724309515
a_ps[7];0.4897469095278484;0.16214214353072637;0.0033737185894015895;2333.4732746292343;3858.4256968017667;1.0020040160617059;0.039440098578376215
a_ps[8];0.4031043862851199;0.15566422421860376;0.0030946710672579824;2578.9727152708324;3645.941030960924;1.0010122153994843;0.043589502064207565
a_ps[9];-0.24358566176422844;0.14482230419468622;0.0027448343897540067;2812.5958236672373;3704.7529708000557;1.000807903351678;0.04753817313986191
a_ps[10];1.338068053210734;0.24963002266335618;0.006910211640611521;1308.734199059653;2611.3156710209873;1.003163778052779;0.022120075847882302
a_ps[11];2.2666362896406;0.3730436962291004;0.010605599838034874;1240.785860088984;2353.7642745296826;1.0030808141785152;0.02097162078890336
a_ps[12];0.8030736258702511;0.18735560049318956;0.004543288736345371;1720.3987382119797;2965.316173693679;1.0023997484521339;0.02907798283654037
a_ps[13];-0.4475200986675953;0.15560301895566028;0.0032142188673483572;2389.2605821005664;3448.564533867872;1.0004729822057234;0.04038300927292493
a_ps[14];-0.3566093529402075;0.15213833546381225;0.0029741543056275733;2670.7954622646753;3474.573576195959;1.0003022294998798;0.04514147963881676
a_ps[15];-1.1357349194715458;0.2193543402519329;0.005589197200831183;1540.2527530768482;2791.8218750940578;1.0007026186010939;0.026033175985963865
a_ps[16];0.97806150149531;0.20797880834546098;0.005290729744666923;1559.6440013231772;3041.4201676619887;1.0027041718331635;0.026360924647458393
a_ps[17];0.5426328165623915;0.16450023071213066;0.003596229403309448;2128.4716413412743;3864.4814648073266;1.001800874469671;0.03597518440365101
a_ps[18];0.03074466460057449;0.14378991009565606;0.002610858594015249;3051.8100068431418;4026.593008106155;1.0015604042124455;0.051581343922395294
a_ps[19];1.064602332581424;0.2175557972099805;0.0055864839561321;1520.92699436713;2996.2285469610956;1.0031728646679003;0.025706534221131866
a_ps[20];-0.4911417961738756;0.1603572687301016;0.003274806031172235;2434.222349851255;3183.2398055608996;1.0002055994650996;0.041142947932443955
a_ps[21];-1.0049621066794912;0.2039602846559241;0.005054509931817742;1633.3508238017396;3052.015660582382;1.0007370891871188;0.027606708936509343
a_ps[22];-0.9861796643440642;0.20365696322254487;0.004921999962169226;1707.1617342176155;3207.3519600059667;1.0007505348749988;0.02885425250797981
a_ps[23];-1.2515693756176989;0.23478037100607965;0.00601496861063044;1520.197790769647;2892.639379117583;1.0011772376835093;0.025694209305273122
σ_bp;0.04105385636864542;0.009377313834581;0.00019786984868686692;2267.8521553952237;3813.344899440132;1.0015198958219247;0.038330977921391625
b_ps[1];0.37356130999124254;0.5355890187943974;0.005692224328075325;8855.750299644744;5323.928917271754;1.0007636058488885;0.14967887937733898
b_ps[2];1.4377302840128128;0.5471811364754741;0.005763356758422419;9051.796824546787;5964.1237202049315;1.0001941860206884;0.15299243533366905
b_ps[3];-0.5492529292952976;0.5423781497661774;0.006210806417272792;7763.094448997158;5366.1536838789225;1.0002229129693554;0.1312109350771723
b_ps[4];0.5070592904154987;0.536651019793802;0.005830391643382942;8485.386788704624;5696.838733050783;1.0003996733205744;0.14341903764693273
b_ps[5];-0.2827621388307713;0.5439009045662977;0.0062520912519317675;7724.919823135188;5069.067570375653;1.001026258987498;0.13056571191410524
b_ps[6];1.6903862115988049;0.5530777850164481;0.005861683072132193;8878.179613887698;6149.9885676231215;1.000611780760189;0.15005797708306612
b_ps[7];-0.05306699792976586;0.5455835281606917;0.005989575430011916;8229.280224567334;5568.0257533392105;1.000041363062116;0.13909035377214146
b_ps[8];0.8405324027395011;0.5315807560120447;0.005974105756520458;7890.481995992983;5764.24240838556;1.00038268279331;0.13336402483645876
b_ps[9];1.3809378286703178;0.5519273130314593;0.006327994519018759;7624.044918869822;5646.578224613525;1.0000445771117719;0.12886073581192878
b_ps[10];-0.6271220656778812;0.5471964832014979;0.0067632721924666675;6664.813581415238;5390.816429470675;1.0002793567021615;0.11264791738370503
b_ps[11];-0.9626289706705904;0.5573456743303585;0.007190857183417854;6164.144046292613;5307.2931107810355;1.0005820371732095;0.10418565812617672
b_ps[12];-0.7794047630969473;0.5479328124066908;0.00703213991381956;6151.618501520449;4707.826912149964;1.0007758086350507;0.103973952800072
b_ps[13];-0.47210877257976336;0.5493893143137424;0.006655750872228242;6911.952764853827;4500.571345612337;1.0007649686501348;0.11682503561487315
b_ps[14];1.1915857069722198;0.5414632226041085;0.0058523157922984155;8568.611724943734;5686.9282395278005;0.9999774705227419;0.14482569600687092
b_ps[15];0.9889506032845418;0.5327852449686763;0.005807413474072516;8415.114173281629;5057.838377977576;1.0016384398758609;0.14223129793301478
b_ps[16];0.6634835402210189;0.5325873119538586;0.005836797703767458;8341.642528020964;5068.55642262706;1.0012420059159326;0.14098948858242066
b_ps[17];0.6703584520872692;0.5382817702284248;0.005871204564188859;8353.697445939008;5726.390208835896;1.0007667491431622;0.14119323942722836
b_ps[18];-0.5418321794743272;0.5496038004742647;0.006366234538083653;7570.064311847428;5912.427588188079;1.0001873348719688;0.12794836176186725
b_ps[19];0.7374578565158727;0.5426360271092713;0.005644629432897389;9195.60725658724;6211.640881159598;1.000269264785174;0.1554231028188904
b_ps[20];-0.7299844614119243;0.542460076277574;0.0066183747679736;6738.713379212119;5631.465242983896;1.002037762782302;0.11389696331952967
b_ps[21];0.37241170159329506;0.5402161677900775;0.005960571442392832;8275.544557643889;5315.130507268558;1.0006334489147863;0.13987230824191874
b_ps[22];0.2797121448143613;0.5338504986022665;0.006161233991902571;7489.127370339502;6050.149382242601;1.000660504277294;0.12658037482736417
b_ps[23];0.16560069598142152;0.5131603824987728;0.0056642287804996435;8301.440122307951;4399.718607051788;1.0005846063279031;0.14030999211608078
σ;0.9750922727891136;0.0034572725625503656;2.9661578575348404e-5;13631.128449566719;5777.567266278568;1.000115872171616;0.23039177505508018
