parameters;mean;std;mcse;ess_bulk;ess_tail;rhat;ess_per_sec
σ_aw;0.03120489767343051;0.010753523680835405;0.00018308936199146027;3435.7268006758936;4508.822264648476;1.0018201646739808;0.05515575726088558
a_ws[1];0.38873203550261315;0.6780276843021474;0.0077256164094457735;7645.064605812219;5598.4916279713225;0.9998864247010926;0.12273075017461042
a_ws[2];-0.7986751580542119;0.6296121630776377;0.0075252164649538935;7000.114918092458;5756.877155834406;1.0002456686354926;0.11237699084358413
a_ws[3];-0.035927417128801105;0.7003153996239606;0.008109653791863656;7474.8989690762955;5871.585207790815;1.0001588433406368;0.11999898042152521
a_ws[4];0.6030233257316443;0.6408635322260112;0.007629518192874678;7083.32119189304;6007.065237083009;1.0003282868219276;0.1137127504387373
a_ws[5];1.6065073530790415;0.5934558619782928;0.008617387155055247;4667.490450812135;5684.845552761962;1.0008623061568003;0.07492998869172333
a_ws[6];-0.21332894888463363;0.9308898340535334;0.007939442643207471;13645.44819689273;5495.081881098449;1.0012478832448073;0.21905846189974826
a_ws[7];-1.1217030995792152;0.608872515380306;0.007911415663979366;5917.5423989387755;5536.615794967317;1.0004074587553504;0.09499781300208654
a_ws[8];-0.14003818243657978;0.701171403291593;0.007709457897674982;8234.180002138926;6164.667902321076;1.0003950038345253;0.13218816855608767
a_ws[9];0.16022367386454053;0.47536895184908917;0.006812876420955556;4851.138365129724;5865.948618503433;1.001301272301566;0.07787819743217853
a_ws[10];-0.2505217528389495;0.628723088657656;0.007296380759059596;7380.658050290684;5729.816634275838;1.00060757883213;0.11848607513477205
a_ws[11];0.00895678556245777;0.7799454586614353;0.008389040986108189;8640.807137860957;5806.477354743553;1.0008520069385776;0.13871599480500868
a_ws[12];-0.36265230775552915;0.7887192367511433;0.007858137873985569;10072.765454166589;6397.648843821388;1.0000718391339376;0.16170406978417243
σ_bw;0.02361328868383152;0.013707841436662396;0.0003139416180858739;1727.5097048962189;2577.0800980064373;1.002524315874043;0.02773273647087875
b_ws[1];0.3031586939594763;0.7425586581388199;0.009014505353559585;6852.410663812165;5352.943334928019;1.0004835688921836;0.11000580696660028
b_ws[2];0.11993107786085956;0.7786467421213633;0.00844448998811238;8650.907004950031;5170.469357611288;1.000923133916363;0.13887813395338994
b_ws[3];-0.23144716549066585;0.8604957950718665;0.008216019525575964;10937.724106264928;6465.827770698354;1.001735054923296;0.1755897633283895
b_ws[4];0.14185020541191654;0.7621021011785748;0.008717980021375832;7641.867663798463;5878.1961916593855;1.0000241092192281;0.1226794277709626
b_ws[5];1.2915293679039235;0.6211781633656495;0.008410464921843412;5855.065934272187;4314.60887695744;1.0005184208763687;0.09399484131091752
b_ws[6];-0.3975756059196409;0.9872775649385596;0.009779229276885378;10180.02988458564;5846.575563283697;1.0005587156348694;0.16342604921680848
b_ws[7];-0.02630383330326775;0.770564649445611;0.00805815866288965;9111.359711919571;5835.883715836247;1.0000614781243296;0.1462700539776286
b_ws[8];-0.0942781951526702;0.791785072371609;0.008255160189291212;9152.3121978902;5809.149512972404;1.0004673728897984;0.1469274884904605
b_ws[9];0.40597180892259993;0.5889302291120865;0.008390798191182694;5087.235164280642;4077.3612975599995;1.0008108961523192;0.08166839918555377
b_ws[10];0.6823986238096204;0.8184775731595206;0.009035592172750389;8469.416980501113;5417.263262861067;1.0005343313405841;0.13596456709708243
b_ws[11];0.8258050467351051;0.9179276456247951;0.0111742446170831;6847.573289678741;5339.9654925453115;1.0007454039036918;0.10992814973453204
b_ws[12];-0.23459283902430889;0.8386259041962271;0.007786145809153446;11605.68160844355;6156.9447787089775;1.0010105335648263;0.18631288073210853
σ_ap;0.2401866833582753;0.039021745701571686;0.0012412565054435525;968.1643579232742;1840.8577027383171;1.0067723066403658;0.015542515867021838
a_ps[1];0.532258395297882;0.13563326718693697;0.003018788880815358;2041.6680733257754;3149.213151553292;1.003310417464419;0.032776106830584795
a_ps[2];0.4931101451694767;0.13368532811483486;0.0027877405340023874;2355.214517666108;3420.1520643323697;1.0030801794734188;0.037809653610453034
a_ps[3];0.9844574611343824;0.18252163236372493;0.0049753552824863476;1341.70380113416;2518.765410243448;1.0052268657559875;0.021539165790715672
a_ps[4];0.4858639065561778;0.13069045412065985;0.0027895237024605497;2226.67306918501;3828.2241388452576;1.0025461906541304;0.035746101604807144
a_ps[5];0.5243737601731382;0.13479360545457672;0.002971396164266322;2093.6804147831;3914.314441989418;1.0033816614304707;0.03361109175413172
a_ps[6];0.2757247415397471;0.12007208875710638;0.001969208843291055;3798.7154966265784;4130.654917029569;1.0009583430741074;0.060983029789761486
a_ps[7];0.8557171006127394;0.16702781393357116;0.004305694831491669;1510.2251412658866;2849.402666831629;1.004964776769414;0.024244538676521408
a_ps[8];-1.9485533430710673;0.31207708769593184;0.009364189909009266;1109.6993665798188;2420.5906711928224;1.005671702425513;0.017814661190055668
a_ps[9];-0.02818063256743728;0.1127579241436863;0.0013998136992026018;6529.779673132954;5484.553175063224;1.0010346134561658;0.10482642058371301
a_ps[10];0.0926661208003849;0.11253665032603576;0.0014017190703872876;6596.978131834001;4365.841498213797;1.001445565436465;0.1059051972418837
a_ps[11];-0.5448905654451824;0.13467883978076586;0.0027965567689151667;2373.0491176965434;3800.0786028551456;1.0019842601985314;0.03809596300790866
a_ps[12];-1.9614203130779224;0.3125523311790083;0.009570125103633205;1066.7825625637288;2181.0184392169945;1.0060274859602278;0.017125692316203766
a_ps[13];-0.7424268338161544;0.15569866002935245;0.0036263942882800507;1860.509620445606;3594.6393293115575;1.002829949222992;0.029867862889055293
a_ps[14];-2.228548568611993;0.3506767011490069;0.010705137201672727;1070.4117174276992;2149.2691249510767;1.0065303219988537;0.01718395328872927
a_ps[15];0.3045401993642182;0.12005255844244317;0.0020200885421165975;3631.2887939267594;4094.7707505806807;1.0016725898644223;0.058295229766987554
a_ps[16];0.6703777948850205;0.1495882177875841;0.0036293632994211624;1708.9644386839755;2984.8910780839415;1.0029995515480368;0.027435018328289595
a_ps[17];0.5328426773573797;0.13569445010586403;0.003008179757178987;2051.4303164617854;3616.2269564613866;1.0034061152278209;0.03293282590167787
a_ps[18];0.08274726305711559;0.11166346645846514;0.0015071840209633454;5647.8515860236475;4671.768467750061;1.0010928764320635;0.09066830664852216
a_ps[19];-1.5830554372471377;0.26090966480509575;0.007704057886967917;1145.7613417576993;2165.2863445258768;1.0049159997504293;0.018393585436555115
a_ps[20];0.1599314036709427;0.11609310782815438;0.0015353901166139938;5862.409372663497;4242.063568268815;1.0010672631636948;0.09411272987682202
a_ps[21];1.1009416525806646;0.1998015832087953;0.005778825366313264;1185.8255515277006;2515.8286358889613;1.006042212233769;0.019036759925425615
a_ps[22];0.6699150224950952;0.15064845401818958;0.0036534508988964416;1722.2865984586347;2729.1234263631477;1.0031843826291644;0.02764888684966833
a_ps[23];0.09946389299164977;0.10978284848115809;0.001443585200431814;5806.810514937502;5042.726848183756;1.001621574066584;0.09322016848337415
σ_bp;0.05312916198460799;0.010956574981403412;0.00022934806327784695;2298.801431213423;3897.9577182569246;1.0016213092990132;0.03690402092100009
b_ps[1];1.1971572309402587;0.45385114502063933;0.005179710986616503;7635.141370605017;5710.64780999153;0.9998836870338538;0.12257144660244529
b_ps[2];1.3871889207287882;0.4545850880143811;0.005353498393792214;7196.90306279371;5822.684364802867;1.000489545344007;0.11553614748515034
b_ps[3];-1.790364380793831;0.5258532471298586;0.008563917813365306;3819.7711278889;4608.2671162753595;1.0004593987167187;0.06132104830935125
b_ps[4];1.0963276090876584;0.4574442169323538;0.00504013858472942;8260.084390762513;5658.250009880962;1.000242617898871;0.13260402704944435
b_ps[5];0.6406307829904806;0.43416335311382986;0.004584913157328815;8913.266331208915;4994.237813288377;1.0004403649136264;0.14308994360933164
b_ps[6];-1.2609220170733895;0.49481169327426333;0.007130536685847787;4925.426058185984;5675.114423757132;1.0006460676348379;0.07907078176830101
b_ps[7];0.5331986057146694;0.4462424581231536;0.004812138848783974;8622.412069731416;4902.867144990984;1.0013772685333027;0.13842068788120124
b_ps[8];0.09384624023232194;0.43616975772718675;0.004725600199113734;8573.432027943249;5399.944769797991;0.9999364646888651;0.13763438226022906
b_ps[9];0.7291602886780558;0.44615089641425915;0.004675987000743081;9082.049059099603;5218.7818202154385;1.0000022047154766;0.14579951270764804
b_ps[10];0.3931146409675733;0.43864759814498494;0.004990837699887841;7700.861162304946;5730.726774201371;1.0020490879664925;0.12362648534345468
b_ps[11];-0.003027636023386803;0.44459647547468395;0.005401758197118232;6829.640704103921;5132.14013799826;1.0010546369050597;0.10964026731709703
b_ps[12];1.2557089917468633;0.4521552707562832;0.005298516861729499;7299.3852822082235;5522.5278106365395;1.001740742576624;0.11718135525209844
b_ps[13];0.2699483075344664;0.4400743548648461;0.005349042729113741;6811.364913473544;5218.33686922799;1.0001075656269065;0.10934687522562994
b_ps[14];0.23205584310315483;0.4394249061983271;0.004984928090917304;7854.688086271499;5130.409245192331;1.0021883484586587;0.12609596006327778
b_ps[15];-0.5285548100578735;0.45359961018367273;0.005678631614482941;6481.567899284655;5460.77927139955;1.000627500166597;0.10405244842301317
b_ps[16];0.6538371267631048;0.4390023765649703;0.005030441982540484;7595.6076345566225;5335.869696413077;1.0004912975379314;0.12193678812241941
b_ps[17];-0.521192182713046;0.4536609732104312;0.005731787456541924;6398.909783361207;5402.7948641910625;1.0006532731426492;0.10272548873092736
b_ps[18];0.16160177374945317;0.44018247987713555;0.0049398509598843334;7987.295443115261;5509.4411704143795;1.0000711972695724;0.12822478450404629
b_ps[19];0.3247165966889394;0.4268606949239896;0.004788845729404938;7979.713421212419;4988.049549663627;1.0004846714107636;0.1281030658157217
b_ps[20];0.0031686975570691693;0.4458882947201105;0.004973283271387984;8172.746709547571;5179.414038968943;1.0007388989498773;0.13120194352409761
b_ps[21];1.1789346684145234;0.4451509424867466;0.005161683091483604;7427.48176224198;6005.912647332994;1.0000735509033014;0.11923776391571099
b_ps[22];1.4983182536506465;0.4636710748425509;0.005194281410058163;8023.1365737734295;5793.0720463492935;0.9998796484561331;0.1288001634026679
b_ps[23];-0.1994880408121831;0.44962499458486194;0.005298883505416697;7326.893208499663;5960.249198227771;1.0007933818063082;0.11762295628538855
σ;0.9693622047980817;0.003417366538600934;2.9134557059680135e-5;13730.59979371771;5410.326224657429;1.0004525152576924;0.22042545091759783
