parameters;mean;std;mcse;ess_bulk;ess_tail;rhat;ess_per_sec
σ_aw;0.0444255184890493;0.014342735659217808;0.00026288683730684185;2995.931158644766;4124.121584356555;1.0008528967375796;0.05085184498407272
a_ws[1];0.7051457814338619;0.5787306833738672;0.007844172670045824;5421.249126937024;5854.700543035487;0.9999602080118357;0.09201830937522192
a_ws[2];0.8027772340919712;0.5307337229302133;0.007856972680740348;4548.759658548273;5291.324334783544;1.0003540680079392;0.07720899072024626
a_ws[3];0.4848584122789911;0.5899967941048128;0.007834115537156017;5656.955608940028;6098.775568842644;1.0005666587318298;0.09601910540485427
a_ws[4];-0.04833298708983979;0.5230646950534712;0.00790551151483517;4346.32143439554;5878.08828080459;1.0002883777073597;0.07377287798989816
a_ws[5];-1.644281648484432;0.5914351307840614;0.011086475711602017;2752.7142479337954;3361.873168302444;1.0006672233576868;0.046723569671306815
a_ws[6];-0.6906411746854116;0.8620763969271743;0.009051839691948492;9029.012671734525;5730.327139325943;0.9998443003467393;0.15325517457816654
a_ws[7];-0.08470884489432826;0.47377341035531206;0.007335736504303995;4144.739935674162;5636.881674857567;0.9999197949656669;0.07035130700517848
a_ws[8];-0.3834765065110315;0.5969480356812096;0.007728943268807797;5918.663957964074;6280.171802942465;1.000435918633447;0.10046124766076264
a_ws[9];0.5385858446636039;0.41156621034155183;0.0077870462035221424;2733.8131946509106;4296.885344648383;1.0006144040306977;0.04640275007276446
a_ws[10];1.1479733374719259;0.5513996008917804;0.008579872606478097;4157.863140370975;5559.965329753431;0.9999679167590015;0.07057405550492654
a_ws[11];-0.56085556876914;0.6816020089683813;0.008291970566445643;6757.91888767759;5440.369887752941;1.0001074130754162;0.11470645535345746
a_ws[12];-0.16554369048223558;0.6768819508456357;0.007825987658542288;7439.415761649919;6027.589656928923;1.000340709586038;0.12627393523108177
σ_bw;0.021976456460121425;0.010619397435936862;0.00019581718954572554;2548.8942404038753;2434.4565958373632;1.0025105448709826;0.04326400305287605
b_ws[1];0.1461275437517778;0.7416709118592391;0.00799035854556193;8653.57298504295;5906.439945754449;1.0008068057158461;0.1468825979942823
b_ws[2];0.592892232875326;0.7543708686542674;0.008096387449142026;8765.811467832047;5066.425067984023;0.9999473447849644;0.1487876931469428
b_ws[3];0.1641493658793869;0.904691333273837;0.009593854309552289;8879.594682642983;5870.9801588514065;1.0005737531309513;0.15071900801866786
b_ws[4];-0.0562738238924689;0.7632758535600017;0.008464537372559222;8169.096098321262;5651.46472144882;1.0002297682903047;0.13865926366603892
b_ws[5];-1.2173087161891332;0.6263117927509101;0.008597229824273309;5400.382067248973;5178.084022887705;1.00073327611823;0.09166411949957397
b_ws[6];-0.09333593712638978;0.969793935766844;0.009429659049351329;10561.259199828228;6320.594560914534;1.0007843855951446;0.17926296941656703
b_ws[7];0.2967214142634027;0.779852746397755;0.008251752530867592;8945.064656239974;6005.599566413826;1.0000047984954612;0.15183027151978634
b_ws[8];-0.403555110749665;0.8095364492932033;0.008729793951374095;8609.632544778628;6203.278699196162;1.0006622891514305;0.14613676895531866
b_ws[9];0.12368134779326752;0.5662233625178013;0.0071541332350652815;6362.3736237842495;5120.617362375069;1.0011082319939923;0.107992614020472
b_ws[10];0.9516958961906521;0.8349761517737037;0.00888362357695365;8952.651531759602;5373.040676794309;1.0009139567708834;0.1519590483832748
b_ws[11];0.3452560484037973;0.9114303735781086;0.009782828195601962;8706.382173901511;5469.073734548516;1.0004360588712393;0.14777896194370793
b_ws[12];0.1749988802890437;0.8701949246374276;0.009090211129226887;9175.939502009962;5870.99533104947;1.000317137131414;0.15574905711468898
σ_ap;0.2386968113562247;0.037963419134863646;0.0011362797928106115;1068.4297628308393;1926.7423551334805;1.0042035824546303;0.01813513789162658
a_ps[1];-0.43946193512464365;0.13466245885316175;0.002994663353943822;2077.5583524942977;3111.966701029013;1.000654871047151;0.03526371925521684
a_ps[2];-0.9304157692246972;0.18260530503271247;0.005015699754558184;1341.521855810005;2655.084392376605;1.002335086548995;0.02277050367380781
a_ps[3];-0.5778080797842482;0.14634775035242167;0.003572869162721991;1711.25950564683;2889.2550600924565;1.0017287339561847;0.02904629595963014
a_ps[4];-0.5805356515471496;0.14543719710903472;0.003378567725035679;1909.796431464035;3376.6930609261663;1.0008762130665696;0.032416189472082496
a_ps[5];-0.5484800680508732;0.14301025414248805;0.0034292983639614195;1757.0721258623057;3321.793703318464;1.0010346097740446;0.02982390269962126
a_ps[6];-0.6611424931207014;0.15664290813811838;0.003896786200969271;1647.225328460484;3378.1345848736355;1.0020299478122208;0.02795940314416381
a_ps[7];-0.3193069252202133;0.12732443964478002;0.0025723739693230465;2529.6696273735356;3182.1893927372575;1.0007692115663511;0.042937691468954396
a_ps[8];1.3167949553582012;0.22887783682166785;0.006018404088851951;1452.4470406072783;2484.119048665419;1.0035913253108515;0.02465330738438846
a_ps[9];0.16120203219466364;0.12293126070643295;0.0019614119187977043;4017.370971462883;4498.295375700593;1.0006023868303056;0.0681893925682714
a_ps[10];-0.1307473923705862;0.11813380076107267;0.002013809991167584;3491.5691071705796;4565.062019512794;1.0001028183205072;0.059264623112813095
a_ps[11];0.970088599711875;0.18636938626814178;0.004604242822545011;1664.6887149021602;3114.108537551455;1.0033305160686397;0.028255820309046463
a_ps[12];1.7052548607486082;0.2790761079078726;0.007730874630528454;1307.8885278362905;2630.1017146189088;1.0039434743095763;0.022199623807131738
a_ps[13];-0.36524908866745376;0.1310665953248661;0.002785551109208688;2293.166817306211;3356.0312822424094;1.0004813834665958;0.03892337885661737
a_ps[14];1.0019813790305745;0.1900995584360898;0.004701007293176056;1660.0953947569567;3175.693409032065;1.0031290241286521;0.028177854964845508
a_ps[15];-0.48252618458222696;0.13712302953273253;0.0032153915860826804;1869.1054274769167;3280.6360430032278;1.0013430017681737;0.031725515181710864
a_ps[16];-0.08518977177063886;0.11923498819255199;0.0018104660523762968;4394.5021685987385;4347.636411691387;1.0006358653564693;0.0745906802347362
a_ps[17];-1.525000398302806;0.25695887593388766;0.007557474697581766;1166.7932609253826;2284.170882942478;1.0032566040958106;0.01980472410450122
a_ps[18];-0.2920532455328348;0.12425197986324803;0.0024093593434198323;2745.7369428653;3621.478468106955;1.0004082167618473;0.046605139434775546
a_ps[19];2.8098236502131657;0.43379883241157025;0.012690978081071383;1174.9912386432893;2211.9892264817336;1.0042740393088287;0.01994387359426535
a_ps[20];0.36440628513070505;0.12973078780341937;0.002214575672636794;3510.7133806397333;5028.512683321388;1.001217338441101;0.059589571042266344
a_ps[21];-0.4625167014315723;0.13784553027615365;0.0031660656140060613;1952.2197315793642;2987.1044126471943;1.0001839297922268;0.03313626712638794
a_ps[22];-1.0806751636330199;0.19887913544289115;0.00566102474282793;1242.6856258452476;2664.703380330213;1.0025811486366618;0.021092893482240003
a_ps[23];0.20953988231261123;0.12109477622964472;0.0018792368965858575;4178.042389994905;4093.290007108994;1.0016323306141939;0.07091657074290524
σ_bp;0.043249844821211386;0.009076501632369375;0.00018171759317797917;2505.082566956647;4164.389488306422;1.0004411756336993;0.04252035965499535
b_ps[1];0.40860483381619134;0.4977300544325966;0.004942580955213194;10171.241626172574;5949.564337378912;1.0006242084665522;0.17264295308562666
b_ps[2];1.1024169960408003;0.5149667548481417;0.00574191069439366;8321.644909628294;5567.135186004544;1.0016552308107;0.14124857166222093
b_ps[3];1.1501675679852839;0.5203224208394843;0.00574936998486778;8363.133600264717;5285.076631781281;0.9997996285162488;0.14195278559542424
b_ps[4];-0.5135281794008225;0.511160402594056;0.00535257899113653;9109.242190629207;5724.182036725869;1.0003625320059963;0.15461696122877325
b_ps[5];-0.4643144468900015;0.5031824778970979;0.005237469775931453;9243.291560975513;5512.285657181097;1.0007248157386244;0.15689226644778448
b_ps[6];-0.9946407761408254;0.5178063020271714;0.005482920813313072;8825.847873879347;5823.919919591312;1.0001312252866306;0.14980672925026206
b_ps[7];0.7200106097069082;0.500587190405551;0.004881590264807392;10575.005539836093;5620.393623388895;0.9999539758073197;0.179496294788267
b_ps[8];-0.8123683059939892;0.5094138092761106;0.005138522337977428;9902.080125567889;5975.660871385389;1.000098692164324;0.16807430374769547
b_ps[9];-1.3912232835800948;0.5330414343122757;0.006089523706002675;7786.947298359909;5695.501597560132;1.001604851665408;0.13217280903559447
b_ps[10];-0.11770335435388278;0.497901010430668;0.00493051018476681;10200.591343208585;5501.500214656205;1.0008751162503449;0.1731411244994574
b_ps[11];-0.039596280714782356;0.49643709273541586;0.004859401249771492;10392.870000577614;5159.485658184747;1.00033583559678;0.17640479244124632
b_ps[12];-1.6505610876403012;0.5381875437162442;0.0066141748404735775;6814.9219400789125;5268.765743380877;1.0000381366961262;0.11567400441611426
b_ps[13];0.32274769990161006;0.49807571529469497;0.004891816526142117;10374.327808190072;5742.155126309005;1.0002471815392615;0.1760900640169181
b_ps[14];-0.8788328146311494;0.5220303068831601;0.0057244563168371825;8435.489087852544;5675.811402215515;1.001073877727272;0.14318092130473326
b_ps[15];0.8804844586808677;0.5096847915328993;0.005295551239087257;9223.410560627652;5552.30555921022;1.001270691258037;0.15655481358445666
b_ps[16];0.32592705346755957;0.4990537405715655;0.004752719667232037;10995.271669477997;6125.871125735237;1.0002124572936977;0.18662973909820696
b_ps[17];1.5871666785559526;0.5248251976471973;0.006181548680860166;7274.231068945216;5739.889165610521;1.0002320857606406;0.12347015038344829
b_ps[18];0.49548975408832485;0.49244790368672464;0.004859671643450678;10252.660486841676;5530.142063858053;1.00028604825889;0.1740249271905984
b_ps[19];-0.32088899925035186;0.5050379615310623;0.005200561626581628;9431.538977786548;5639.254432243534;1.000261480771328;0.1600875095796918
b_ps[20];0.6185146305802598;0.5100189899453053;0.005419069856116448;9194.114766638484;5020.727563986661;1.0004692344718218;0.15605755744079536
b_ps[21];0.8296249961816045;0.5086614041556041;0.0050553415071394265;10105.624566254419;5383.156295089823;1.000732938466157;0.17152919299483138
b_ps[22];0.5167623076137637;0.5046329576406697;0.005046762114075973;10054.992472756714;5375.3683685020815;1.0003302973156434;0.17066978226960994
b_ps[23];-0.04925180579096927;0.4980163613857731;0.004782119418352097;10847.475539403802;5923.586212114626;1.0002857180287479;0.1841211013833208
σ;0.9729562629845546;0.00347467034318329;3.0156087680028237e-5;13270.498310357641;5656.214220783853;1.0000681403308846;0.22524860793028711
