parameters;mean;std;mcse;ess_bulk;ess_tail;rhat;ess_per_sec
σ_aw;0.06333605643764513;0.01827701972324622;0.0003525234202714185;2771.8605132714833;3900.4464272499295;1.0006893687540117;0.03551744146322159
a_ws[1];1.0020969545744283;0.5018343083172493;0.008499148378689883;3462.1458964077324;4921.906540232864;1.0006965026345542;0.04436246471423752
a_ws[2];0.5485147862742431;0.43402451656014585;0.008107233650956369;2837.3888697101506;4585.909095804429;1.0001576574557016;0.03635709394676037
a_ws[3];-1.0268884313684796;0.5183357936236468;0.008547438350675991;3691.051988530943;4814.060370105272;1.000310521735106;0.0472955700016913
a_ws[4];-0.7004150192012507;0.46479183661990964;0.00868332863372688;2834.93777644085;4850.947279079556;1.0005838176824522;0.0363256866803065
a_ws[5];1.7089872841397056;0.5335317613453561;0.010837262039053386;2354.5008372635034;3170.63972808285;1.0012330309267687;0.030169572120320533
a_ws[6];0.16573799911121317;0.7799568802313626;0.008377244268840525;8654.574260108519;5427.97490523058;1.0002406753894306;0.11089603289947447
a_ws[7];-0.41756423339939025;0.40116677339600415;0.007952612027567398;2524.1698697427187;4466.430038508225;1.000064278358803;0.03234363892503487
a_ws[8];-0.8191958183978761;0.5070473877843544;0.008225753729056758;3791.0167929602226;5053.085479735049;0.9999747318461623;0.04857647648046244
a_ws[9];0.11146637777930528;0.33721320808495314;0.0077416630606667895;1889.5215304199987;3806.9582877569605;1.000601842770725;0.024211525085359214
a_ws[10];0.40293976708737955;0.4452417009860113;0.007891420490463492;3172.3430212335998;5058.705644370674;1.0000842351961738;0.04064905395435689
a_ws[11];-0.5065439197029228;0.5719935268872344;0.008082809780113408;5000.9622573439665;4703.619857408025;1.001018187741073;0.06408020294836464
a_ws[12];-0.8698943713517465;0.5793277535638759;0.008489546233524442;4611.149676982055;5180.145501438481;1.0005037849276064;0.059085310370494325
σ_bw;0.023646659012581443;0.012853154797391715;0.0002709389010198099;2016.8908093569241;2567.746742759316;1.0025620921897709;0.025843580842564596
b_ws[1];-0.08559264958034507;0.7380822391967827;0.008175532777227311;8306.397514186367;5382.71687561326;1.000989730329392;0.10643464419216551
b_ws[2];-0.5341091647862037;0.7712388044512498;0.007973526271602445;9322.639394485;5429.345690867606;1.0005986934131106;0.11945633533541165
b_ws[3];0.007280745884488484;0.9079634456721899;0.009424229185759933;9271.958682816115;5805.116662977902;0.9996877715981591;0.11880693425574133
b_ws[4];0.7365485242506257;0.7990681569634256;0.009716753130574527;6928.65832116298;4761.635021718888;1.0002184034901846;0.08878088026519206
b_ws[5];0.38859049577759547;0.5726576544708109;0.008673183587842328;4890.402448143011;3232.4696377314613;1.0008927523373168;0.062663536585581
b_ws[6];-0.10843245739797683;0.9471391056722036;0.008507455799420504;12436.464976274314;5540.821626743907;1.0004872351602767;0.1593555717141406
b_ws[7];0.3866506780831702;0.7925494591060918;0.008742944963048168;8369.791206039643;5010.431192386262;1.0012535324401695;0.10724694399179678
b_ws[8];0.07225960481687675;0.8173823337868443;0.008663731269686397;8943.414005430877;5583.287930248997;1.0015768815557797;0.11459710252315143
b_ws[9];1.1917491702974452;0.619461585053023;0.00847965270373395;5683.55548340141;3724.6051987738097;1.0010402662926043;0.07282666217082853
b_ws[10];0.6361066595595457;0.8215136179151681;0.009496745383591312;7626.3682837470615;5099.40472807441;1.0019467707580367;0.09772103891882468
b_ws[11];0.5548439778507738;0.9401232205327764;0.010187973460210296;8565.944676654364;5167.778580449882;1.0004601596826652;0.10976037112025769
b_ws[12];-0.054367145215510386;0.8860472994918008;0.008559597451662638;10707.945019625273;5331.066301110057;1.0004536801420771;0.13720705230475874
σ_ap;0.2144602561525233;0.03409042534212369;0.000978258944978208;1177.5794704971217;2518.6350738555184;1.0023798101966865;0.015089002390783935
a_ps[1];0.20303054151091676;0.14442248306680738;0.0026874939401863958;2898.5493075440922;4101.905420995242;1.0000060389466974;0.037140777779417676
a_ps[2];-0.8366231255827145;0.1882735589991427;0.004734200210607285;1591.4664595518216;3197.621724201806;1.0023276749997;0.020392374200352177
a_ps[3];-1.988533511988088;0.32678652121448915;0.009152096814348146;1279.739707853316;2516.138383174034;1.0026403999211722;0.016398040213139925
a_ps[4];0.4058662034852605;0.15876363150165548;0.003181022892901776;2502.461014024526;3672.06710738903;1.0010548943714344;0.03206547088284345
a_ps[5];-0.566826585510166;0.16413799717034513;0.0035909111708463527;2099.1129387792785;3406.0262452555985;1.0018041444976367;0.026897140231558956
a_ps[6];-0.4156201274133151;0.15634126412904387;0.003227500642157114;2374.4726876626114;3564.8738225576785;1.0008270442639917;0.030425482915278006
a_ps[7];0.4927699960923019;0.15922028902088373;0.0032082252734238277;2479.2493087526964;3802.427446989203;1.0006979477640732;0.0317680459657863
a_ps[8];0.4143538773791383;0.15806632795308134;0.00312390955525055;2574.6403801823785;4327.3534968576105;1.0008336189857003;0.032990346575573835
a_ps[9];-0.25047698833754467;0.1459942165319966;0.0028381475977124716;2702.7278117733326;4459.46474993483;1.0008276647781598;0.03463160443538467
a_ps[10];1.3540078385814025;0.2516677466094458;0.006474645179479165;1501.9197839020367;3020.6197735181727;1.0020451504749865;0.01924496119187305
a_ps[11];2.2819340296746087;0.3745136755025904;0.010205357575022448;1339.1398582104118;2821.276857212851;1.001796382936332;0.017159168470897993
a_ps[12];0.8122920544141753;0.18719630685293087;0.004355834613557343;1852.4797328913724;3414.539258995837;1.0022718600056078;0.023736887249466553
a_ps[13];-0.44445478120442433;0.157765658722036;0.003306239928614217;2325.39401353366;3534.8360367075766;1.0010072148294655;0.029796609663135097
a_ps[14];-0.3621781148696201;0.1525534360924439;0.0030504750683364515;2513.7791308429746;3944.765848220399;1.0000670583801181;0.032210496417010286
a_ps[15];-1.1356470445814602;0.21774828412905686;0.005599998379278386;1515.4784489922665;3334.1567844498895;1.001932369396249;0.019418696158461715
a_ps[16];0.9829284210840481;0.20759215741836862;0.00498040407817292;1728.724757838638;3078.7714808088526;1.0020890907553521;0.022151143644702616
a_ps[17];0.5524695812186026;0.1671795978343363;0.003576654026965861;2179.6815750942383;3862.67472696316;1.001335890384657;0.027929512463273742
a_ps[18];0.03230658464874765;0.13962001702478946;0.0025182331209833275;3079.0217077039556;4307.105095171799;1.0008817985914302;0.039453274341822164
a_ps[19];1.0733259018137242;0.21718911079664038;0.0053048974881332485;1668.056325573031;3057.7522611634686;1.0023499945231134;0.02137376416209801
a_ps[20];-0.4854329173766924;0.1593427570858162;0.0034614452199442773;2129.398062080693;3812.0437818114738;1.0007470163804577;0.027285200918204005
a_ps[21];-1.0011892296838787;0.20269365093913275;0.005240048426311997;1505.9343749777618;3374.7992108176854;1.0019764183701527;0.01929640245410401
a_ps[22];-0.9764247235966391;0.20037676578745003;0.005061346070318815;1588.1155268906473;3348.3306203687025;1.002383550578694;0.020349436774723933
a_ps[23];-1.2418485308231524;0.2310903029210326;0.0061929991459049785;1394.7695868296066;3330.6263251106798;1.0021691338050316;0.017871984148449958
σ_bp;0.04101070645115369;0.009324830925587311;0.0001840344615334721;2591.9750970633704;3931.6363097474846;1.0006568262987308;0.03321246626347093
b_ps[1];0.3692268993318927;0.5324410520923342;0.0056088926203020075;9062.435649515968;5445.560577415221;1.0008627965493202;0.11612219523846246
b_ps[2];1.4323666856520332;0.5482066869367521;0.005742644339196109;9109.358148882233;5844.171018275983;1.0004670486600307;0.11672344018443645
b_ps[3];-0.5601426263475674;0.5485917255314301;0.006393407753667293;7500.156811591162;5700.247871920376;1.0008497672823657;0.09610381880517853
b_ps[4];0.4948326008851622;0.5311319826141186;0.005562338871331781;9126.706826476362;6127.143418145346;1.0003531994846233;0.11694573875897278
b_ps[5];-0.27184580741021036;0.5379906689942587;0.006122371082895934;7932.6965521979055;5133.246525032462;1.0001043712846305;0.1016461990382247
b_ps[6];1.6795604679200564;0.5547189774983966;0.005909938697397168;8798.372988190838;5446.763468112522;1.000931339980954;0.11273860862891534
b_ps[7];-0.03085611672366639;0.5410201008723055;0.006085100151218543;7900.234161306256;5132.325294628114;0.9999911529924752;0.10123023977089145
b_ps[8];0.8324785658095357;0.5310709256975386;0.005666572826618297;8807.598021080132;5656.740018945005;1.0001409429230044;0.11285681427601518
b_ps[9];1.3926890969443133;0.5430823550510444;0.005783662290482901;8845.810722263726;5574.925625139567;1.0003363772477507;0.11334645557323834
b_ps[10];-0.6380518878121352;0.5503675561568105;0.0065214057270035234;7225.08919037467;4877.302745814577;1.000780994625835;0.0925792193211108
b_ps[11];-1.0155296699607925;0.5615631424864367;0.00698985703185961;6556.960032885111;5752.100663068238;1.0002919263230954;0.08401809652023819
b_ps[12];-0.7741967781253308;0.556498788856017;0.006844695377642377;6688.879166784303;5114.310043800859;1.000359947545696;0.08570845218341458
b_ps[13];-0.45779682264385474;0.5390705856429847;0.005938939096728392;8294.3934458042;5806.004194465609;1.0006740399182246;0.10628082916646608
b_ps[14];1.1731558228988115;0.5618826199258564;0.006278203461137886;8051.7766123523525;4954.3134158090115;1.0003292636850123;0.10317204027219816
b_ps[15];0.9991246274041343;0.5254834072168041;0.005431357988456031;9392.379001975129;5667.015194780307;1.0021326919481672;0.12034994899845101
b_ps[16];0.6606667997311574;0.53505717342584;0.005537421409727753;9315.093462629187;5999.620275398424;1.0013136883186797;0.1193596449746626
b_ps[17];0.682060368395686;0.5375360318198479;0.005734292368382096;8742.613395465381;5456.788125195233;1.000308717731008;0.11202412892795012
b_ps[18];-0.52762512177189;0.5483896306756247;0.006161055511906032;8043.259728931371;5849.363006439109;1.0001715059789016;0.10306290855113735
b_ps[19];0.695182521131572;0.5200128485037613;0.005100904186756267;10362.16731387806;5935.589091692695;1.0008337624957862;0.132776403877696
b_ps[20];-0.6971582714041111;0.5561406334504729;0.006515011121022747;7412.075400207141;5050.757411930492;1.0004501717525673;0.09497518106967516
b_ps[21];0.38101892696401685;0.5242708598393548;0.005470713671480017;9166.890600857965;5260.977664916462;1.00015792005529;0.11746063654965756
b_ps[22];0.2537763462165999;0.5348326925951165;0.006026173010260785;7943.115352249938;5446.984494325436;1.0004547352915338;0.10177970110991745
b_ps[23];0.18763065406495547;0.5427291484968618;0.005996694464299702;8228.899310085897;4999.506016894821;1.0003272154915055;0.1054416151726805
σ;0.9755775736761607;0.0034632517049455196;2.8789103257156655e-5;14487.498668762411;5502.466547261876;1.00063790329381;0.18563664493671167
