parameters;mean;std;mcse;ess_bulk;ess_tail;rhat;ess_per_sec
σ_aw;0.07638782674307673;0.02434392543437657;0.0005920320830984145;1798.0633384555254;2714.0281246686773;1.001048790683504;0.026620489469532223
a_ws[1];-0.41178052123196224;0.42636544047960173;0.008591277873084236;2433.412180420613;4222.079594936862;1.0022094026405455;0.036026886227245467
a_ws[2];-0.5893269966828985;0.4028520500601365;0.009470449669679686;1782.8951430384318;3458.4726339775434;1.0041525023232143;0.026395922971936325
a_ws[3];-0.2674318129593159;0.4863622419885514;0.009063647026856542;2870.4157851530485;4538.591019668072;1.0020287761768705;0.042496763905703665
a_ws[4];0.7962286593591984;0.4674037747663739;0.010548583033419302;1942.304127032843;3572.356853025442;1.0021737935407842;0.028755987319512157
a_ws[5];-1.7672794960144278;0.5568758783541728;0.013635761065499349;1603.9152533438973;2205.509184188694;1.0039995412449245;0.02374610960498121
a_ws[6];1.8096846816944805;0.7313472910831736;0.009025865175471376;6592.14734588552;5045.690067622935;1.0005140275710076;0.09759733444845546
a_ws[7];0.14940241689268913;0.3757368587067103;0.008628027939385509;1877.3243544851891;3807.3376204932406;1.003292237435665;0.02779395594172807
a_ws[8];-0.5362499735206718;0.480255838677294;0.009238411361384565;2688.263568812516;4322.018040371464;1.002144983437039;0.039799983957389824
a_ws[9];0.5181702983341385;0.34863293570166076;0.009549838898698785;1307.5371909338226;2729.1897148703533;1.0039306381086714;0.01935820573049102
a_ws[10];0.2364257765911634;0.40020134224228565;0.008689427295026501;2115.0875152259673;4373.065272137889;1.0038577556671213;0.031314060924336355
a_ws[11];0.23134947652077437;0.5516415324456224;0.009036358183129041;3732.8902139710112;4920.992570475626;1.0018352208814332;0.05526577540771828
a_ws[12];0.06916942057904735;0.5558468377433137;0.009503401028748226;3461.5534985770196;5151.218259400536;1.0015073700418413;0.0512486109283804
σ_bw;0.043330209262554806;0.0129290394798005;0.00026071523471002617;2698.5178311600416;3248.9411225962567;1.0010373402081858;0.0399517992338609
b_ws[1];-0.2957408903732248;0.5171893863805571;0.007516378084812499;4799.683566061154;4533.825877511707;1.0008545671454436;0.07105974694816246
b_ws[2];-0.9312055040560617;0.5674433657412933;0.007798260148885104;5354.9098215827125;4895.16838815839;1.0002281966444586;0.07927992160620054
b_ws[3];0.1428738279825423;0.7725352542045802;0.010304414831911544;5615.179008710627;5431.691552461804;1.0009530496125476;0.08313323033398635
b_ws[4];-0.37394062218573204;0.5705663545622828;0.00885034941233386;4179.701156967712;4622.440963083409;1.0001911166522282;0.0618808516113921
b_ws[5];2.1035661728714263;0.5792994017343348;0.010522364156052247;2930.7223832248683;3119.639101998106;1.001070428782918;0.04338960851500045
b_ws[6];-0.05913097782780772;0.9121966875791514;0.009982434383457523;8340.80518172512;5319.294118481253;1.0003429770081478;0.12348637100751686
b_ws[7];-0.15341657251185312;0.5752505294099218;0.007589513947942399;5751.407208937872;5186.6424161767045;1.0002678659763302;0.08515010109267593
b_ws[8];-0.49850919413017103;0.6434961649824954;0.008815537883553208;5360.4095435059635;4959.102524578817;1.0002255658566905;0.07936134548399842
b_ws[9];0.17378719784541893;0.3348312769709964;0.00581396170143134;3331.774243154379;3913.1529509861657;1.0016460816635242;0.04932721737763391
b_ws[10];0.16359939395051756;0.6009184213509221;0.0077707080287068965;6010.658525553962;5461.463227991244;1.0006608210104428;0.08898834015597225
b_ws[11];-0.11628004702015145;0.7886367447501588;0.009510288027500197;6872.3986885333015;5943.847992753303;1.0000868506899834;0.1017464807861956
b_ws[12];-0.32892060686513697;0.7363275782707606;0.010221382150596044;5188.476139743393;5846.495513078859;1.000863005234596;0.07681585597512841
σ_ap;0.16306103542203654;0.026384874761416637;0.00076057847211508;1186.3795041959777;1955.9890025482364;1.0011884864200602;0.01756445527967093
a_ps[1];0.1539479432447252;0.19561615918890268;0.004412734890143302;1961.8832546554625;3342.5966913873262;1.0029227990684497;0.029045858065193598
a_ps[2];-0.23677141395263265;0.19648545768830178;0.004327174666365263;2071.492980027819;3543.0475077781593;1.00467271987956;0.030668639909207773
a_ps[3];-1.4716559055220655;0.292187928574542;0.007467554500563277;1531.147899523543;2956.332639283515;1.0029179789337739;0.02266878238592764
a_ps[4];0.3466575893300759;0.19617438574391688;0.004732999180716979;1717.165212876623;3246.748669006688;1.0030666338245895;0.025422785443194703
a_ps[5];0.47378307258464314;0.20511886239148272;0.005080972851760127;1612.573413357419;3291.4163726847482;1.0030265823323017;0.023874294442820933
a_ps[6];-1.9964054872038162;0.3522243494887387;0.00930753740180335;1435.861661582432;2563.49792335873;1.0027760789060178;0.02125806106179369
a_ps[7];0.27964906815761686;0.19875712282161181;0.004638325842401652;1842.1681160601934;3391.7030542149664;1.0022699139049571;0.02727346466938788
a_ps[8];-0.0207652481156661;0.19338821466290523;0.004217666693770286;2100.3978245981193;3812.1588701593473;1.003222720563419;0.031096578733188846
a_ps[9];0.5541102851540012;0.21041883470743236;0.005120662988331911;1700.7547880868638;3224.4063899662974;1.0028199128818633;0.0251798276279925
a_ps[10];1.2548902905766253;0.2640056993221978;0.007358500541689184;1293.9306643097116;2430.919373406613;1.0012397031442968;0.0191567598798542
a_ps[11];2.1810815216601696;0.37553942755223224;0.010870349056023406;1192.3599519469828;2179.083832628135;1.0007373835193143;0.017652996346592113
a_ps[12];1.0919665638019462;0.24993872483545163;0.0069557027670879125;1302.4393953840552;2663.131885371705;1.0016845682124256;0.019282732408807606
a_ps[13];-0.6806638292210055;0.21425560058457893;0.004919858353360789;1903.7054723557474;3860.838476804549;1.0038057374878917;0.028184530764899157
a_ps[14];-0.5542317298226008;0.21041467002232928;0.004694207006449387;2013.1914639366473;3804.4049852898233;1.0036678667438845;0.029805480719000417
a_ps[15];-1.6668328313738805;0.31168851556559374;0.008059403486560038;1494.822232376047;2813.077497233752;1.0032141598617446;0.02213097761615558
a_ps[16];0.304905536198798;0.19645046794386062;0.004633881438893259;1795.0864118998397;3362.5238965817593;1.004095240009472;0.026576415804087674
a_ps[17];0.0917014506104674;0.19188770891356952;0.004549878786499531;1773.378956942662;3225.491887016341;1.002997043959676;0.026255034980765698
a_ps[18];0.5688839468232723;0.21124361935421238;0.005252189039833767;1616.1554332660317;3163.9775476652367;1.0016520279663064;0.023927326569786377
a_ps[19];0.8984139546100105;0.23422999368551994;0.006272732043209999;1399.5400476421155;2844.1631560935048;1.0017931935151614;0.02072031630011853
a_ps[20];0.5935112372065198;0.2115469034299742;0.005333978670638355;1563.2190443027732;3297.954703663117;1.0023581493745146;0.02314359856932454
a_ps[21];-0.36226883853567804;0.20032203462673262;0.004436300410416686;2020.635292184994;3918.5530606038096;1.0055517234353448;0.02991568726582225
a_ps[22];-0.49202546647548867;0.20471418777299555;0.004684312591820547;1919.0725625884545;3720.581233950917;1.004417972184769;0.028412041918131677
a_ps[23];-0.8370291901262686;0.23113319066681873;0.005495416751711988;1786.5902873006385;3470.674137609513;1.003870258032222;0.026450629915132758
σ_bp;0.05475625181575063;0.010410233996555478;0.00023679150350161936;1966.2283839084346;3452.2080964173883;1.00194543055023;0.02911018809464732
b_ps[1];-0.3673395214492508;0.4409410368186848;0.005454611879333708;6556.624091128168;5391.345989824814;1.0001848394834898;0.09707140946630002
b_ps[2];-0.6680834645651348;0.4301921501485023;0.0056688872482502555;5795.4105818318485;5479.350913099318;1.00065796779418;0.08580157498666799
b_ps[3];-1.0080162154089278;0.4445096105231746;0.00614237320817793;5289.7844269760035;5377.084440135854;1.0007081303877696;0.0783157342807328
b_ps[4];0.7508215893080304;0.442204297418687;0.005501579436367106;6510.730266337516;5618.513332259716;1.0025809675051256;0.09639194726192321
b_ps[5];0.22969301673129253;0.4306793244446096;0.005624815978187962;5862.461510959556;5785.538669719818;1.0004756332836848;0.0867942700239294
b_ps[6];-1.520655465759504;0.48163342889359034;0.006868029222117405;4991.806810506836;5127.520977609705;1.0012975038857896;0.07390414886451083
b_ps[7];-0.17833436708963954;0.43409563865356093;0.0054732034202749575;6289.669487275915;5621.950844054714;1.0013197864019339;0.09311912254252777
b_ps[8];-0.22068655553375444;0.4325521882989219;0.005605522034654218;5984.0423281789135;5541.71197092377;1.000480347824236;0.08859428495959074
b_ps[9];0.5269248393547274;0.439101870170358;0.005678348654101236;6029.48199255347;5015.810846302257;1.0012279106947515;0.08926702327815353
b_ps[10];0.8489364730223995;0.44520747257600113;0.005757369402458684;6015.146321390298;5839.772189794651;1.0000316275774102;0.08905478237702615
b_ps[11];2.100298338008227;0.49527273419621093;0.008063348308548884;3740.2130021568837;5231.6906738998705;1.0003055591080654;0.05537418994552709
b_ps[12];0.8060278587880769;0.43762249158903516;0.005680211570564025;5944.527643431978;5705.233132507611;1.000177128706599;0.08800926649739282
b_ps[13];-0.38245082561007593;0.43460632754768214;0.005865248757954756;5522.873212534749;5080.562385176328;1.0009633831154572;0.0817666347182905
b_ps[14];0.19114295287347957;0.4364760305359113;0.005782776834649872;5696.62132836261;4799.133545855255;1.0003289144777523;0.08433899120252848
b_ps[15];-1.1948898944348552;0.46329187867831;0.006704438120435051;4815.677833955834;4901.769505326023;1.00033600171161;0.07129654352309787
b_ps[16];-0.8540010299130452;0.4430619350778885;0.006174156445170766;5274.862282052629;4744.820086487519;1.0009189422266287;0.07809481058282973
b_ps[17];-0.041979173271792236;0.42759197812968835;0.005654406864782911;5757.002350840413;4973.596169443475;1.000352444922521;0.08523293767185064
b_ps[18];0.5584375056867582;0.43891261911696655;0.005722293259990625;5926.9225879832275;5338.756639150446;1.0013687713093258;0.08774862206782198
b_ps[19];0.6290032930373027;0.4393611321848331;0.006092477425860796;5223.957715151739;5563.891388441481;1.0001571664112348;0.07734116389077259
b_ps[20];0.8680118690381444;0.4452717171997732;0.006742230060205423;4410.800775999242;4596.922698030997;1.0001444306829752;0.0653023022595801
b_ps[21];0.8702802805630038;0.45034398178661766;0.006285802133317541;5159.583463014149;5707.718124324471;0.9999712414187674;0.07638809729712873
b_ps[22];-0.8950355417512831;0.45431844799435833;0.006163576560338535;5490.85633779257;5525.771914280324;1.0013637546005913;0.08129262200767398
b_ps[23];-1.185842911631837;0.46716534719056413;0.0066052071231999234;5216.90191880761;4046.479122623951;1.0010233594053586;0.07723670219119787
σ;0.9874466120710691;0.0035271707878331165;3.2136458877630195e-5;12019.370030530741;4896.845275450181;1.0014429188428025;0.17794785449715622
