parameters;mean;std;mcse;ess_bulk;ess_tail;rhat;ess_per_sec
σ_aw;0.05473109093291474;0.01617401171320832;0.0002894147936494611;3157.049401964776;4360.0098978102205;1.0009635451382026;0.0563243785627092
a_ws[1];-1.1986798334177902;0.563955904806172;0.00832332201963526;4529.984325913866;5496.088720313837;1.0006125569789819;0.08081867578540933
a_ws[2];-0.1179570700351677;0.4585237319770543;0.00752839048560567;3705.8591266075146;5249.642504535507;1.0009736370900382;0.0661155990201516
a_ws[3];0.5546186220324613;0.6048256108596305;0.008836088699978484;4665.691317320151;5563.975745982207;1.0014099211328935;0.08323980101481403
a_ws[4];-0.8740226592392839;0.5446080999184593;0.008524465998316478;4076.7626653091147;4850.9264413734345;1.0021706965738992;0.07273282563405128
a_ws[5];1.8411659458717717;0.5704802438991609;0.010203236867841048;3061.8967079594804;3957.799648269755;1.0007512917399426;0.054626775618935024
a_ws[6];-0.5629076856457601;0.7965014449128124;0.009137367063569612;7586.2129822954785;5940.806885481494;1.0001088244851009;0.13534432866531274
a_ws[7];-0.41915818976810304;0.4642762067582086;0.007692952114863522;3596.3843149745594;5145.646955618844;1.0010666775987263;0.06416247762469342
a_ws[8];0.7131235537888954;0.5713081443938358;0.008227166317807618;4856.409342339652;5033.317596080033;1.0013619223558266;0.08664236868868232
a_ws[9];-0.17724049424850422;0.36703333730775817;0.007208430804869642;2574.0330975523834;4549.381066707825;1.0030994126752475;0.04592288436451303
a_ws[10];0.11156700345902933;0.47845010053107917;0.00757568462714737;3959.389673837559;5302.976576080395;1.0012873105062137;0.07063879416258706
a_ws[11];-0.23491120375645425;0.6582531733944345;0.008449820210817098;6046.408694234278;5689.5642852590545;1.0012509029226815;0.10787294365015687
a_ws[12];0.2320623879322788;0.6722488172288817;0.008766901398214377;5892.796081673074;5124.08212535214;1.0003712113337193;0.10513236729537463
σ_bw;0.048064761712161654;0.021083062989340807;0.0004612272054906714;2051.7992623005207;3710.2844174253105;1.0028535184151648;0.03660579980553355
b_ws[1];-0.5434790709047368;0.528597704504382;0.007389092341453918;5159.3952534610735;4804.888203280829;1.0005271437190406;0.09204788852202725
b_ws[2];-0.2558892403345138;0.5373414735196217;0.006860601031921939;6226.814122971925;4316.817123978392;1.0017858011746716;0.11109152605709141
b_ws[3];-0.9281677528300506;0.7461783267058641;0.008947171996968116;6913.840011796964;5492.081848536714;1.0013705220613938;0.12334863746639682
b_ws[4];0.6399918102447868;0.5772658534283789;0.00853154932883583;4681.32156604904;5227.981939434773;1.0006911938566168;0.08351865760980026
b_ws[5];-1.0832145572727372;0.4583000364851139;0.007869729974951601;3475.048449483637;4689.933363685212;1.0012594922801696;0.061997745195453806
b_ws[6];-1.1682127698763465;0.9262877313155524;0.011457247697654455;6599.264589773506;5784.31013596553;1.000392808846808;0.11773635115071662
b_ws[7];-1.092549045745429;0.5871745137623494;0.0073223370046375125;6504.618962285738;5258.5150711605;1.0002247086766611;0.11604779469397934
b_ws[8];0.11446262343491241;0.6079626273048336;0.0084052202552022;5353.629841390916;4683.8863751744575;0.9998898497631259;0.0955131945934887
b_ws[9];0.20357723139470243;0.3757412191368345;0.006945914474604285;3070.210520583262;3831.986385677989;1.0017624451339997;0.054775100928393244
b_ws[10];0.8231497614711852;0.6179629070588529;0.008387909820754139;5532.172566182086;4904.66923042335;1.000579561560403;0.09869854481781427
b_ws[11];-0.18002279782599945;0.761317942555238;0.009027069924561787;7152.171051257386;5393.117906025798;1.0003038143644192;0.12760066078964877
b_ws[12];-0.3292458401900184;0.7110313103245499;0.008593579437629725;6815.811356996369;5781.602173459963;1.0006302267215947;0.12159972499782866
σ_ap;0.20504175607169645;0.03272417602467351;0.0009175228011015426;1240.7214858998218;2473.971688069796;1.0026893862425696;0.022135499881382067
a_ps[1];-0.30926790197713155;0.15122425957765723;0.00263707381495945;3338.291869796007;3831.6544881878212;1.0012149092172975;0.059557894440988704
a_ps[2];-0.6712044434489812;0.17299819619432552;0.0037060852045940856;2227.520335306234;3059.9004966439993;1.0024041302310776;0.039740809422823556
a_ps[3];-0.48122948039621366;0.1593720986429996;0.003096204306891299;2704.5358226351063;3629.9066073718022;1.0026640801431894;0.04825116116830644
a_ps[4];-0.204053507431689;0.14530711673840208;0.002530246830546341;3298.6452645414756;4195.145981660925;1.0020653864167621;0.05885056613573862
a_ps[5];-0.38183431997482525;0.1552731620449204;0.0030234608390554024;2659.076117009594;3631.1898510037577;1.0027914492829033;0.04744012233330843
a_ps[6];1.0324003171424414;0.21100530774074752;0.005014934455285734;1769.5243538923519;3571.8075828667274;1.00063224072549;0.03156978143026165
a_ps[7];-1.3787659440727433;0.24868687282226307;0.006324686499608245;1562.2335768507742;2832.073154907507;1.0030823275342269;0.027871542121310145
a_ps[8];0.47591459764918875;0.1586052949548512;0.0030855476401379306;2645.4060609374187;4262.637978918704;1.000572834149254;0.047196237200341086
a_ps[9];0.9781215225487382;0.20461520115890994;0.004729271441150945;1874.372733420652;3432.976986235092;1.0003911903016183;0.033440363441605316
a_ps[10];0.2971259037456723;0.15037619815273043;0.0025952861617526734;3384.074769838439;3711.5757815870197;1.0022281073728234;0.06037469933231659
a_ps[11];1.9013811862617116;0.31900287090416335;0.008327215968652728;1461.7157409270956;3087.491949958309;1.0018506947452135;0.026078220597945297
a_ps[12];2.181106389178943;0.3592072988383518;0.009553538414486024;1411.4082051714154;2951.702674137901;1.0016478144750853;0.025180692454516016
a_ps[13];0.12026849910029094;0.14585043335306339;0.002380821832305669;3794.139280343586;4970.677373016264;1.001111392609605;0.06769059014810486
a_ps[14];1.3510262561868076;0.2510716889999393;0.006189829005895545;1637.2115723897894;3517.0919430849635;1.0007997481443975;0.029209211719379912
a_ps[15];-0.5906902088627259;0.16756210525053572;0.0033808439233087326;2506.451163570671;3311.932633679185;1.002121624614825;0.044717166636048904
a_ps[16];-0.3524777594449063;0.15083797008092437;0.002692951299870637;3192.058216855634;4232.345103486335;1.0023933402462546;0.05694896484308774
a_ps[17];-0.934115025969483;0.19766566080640488;0.004749047005531238;1770.2833848093198;3141.9065208404027;1.0031707651727564;0.031583323171066054
a_ps[18];-0.024062646549758437;0.14534944013066653;0.0022137226023513858;4327.422614913938;4508.9371476696915;1.0015199985415326;0.07720480693509307
a_ps[19];0.21633130528511565;0.14726600772629572;0.002392080091747421;3811.8031824538575;4326.385935147416;1.0002822363589752;0.0680057288053379
a_ps[20];-0.3482003022025691;0.15018760897927416;0.002755870913214976;3032.2690336825503;3689.08690003301;1.003102321632908;0.054098193348138784
a_ps[21];-1.4384332428612945;0.2558833306917907;0.00656047046724787;1513.8528437954503;2945.4128396765486;1.0031609767146739;0.027008389735397674
a_ps[22];-1.3131946448471619;0.24017902301034724;0.006106066738049828;1553.8736687713415;3028.029722425863;1.0038107800629337;0.02772239443070943
a_ps[23];-0.8044249743159649;0.18359411212466373;0.0042199918668395205;1930.9323856838935;3032.8106018619887;1.003563595315267;0.03444943452660874
σ_bp;0.0614150280440167;0.011693920048323201;0.0002603939187436427;2089.5013286317267;3408.1262219808746;1.0005375486193417;0.03727843592434551
b_ps[1];-1.4350694597299338;0.42567576562183884;0.006174847262744951;4798.24535297305;5613.096870065088;1.0010349689892064;0.08560467489974034
b_ps[2];-0.7955150065605354;0.4044992613921156;0.004793740106578794;7150.0129574760485;5644.769741571617;1.0006855373539252;0.12756215860750417
b_ps[3];-0.0835690560624165;0.40223363435794407;0.004864910072713602;6833.369758426398;5318.779251191834;1.0006767307004243;0.12191298143546486
b_ps[4];-0.16585788754806935;0.3988877573207241;0.005005030512445088;6326.31911410623;5004.142721711388;0.9999340043349566;0.11286677758975341
b_ps[5];-0.793657126141797;0.40575011279039236;0.005286005069802437;5903.905669559617;5692.549628539481;1.0011875461343045;0.10533057155325161
b_ps[6];-1.3829819783889603;0.43283145940034634;0.005649322488949909;5887.62223232505;5785.259429593992;1.0010790207254558;0.10504006153382299
b_ps[7];-0.7658944969411533;0.4082389593007054;0.0048899289548621;6979.428706073431;5407.266070576166;1.0003983988538097;0.12451879414609986
b_ps[8];0.8071183141277437;0.4262972166767561;0.006145288714360613;4823.144944647949;5708.274041518586;0.9999936272677763;0.0860489042572794
b_ps[9];-0.4883106309779068;0.3909278994712071;0.0049114369120599076;6294.820950316113;5881.367419748003;1.0015184639960601;0.11230482423538378
b_ps[10];0.4880878735079675;0.4156552647073815;0.0055993021546328105;5558.244292774205;5261.132396824568;1.0000296398866972;0.0991636860339904
b_ps[11];1.1225575672950676;0.4437304368604175;0.006791959710704192;4316.681977989274;5377.690000748284;0.9999221009593114;0.07701318506824079
b_ps[12];1.2087766183598414;0.4481474084937381;0.0070178135867442265;4108.910002965861;5282.096117262;1.0010449132985306;0.07330636078837448
b_ps[13];0.4803595376480895;0.4090295013878436;0.0055405747729509;5412.084313006541;5421.793466073727;1.0000514651094736;0.09655607082656652
b_ps[14];1.2423373800651922;0.4519680228900659;0.006863512428958355;4388.598340858099;5225.890126111452;1.000116488743847;0.07829623260134431
b_ps[15];0.08740040072498517;0.40307932229825083;0.005013240061248902;6474.753295014796;5447.761013731636;1.0009204936557723;0.11551496643087089
b_ps[16];-1.375451129940027;0.4245393499612652;0.005749153139147658;5448.381588409099;5306.888600129456;1.000982595423609;0.09720364431062295
b_ps[17];-1.2142210512528155;0.4130862831298037;0.005666849203903606;5342.285414694047;5123.160766260637;1.0022658653227738;0.09531080061655134
b_ps[18];-0.5004100116761099;0.3908169549855517;0.0048380555957278845;6515.061800883379;5713.329090818515;1.0007136525970146;0.11623410359179917
b_ps[19];0.8429584560264671;0.42365841807089377;0.005893574913611072;5230.1200867361395;5607.605818523837;1.0013003669179241;0.09330967817938585
b_ps[20];-0.19408396904041;0.40326158796946515;0.004779003972292736;7110.655671109214;5558.138152980498;1.0002869262076632;0.12685999199105943
b_ps[21];-1.104458349001933;0.405649433711574;0.005495148318320063;5390.450894384882;5935.262281932875;1.000618120133296;0.09617011270399373
b_ps[22];-1.0069455762705606;0.41096181486322647;0.005309183190520415;6038.705845209299;5272.2954323615295;1.0003204349333648;0.1077355184377974
b_ps[23];-0.41890115947461004;0.400250433138258;0.004979146896644447;6432.019793169668;4900.886017082025;1.00032439704465;0.11475256533137045
σ;0.9732745342841059;0.0035258405692764707;3.440421460935536e-5;10471.88399152305;5944.089257294814;1.000428298692281;0.18682709172566167
