parameters;mean;std;mcse;ess_bulk;ess_tail;rhat;ess_per_sec
σ_aw;0.030387934731234453;0.010508693678655534;0.0001902540756532799;3090.4695386406183;4642.209130458359;1.00078950141808;0.041462088233543325
a_ws[1];0.14949442688633627;0.6835302464973555;0.009807277967607872;4859.034652678971;5117.678405914527;1.0006172544298921;0.06518935746826265
a_ws[2];-0.37809619860817734;0.6426788195778935;0.008769799953809025;5374.927691127915;5108.191751891138;1.0008651616309037;0.07211063671460317
a_ws[3];-0.43925495809420245;0.6643383673791988;0.009453081478056078;4945.99688204817;4700.825180277015;1.000216760642385;0.06635605255520965
a_ws[4];-0.3783905062197249;0.6076144396978931;0.008227033344970776;5450.693454351245;5569.504501603317;0.9999563265314038;0.07312711874769555
a_ws[5];1.7235023792691413;0.5928672977502998;0.010260301296442948;3304.0314597337565;4783.061889475651;1.000982891150682;0.0443272590773186
a_ws[6];-0.3913988411292045;0.9484382306373089;0.009497820469218913;9982.121121873406;5800.9944535836175;0.99981123784747;0.13392126391741813
a_ws[7];-0.1498341936143354;0.5817915306716639;0.009158342922653348;4061.251045353143;4629.748347212617;1.0003904912320138;0.05448620252541613
a_ws[8];0.633042895965329;0.6962808302745872;0.009017721498981135;5967.700476037169;5162.042011124055;1.0001749470213064;0.08006334331890819
a_ws[9];0.2878868908727776;0.4770788359706967;0.008697611061364144;3000.3914890078668;4280.146981057342;1.0007667403021994;0.04025359095017536
a_ws[10];-1.120964824738252;0.6623337559093626;0.00920849303065473;5232.017557193568;5210.57381740025;1.0001555436441132;0.07019333822368852
a_ws[11];0.030246753455882715;0.7818969526732823;0.010167748077631064;5930.337160263715;5426.454457742004;1.0008238496142914;0.0795620728563046
a_ws[12];-0.16182764346392353;0.7849106466597108;0.008813007835507067;7921.76651750121;5389.992444286994;1.0002618492845012;0.1062793139383728
σ_bw;0.01109149298086231;0.010744833848893272;0.0002783710321966965;1832.1593450398575;2139.2665077381307;1.003200826902688;0.02458045661740052
b_ws[1];0.010712827453024045;0.8871517398038499;0.008945309969813341;9811.056786297837;5985.528109975652;0.9998207727326308;0.13162624547877447
b_ws[2];0.29030637328913395;0.9406375324866363;0.009925320060274901;9038.265499480309;5714.270188763308;1.0010989904967298;0.12125839032941238
b_ws[3];0.40041702073434565;0.9964702748564418;0.012103679652991778;6776.411547207627;6029.069061056363;1.0002751704591883;0.09091310235036651
b_ws[4];0.17466853038301963;0.8984247810743086;0.010029664028543094;8136.844218794932;6102.352550120915;1.0008270329269224;0.10916482066044535
b_ws[5];0.036243324727091804;0.795601597455822;0.009546376006783302;6875.274207027227;5488.712719339773;1.000368286081069;0.09223945495575282
b_ws[6];-0.02778289150386999;0.9641378698123325;0.009711719622621389;9886.090575337319;5761.218581964622;1.0003171327346878;0.13263290726357904
b_ws[7];-0.12595591916550106;0.8955947793227275;0.008946526979615146;10005.939316513353;6091.416032001282;1.0034811188746315;0.13424081150569805
b_ws[8];0.34250164246974923;0.9441031085591767;0.011495752617958318;6786.764136812775;6196.8273216983025;1.000135418136983;0.09105199386128013
b_ws[9];-0.12395703325438447;0.8145425733661601;0.00954399243153011;7215.413839424131;5297.50022841345;1.00174368118738;0.0968028066645578
b_ws[10];-0.024151048912603855;0.9265088568530512;0.010589385271870241;7637.526519286432;5525.939879152751;1.0014907877325305;0.10246591803262729
b_ws[11];0.4914399741340242;1.0279260172703424;0.013934879733807665;5460.118563676442;5510.0337356734035;1.0006660321458531;0.07325356707846409
b_ws[12];0.04530784788300136;0.9442333855887296;0.010119200562962699;8731.82153864679;5718.776401114974;0.9998945307272621;0.11714710355442456
σ_ap;0.21667135038060933;0.03389240921989644;0.001010970192650086;1079.6585957958193;2300.744451017702;1.0022929082248697;0.01448482161085469
a_ps[1];-1.064722144304823;0.19800714019670135;0.005124773383063414;1494.7412644070107;3145.271804051238;1.0016258872298414;0.020053617554315745
a_ps[2];1.0536219811025895;0.19521238383027473;0.00497287487891203;1570.2913477465618;3097.4705408513614;1.000517754433565;0.02106720600173784
a_ps[3];-0.876486126399462;0.1773331283869177;0.004417663323345124;1619.3954674829881;3008.176892377459;1.0019811707627027;0.02172599241580414
a_ps[4];1.1992755115278309;0.21122873683287785;0.0056198342144436406;1429.6528578699108;3069.1537680704496;1.0010294561385586;0.01918038414396185
a_ps[5];0.674238122322133;0.15494394504384526;0.0032779313094653756;2261.598928188897;4025.7568314399286;1.0008148478790417;0.0303418665471465
a_ps[6];-2.8576024779737765;0.4362969029345539;0.013021192513895772;1126.255967033191;2384.291642351518;1.0018990992617753;0.015109977204054582
a_ps[7];0.035273612065290186;0.12215264261595322;0.0016603821388736445;5524.8650102583015;4424.78891318065;1.0000914169622732;0.0741222127154524
a_ps[8];0.37028541852348823;0.13427263668630104;0.0024251403049080564;3144.736851702626;4597.734691765235;1.0000417057165367;0.042190144632171994
a_ps[9];-0.2840374467980084;0.1303456372268748;0.0022510115185341616;3544.8779964111086;3474.013381643363;1.000438465603835;0.047558483404108814
a_ps[10];-0.3038711844465519;0.12957480323625817;0.0023049627814037887;3252.45953247042;4176.279280268592;1.0004826217821878;0.04363536427886448
a_ps[11];0.5430259842436597;0.14205737076127345;0.0028582839265504706;2516.734126702143;4483.074423157537;1.000164482049038;0.033764789174266736
a_ps[12];-0.22775665338146686;0.1246455748600221;0.0019725673106297595;4199.894350236927;3766.5898649641963;1.0006333065800652;0.05634625675607844
a_ps[13];0.3573496791677652;0.13084561204220269;0.002246199250324094;3432.9335570305943;4749.379654812502;1.0001552338520703;0.04605662416724637
a_ps[14];-0.15903266956371562;0.1262787003810502;0.0018363888180589953;4841.3775764132915;3916.1959451356825;1.0007044514159904;0.06495246813966049
a_ps[15];-1.0668971430233878;0.1995508584108085;0.005232097690576547;1463.8287251817405;3040.5490711992393;1.0019804851533296;0.019638891438152572
a_ps[16];-0.49885966435703527;0.1416561487328337;0.0029619856093484496;2400.191776339474;2992.70387048705;1.0013775510415508;0.03220124384457973
a_ps[17];0.0530476465878387;0.11995355383602914;0.0016421558987950852;5379.730794625356;4842.7272634664305;1.0001905679237457;0.07217507569337833
a_ps[18];-0.0773327074585586;0.12201031567387673;0.001737128727308982;5066.0669893842605;4548.641338447669;1.0004020767748947;0.06796692667072345
a_ps[19];-0.5951477162270278;0.15081562183358224;0.003327589557450712;2090.296229926436;3261.4931600643117;1.0009058927734524;0.028043650207785216
a_ps[20];0.7381821076020695;0.16244105815716853;0.003634726879558183;2009.5822848321973;4377.751647354094;1.000530239313998;0.026960782808080404
a_ps[21];2.1126234778874013;0.3309400117862437;0.009467408331155997;1228.2168925013536;2566.4787246593914;1.0016819526826943;0.016477896491165312
a_ps[22];0.26449184920670316;0.12883784286565753;0.002018491298899215;4146.704103470145;4007.5901297536784;1.0002991386860058;0.05563265040046353
a_ps[23];-0.6430250106552946;0.15439224301968757;0.0035554784001821495;1907.4302310440726;3363.2878413599938;1.0010436949565058;0.025590299321851348
σ_bp;0.05489992267676789;0.010622343313211857;0.00023388002893419565;2135.285738277996;2932.3956929626916;1.0005337890675252;0.028647234530986998
b_ps[1];0.10993193772423712;0.4205207655725851;0.004605262398554807;8369.009035558573;4943.349589575786;1.000280502473459;0.11227957005273757
b_ps[2];1.7688658668811572;0.46813351318919966;0.006486618433203887;5277.399899771817;5297.749458207873;1.000331533137831;0.07080219285522515
b_ps[3];-0.3189833373510337;0.41497634870998035;0.004635529459674064;8157.549910924057;4809.896512030658;1.0004900701803643;0.10944261056364951
b_ps[4];0.21753051374419335;0.4153928220611813;0.004830374081886906;7477.654450998869;4508.535533319986;1.0008350006427575;0.10032105631548716
b_ps[5];0.9935536495769165;0.42504376178417286;0.004923905521063136;7613.646721212393;4950.326321097974;1.0008232836614714;0.10214554396572077
b_ps[6];0.846938935115131;0.43359396199230216;0.004662663727291135;8663.425641538039;5576.738488243813;1.0008980576173871;0.11622949647715736
b_ps[7];-0.11896082246320708;0.4140901957374651;0.0045963811366097436;8197.063587098075;5127.647746215965;1.0007445111827444;0.1099727305041552
b_ps[8];0.9556153003655813;0.4171509885181687;0.005145251314979928;6723.079238717149;5786.718852001373;1.000050324181611;0.0901975900786282
b_ps[9];-0.6024271252621645;0.429733182600391;0.005424435580346808;6428.357694482354;4634.492247673753;1.0001895356881911;0.08624357256814848
b_ps[10];-0.9966981576854388;0.44066681619145426;0.005932633499957331;5690.239378274246;4399.291979646433;1.000215065829749;0.07634089390693878
b_ps[11];-1.3420789826984338;0.446014772256653;0.006276652211183431;5154.185015357959;5317.849064847071;1.0000689601306136;0.06914912805540177
b_ps[12];0.316171062075799;0.41401348617893174;0.004503014656010038;8467.453837892699;5313.8533644064555;1.001650286345179;0.11360031663492413
b_ps[13];0.5310921492650152;0.41529048826486925;0.00476197823783006;7566.309180283407;5269.014743284781;1.0006085428158793;0.10151045817237563
b_ps[14];1.400266266207908;0.4605955820695962;0.006501084235737198;5115.343069316;4896.513372983792;1.0007316935942072;0.06862802012218376
b_ps[15];0.7938117260867337;0.4151819819072035;0.004617645844700208;8144.210642702793;5445.009007809117;1.0009425476352058;0.10926364943523656
b_ps[16];-0.29357717462483957;0.40848759199984014;0.0048499268523482545;7156.617285331499;4933.4366079366755;1.0005952127118765;0.09601398545692691
b_ps[17];0.8950293936717153;0.4293733277407531;0.005162630686520452;7086.812978580199;5138.9220598705415;1.0002640914242467;0.09507748299689076
b_ps[18];-0.2427576913109845;0.4317602574021891;0.004687005810669093;8666.587476288398;4816.460945843888;1.0010512747969078;0.11627191600912819
b_ps[19];-0.6755185896652612;0.424497499594146;0.0052383799101627946;6810.641800290532;5637.131854321684;1.0002805438655291;0.09137233929020193
b_ps[20];-0.010815367245658148;0.4173960501394989;0.004614437789727931;8204.498364610901;4896.562010530376;1.0002610247143853;0.1100724763186275
b_ps[21];1.7799563106788912;0.4609529754864189;0.0067016494978392955;4678.454297320308;4972.736176401522;1.0005766080161747;0.06276667103388386
b_ps[22];0.6120846997823035;0.41276400158862436;0.004777155941875238;7562.625973351109;4882.93732258497;1.000628029958359;0.1014610438523508
b_ps[23];0.8859592456618243;0.4360844836392818;0.00516625850263221;7197.57020992024;4965.201132105298;0.9998922851024238;0.0965634145166506
σ;0.9795698392812462;0.003624157358324462;3.114560289648591e-5;13540.592113481918;5103.562268095103;1.0005893670985708;0.18166211247969663
