parameters,mean,std,mcse,ess_bulk,ess_tail,rhat,ess_per_sec
a_ws[1],-0.020213372341785687,0.26388208773989724,0.01708779113128836,231.01570307912843,318.1839199909228,1.0184378293771006,0.003208674742807525
a_ws[2],-0.04700549327224823,0.26315651879100005,0.017194799150960404,227.37924809385936,319.33987200942084,1.0198431540150292,0.003158166482507173
a_ws[3],0.015010441431535007,0.26511450308200013,0.017161212365567224,231.46767549966245,375.0379265598288,1.0188708827134612,0.0032149523787902024
a_ws[4],-0.03821573482371693,0.2639140223636786,0.0172901253319565,227.66694092133756,311.7646602202575,1.0191244028789148,0.003162162369786316
a_ws[5],0.029667541214878697,0.26268675063233515,0.017220906607680872,226.1274795388459,334.5498757766434,1.0185341589398327,0.0031407801399651837
a_ws[6],-0.11020133846760759,0.27248170884994255,0.017770500552995182,229.27674266178033,401.36104689831666,1.019857184494032,0.003184521586569589
a_ws[7],-0.04166959847132188,0.26319468101047605,0.01717981808981865,228.6455222223073,316.5329170015329,1.017749089796297,0.0031757542990896235
a_ws[8],0.056829973310728844,0.26551995422200686,0.01705694438081018,234.17585559778982,354.80245348372773,1.0185174870431088,0.0032525674368317718
a_ws[9],-0.017512379529167937,0.26265370443813574,0.017215418027402726,225.75105815451695,322.93341549036154,1.0190199676382083,0.0031355518642572967
a_ws[10],-0.08165880844516002,0.2629866353438909,0.01729940634713294,224.59140044786864,336.83583009893533,1.0186276423996006,0.0031194448882204775
a_ws[11],0.1441212439972785,0.26861720738916284,0.01687764752927805,248.21772448857047,337.87081981337735,1.0158356420105472,0.003447600888892084
a_ws[12],-0.03919603064803893,0.26815733789146423,0.017565084376702476,228.60299950106295,321.051344096832,1.0153600129612652,0.003175163683041305
b_ws[1],-0.04703572512448279,0.2779221884389974,0.028383988801954998,100.56192804187442,315.85557447460667,1.055616056538922,0.0013967471227939335
b_ws[2],-0.020596481529579564,0.27800823394331603,0.0285508025238179,99.54641317093306,324.87752319999413,1.0560383597052094,0.0013826422075266848
b_ws[3],0.055083794818108614,0.28194558565789424,0.029229262448905467,95.32237755936313,332.48141189039194,1.0553276972975718,0.0013239727915566302
b_ws[4],-0.0381868274801007,0.2782915360816494,0.02842921877625208,99.5894357243905,318.54022957392016,1.0556978169043632,0.0013832397659558737
b_ws[5],-0.04863928694528929,0.27718528649197727,0.028327800810052203,100.60929482915077,319.43511574491544,1.0556903265502295,0.001397405020122798
b_ws[6],-0.0593631626894518,0.29407180625056917,0.024375494352266255,147.42789469263255,343.61130541903714,1.0515631674178685,0.002047688342309385
b_ws[7],-0.0632487793587866,0.27871571294389486,0.0284976537061785,99.61465096153647,326.6989895543271,1.0558877797568438,0.0013835899910422458
b_ws[8],0.024508728708444488,0.2783276379487618,0.02858865368489098,98.94609151927622,320.8116909571367,1.05578266716399,0.0013743040863706004
b_ws[9],-0.05065213259976143,0.2769966554252946,0.02834370955918072,100.75288919050675,315.0812886666371,1.0558920404294714,0.0013993994629002862
b_ws[10],-0.05543923255844204,0.2780662022511491,0.028370658867236873,100.28801376045688,315.68534262695954,1.055437384348387,0.001392942611564765
b_ws[11],0.18066958997254567,0.2817072670861962,0.027941466768518528,105.4927023798959,324.88433859900766,1.0538415137721666,0.0014652327316508943
b_ws[12],-0.04636861874104324,0.2807280916662821,0.02718630062867622,109.7281398514759,326.44124064556615,1.053561600592619,0.0015240605128738198
a_ps[1],-0.1956420699122841,0.1940826062978254,0.01603756391079204,148.14862833426935,285.5159322575818,1.0115915540840887,0.00205769891648849
a_ps[2],0.25882009530997124,0.19348314342938144,0.016016304915855633,147.79972214654086,314.937112641985,1.0105217601905954,0.002052852810975956
a_ps[3],-0.15594671648582717,0.19364002074493314,0.01601645542928675,148.64661700603736,296.7312330399164,1.0119609924396775,0.002064615691634113
a_ps[4],0.28949191493554655,0.194015674411789,0.016036686130839327,148.5503180477479,326.12998995365155,1.0111411985679863,0.0020632781547000275
a_ps[5],0.1775940690288293,0.1939027746707655,0.01613066351323556,146.82563499635526,307.75231769516387,1.0139534644219983,0.0020393233028324197
a_ps[6],-0.5808302886867973,0.19403206390373404,0.015993505284941593,149.41252703734875,324.36616628443943,1.0121441669683464,0.0020752537397839828
a_ps[7],0.03973836975140148,0.19403495334385962,0.015972095313495298,149.51743035925702,333.9525057077303,1.0126270757496205,0.0020767107863611514
a_ps[8],0.1116689684563515,0.1939837941705868,0.016103254059907045,146.96257328502097,279.3645041398491,1.0120234099211323,0.0020412252966030093
a_ps[9],-0.028032021615083346,0.1942120865034447,0.016022766661842356,149.40964788323834,321.5534132635478,1.0114097203259238,0.0020752137499956192
a_ps[10],-0.032745730778474966,0.1943341650694593,0.016057870153084245,148.2756547834866,328.1766049963809,1.0103189138444544,0.0020594632405315717
a_ps[11],0.1486607597586535,0.194197348904213,0.015950119614303978,150.33127872460483,304.9549276041462,1.0124261140913013,0.0020880146702944103
a_ps[12],-0.01581393874374114,0.193761902710826,0.01603173582315627,148.74399487846648,318.3351376184442,1.0131436374831715,0.0020659682140627056
a_ps[13],0.10869141789141228,0.1942229225751705,0.016055442081055055,148.43175498598478,319.81753312875765,1.0114643970728565,0.002061631382222492
a_ps[14],-0.0009907326176193574,0.19392494411273226,0.01604255559816472,148.6549539781332,308.19942069395813,1.0128555572657043,0.0020647314873633157
a_ps[15],-0.19653645073168252,0.19387606008835967,0.016027112201386102,148.40767615054355,297.04178267634836,1.0112315560532144,0.0020612969410997166
a_ps[16],-0.07458843143500755,0.19448100947011293,0.016138381511366175,147.35871656230117,309.6096783549314,1.0129006996793455,0.0020467274980178916
a_ps[17],0.04419184341184993,0.19436490688355176,0.01600492539976857,149.5732474101215,307.26286425791886,1.0116237776715329,0.00207748605297264
a_ps[18],0.015533923534537582,0.1942536295972528,0.01607609757486329,148.34311731566623,319.0623063181523,1.011447109304958,0.0020604002561552086
a_ps[19],-0.09515468224062772,0.1936605088586335,0.01593625358353844,149.52199208705,303.09160437181527,1.0127919576479674,0.0020767741461265605
a_ps[20],0.19067354449156868,0.19388713550065506,0.015975242896125112,149.3099192202924,298.6739763840267,1.0103020581122686,0.002073828576443936
a_ps[21],0.4860182152971412,0.19393800907065203,0.01597790425396746,149.4471250899085,305.8611668738441,1.0122038451325788,0.002075734286759444
a_ps[22],0.08933875383608901,0.1944252254309868,0.015984802875431005,150.85557167324978,309.5954827284094,1.0100262288463984,0.00209529679665953
a_ps[23],-0.1050665623349236,0.19414850294153202,0.016057908173132684,148.63076800554828,288.1358489895533,1.01328120265162,0.0020643955581674685
b_ps[1],-0.026030375049583446,0.19866859284990762,0.01647490785142562,150.91791612317218,361.4099327175483,1.090598657239029,0.002096162725075451
b_ps[2],0.07989763498934346,0.1988968288919463,0.01654505027220002,149.86304502560532,363.15351651046234,1.0935609187531234,0.002081511174542018
b_ps[3],-0.05425839946567504,0.1986192353357045,0.016462011573020664,151.08162471861283,354.51403022526193,1.0971702035333262,0.0020984365429517664
b_ps[4],-0.01890451938743269,0.19831758822979945,0.01650236066770555,149.56286920567115,352.30866472758674,1.0957272909745686,0.0020773419057045035
b_ps[5],0.030696898771585702,0.19882331593713465,0.016480651409934582,150.80622498702598,357.0556580605004,1.0949608615344806,0.002094611399677346
b_ps[6],0.02137272213769438,0.19910158788723237,0.016481312265427834,151.40848677301594,330.38026604636747,1.0942268154772372,0.002102976468179214
b_ps[7],-0.04100731308573728,0.19914599250385276,0.016569022910569102,150.3911513429643,347.9409300057552,1.0933122003026639,0.0020888462663969922
b_ps[8],0.028416451780197263,0.1989801024129156,0.016536163786632526,150.37158739396216,350.17323746184235,1.0947578592175022,0.0020885745344402635
b_ps[9],-0.07083108200913539,0.19908842699044516,0.01650236288743744,150.99259797751816,360.0114908626544,1.0946405618816841,0.0020972000129160268
b_ps[10],-0.09751527605692979,0.19884067915335607,0.01647026736737371,151.19943079556853,369.63649034604856,1.0942190107190448,0.0021000728013473593
b_ps[11],-0.11922746919021117,0.19859369553952394,0.016456240960317,150.18728384835651,347.60142344219105,1.0948184438053574,0.0020860146645962983
b_ps[12],-0.013194804426982199,0.19891271340322195,0.016554711260756774,149.9213398137674,356.5554325173969,1.096014487306955,0.002082320855494091
b_ps[13],0.0008898912183682466,0.19911486138275156,0.016600647880516697,148.76529035236578,339.77966144422754,1.0963963383788338,0.0020662639959005895
b_ps[14],0.05613068373685854,0.1989242684480233,0.016494460477061105,150.80027849744351,353.4490698363699,1.0956420333456476,0.0020945288063701495
b_ps[15],0.017634225085060698,0.19845190338423785,0.016521957033830543,149.6445553805939,354.0608758849589,1.0947022660351167,0.0020784764795140657
b_ps[16],-0.05132763303070684,0.19873319479172782,0.016453399538757504,151.108617239215,346.02658643541065,1.0941110987509877,0.002098811453479261
b_ps[17],0.023706887619467303,0.19899945139085432,0.01651299589159191,151.099638930052,369.926954884679,1.0932047351044085,0.0020986867499484603
b_ps[18],-0.04839949300590622,0.19910365868569546,0.016514750685687536,150.3330077528903,345.84192935755016,1.0969827658246392,0.0020880386854990707
b_ps[19],-0.07646852944359042,0.19895371661408812,0.01648694622483235,151.15793347510925,358.40776007743716,1.0935644359066263,0.0020994964275239474
b_ps[20],-0.033576238823386825,0.19912838629503993,0.016547050671838818,149.76622346709635,338.30628970430877,1.0901937454697632,0.0020801663789925978
b_ps[21],0.08112716613543787,0.19931180474711996,0.01654308374963435,150.78033915079249,358.60589225259326,1.0942870232279456,0.002094251860356807
b_ps[22],0.006572472522745012,0.19904288498125006,0.016453093048335404,151.2810006872949,349.63613672229894,1.0968112340339042,0.002101205760050458
b_ps[23],0.023712150246148707,0.19892137382900305,0.016539859490015373,150.0149128359564,339.97810726547004,1.0956200522298045,0.002083620530749514
a_e,-0.004095965402334538,0.3477499578788767,0.027445850423746813,165.55114078706404,298.51246199324436,1.0134438232992373,0.002299409767415146
b_e,0.07634068687952589,0.32435641576891244,0.023914910886880615,177.7873279706792,392.1399701856436,1.0390350563239727,0.002469363343042353
σ,0.9793421542105957,0.0034294810103957917,0.00010261823099050104,1123.3583615747589,1564.444015700098,1.0034316936080097,0.01560279909055337
