parameters,mean,std,mcse,ess_bulk,ess_tail,rhat,ess_per_sec
a_ws[1],0.06834437469679833,0.27516099109693226,0.025591881696880626,112.92589065065941,149.01296989038082,1.0243895017730074,0.00240851173492438
a_ws[2],0.029654051363997784,0.2746485033748608,0.025735613524598078,110.99768932564808,155.58820274927913,1.0251333456167244,0.0023673865731760153
a_ws[3],-0.10658023545617278,0.27784255151891946,0.02566998383228907,113.59397276235246,158.0085156089283,1.024937417997795,0.002422760757859993
a_ws[4],-0.03784626165975409,0.27423783016485714,0.025724402322117767,110.80554416882948,154.63566210055723,1.0249600598188624,0.002363288453051923
a_ws[5],0.09627040720269064,0.27397687446270824,0.025533307949154052,112.23235120593702,157.55744379993928,1.02502591385298,0.002393719751601315
a_ws[6],0.021328055177826922,0.2802208032672012,0.025018747000902515,121.84735051007472,185.5659315921039,1.025641672603285,0.002598790869675956
a_ws[7],-0.0298925850282614,0.2741640849972724,0.025601693776438287,111.91801930597107,153.4599281722478,1.0250670627090546,0.0023870156019562077
a_ws[8],-0.07571749162371756,0.2756318726115567,0.025747799146862996,111.43082903151624,162.87095206123544,1.0251588036923946,0.002376624685520618
a_ws[9],-0.00403264071039002,0.27406067828057934,0.025573675427576992,111.89934189570175,154.00144527766324,1.025111588515199,0.002386617245462825
a_ws[10],0.02361434545264808,0.27425848640874184,0.02564347986741688,111.58761823260836,155.82007525747915,1.0248139097042894,0.0023799687249482816
a_ws[11],0.008479393073050118,0.2812960157957152,0.025467712880142775,117.63896486181328,163.2819975965713,1.0229487696766368,0.002509033364461488
a_ws[12],-0.11176381303720537,0.27720109951249394,0.02534054569239847,116.46478473061177,170.77042359661658,1.0250041001359862,0.0024839901559588207
b_ws[1],-0.016986784248347018,0.25966035200364745,0.03368197022188304,58.29573485296939,118.51168485182602,1.0979098192145973,0.001243346062452305
b_ws[2],-0.03609235970498255,0.2600864363283814,0.033424026211524065,59.80705016460493,120.7579016589737,1.0961790976404913,0.0012755797746884622
b_ws[3],-0.04415284983967057,0.26390844584746076,0.033123973296073625,62.23830819081321,150.26689098661274,1.0922103593104449,0.0013274342560037045
b_ws[4],0.03263548701841645,0.2593776693902758,0.033549785027603,59.00959028494321,138.39704003405768,1.0966892394247472,0.001258571350249833
b_ws[5],0.005250667454666299,0.25910760842677677,0.033510045708934705,59.104422037113444,128.1309026980394,1.0971481458425614,0.0012605939456584627
b_ws[6],-0.061338720313366624,0.2767077950446483,0.036132037625520495,56.21247037561446,150.58081522677523,1.0983369309789877,0.0011989136748771431
b_ws[7],0.015459417803850493,0.26027893450297185,0.033836057738696086,58.23319044022507,135.33721807011906,1.0981496907616177,0.0012420120995215664
b_ws[8],-0.015408322967839358,0.26184643255925655,0.03384610495175638,58.70712546597785,130.0931933357345,1.09731955698039,0.0012521203046863894
b_ws[9],0.029249541439159317,0.258912125001323,0.033648432352033804,58.52734687902426,128.8000559860264,1.0976842445800803,0.0012482859418678101
b_ws[10],0.038306817328837485,0.26014798146886153,0.03356932872698634,59.171458013652774,137.65641132264227,1.0971654009166611,0.0012620237057889944
b_ws[11],0.08409959014910927,0.26623983916187816,0.033891234370157085,60.833573993371644,136.4658823291609,1.0918282717636134,0.001297473732517961
b_ws[12],-0.04691410243725104,0.2629234355517351,0.03380278490475981,59.61627285758972,133.12979958843252,1.095975372337142,0.0012715108284082433
a_ps[1],0.0402594599424872,0.19220187211153386,0.01806123371477556,117.00257347902522,300.4003482453432,1.0352422911409545,0.0024954602493448544
a_ps[2],-0.1792618144038118,0.1925302169639225,0.017975159539151773,117.85903784479046,291.4718320780666,1.0347129911420136,0.002513727136270471
a_ps[3],-0.4251266490825917,0.19245942543064506,0.01821675549913558,115.55989785162241,291.34664078553953,1.035951013752582,0.0024646905015193693
a_ps[4],0.0837980571971942,0.19249452702394984,0.017870257290537532,120.87538802007563,305.26030264688114,1.0348662425332862,0.0025780606097720424
a_ps[5],-0.12309992212881378,0.19231195636339668,0.017981549786922228,119.05690708727677,298.9896524659566,1.035433631120146,0.0025392755920834818
a_ps[6],-0.09054028120248578,0.19259646963149105,0.018177739699573137,116.98585078918364,288.6410247019096,1.035178914325149,0.0024951035836192985
a_ps[7],0.10160739667676051,0.19205276471796548,0.018193350315038704,115.30380403891472,304.6394347926874,1.0357389195554303,0.0024592284684143476
a_ps[8],0.08571358264887616,0.19251394094754734,0.018222375367017016,114.67210324583628,289.287132439827,1.0349009881101885,0.0024457553953721595
a_ps[9],-0.05515852484587191,0.19202835144987276,0.018009516564023092,117.3808433237842,291.2524831245669,1.0347358787055587,0.0025035280835219473
a_ps[10],0.28431227024422184,0.19239497248144066,0.01805732301187017,116.52909660363933,282.1699963893719,1.0356510834515864,0.0024853618157260303
a_ps[11],0.4808873803125706,0.19232346653459265,0.0179765771612995,118.85342310468641,291.70288674598885,1.035423091696071,0.0025349356346378135
a_ps[12],0.16914295747909977,0.19295431682174566,0.01783400515680746,120.07897483245883,298.0461970567619,1.0348154921542694,0.0025610745094440178
a_ps[13],-0.09715545175413068,0.19190705179785705,0.018034264947935075,116.65587911160955,296.7460788453467,1.035395585263925,0.0024880658648725107
a_ps[14],-0.07901738787426703,0.19219843608826534,0.017929674661828487,117.94538113901415,301.93848875816815,1.0352261373163554,0.00251556868771781
a_ps[15],-0.24359006768963706,0.19204775455962078,0.017985601623727875,117.4572479944512,290.07114822144274,1.0353583912660405,0.002505157661511938
a_ps[16],0.20603479697464933,0.19240874102777633,0.017850370545268744,120.92438137864656,277.7948515781622,1.03513534883272,0.002579105552418689
a_ps[17],0.1155039084093649,0.1922842375130045,0.01813274964246544,115.52563642447937,281.0100540012352,1.0354553180088946,0.002463959765203244
a_ps[18],0.0037820188415870442,0.1918815361863273,0.018042845287157355,117.30809944447488,296.06289191433785,1.0354475060784751,0.0025019765838087196
a_ps[19],0.22499363147533327,0.191648858085237,0.017918642728712502,116.75861035723116,291.607942610471,1.0346608435313838,0.0024902569426598752
a_ps[20],-0.10625747044812751,0.19166508428405435,0.018094795833059223,115.86404319877302,296.4407068397711,1.0359162657434589,0.002471177389809682
a_ps[21],-0.21409124651147232,0.19207403891295868,0.018080593489215434,115.53800654592037,301.4154514098691,1.0356989219236024,0.0024642235982576606
a_ps[22],-0.20966006986399158,0.19235604772516254,0.018090619768985027,116.4135881245389,281.8968600243778,1.035393077828296,0.00248289822189654
a_ps[23],-0.2661611724722747,0.19189517108520746,0.017989521353061987,117.65354447376221,295.72730809117235,1.0356525689702296,0.002509344322083937
b_ps[1],0.008711077242792865,0.18214148990770354,0.01676280587467965,118.28898551988638,191.02593517678508,1.0469905416580922,0.002522897168181713
b_ps[2],0.06657582532325725,0.18211817568242392,0.016723068867563945,119.28257681719677,208.10402458740208,1.046951897894657,0.0025440887327157834
b_ps[3],-0.042289470025267166,0.1812876531532646,0.016647939364164116,118.79564148487212,152.92578329953182,1.0452451528514235,0.002533703253749925
b_ps[4],0.016027459861580596,0.18251986489837804,0.016777986803077995,118.76871098148678,198.89733002680498,1.0462709208733496,0.002533128873215423
b_ps[5],-0.02614388974547713,0.18238001133558807,0.01671260762294485,119.35608690341984,210.25957825806273,1.0481843318639816,0.002545656574282349
b_ps[6],0.08085639609006406,0.18198195672088663,0.016747838053754616,118.53354828211786,202.89872030855892,1.0456339353766613,0.002528113264148423
b_ps[7],-0.013765595364192602,0.18241203428747887,0.016723172085885207,119.49372023479435,199.04984877715697,1.0474341944183896,0.002548592052513446
b_ps[8],0.033491067846311416,0.18191258327738208,0.01669044816531334,119.29068666992269,201.0520737438276,1.04427456981484,0.002544261701689916
b_ps[9],0.0635389509778243,0.18246753966715507,0.01674573423498432,119.25647903218031,179.70074673555922,1.0452810473126728,0.002543532112607626
b_ps[10],-0.046604593513399295,0.1821586378017992,0.01680466828784634,118.28393206592082,204.6173256725894,1.0481668913935294,0.0025227893868473546
b_ps[11],-0.06673318902120079,0.1821880355263034,0.01678688786091832,118.31087264904275,204.76540477794768,1.0475747664457076,0.0025233639823650077
b_ps[12],-0.0534216439987957,0.18189721665959582,0.01678069693931235,117.89239957041322,209.53743657055034,1.0460545736148685,0.002514438683526789
b_ps[13],-0.036153623386871385,0.18239066795086983,0.016782348411881646,118.34455073315786,200.24698308263314,1.0460598345076249,0.0025240822769946416
b_ps[14],0.05235702749921783,0.1823120200263981,0.016711727289529344,119.63205718757995,172.24006025216042,1.0465779939161253,0.0025515425377585746
b_ps[15],0.04202159481633498,0.18177371002193515,0.016725085378631543,118.45466468203789,209.6480778505922,1.0458950173869301,0.002526430814929816
b_ps[16],0.02418074502890542,0.1823829825400883,0.016780075172009464,118.51017713321045,206.4991024252015,1.0481256194730557,0.0025276147984194582
b_ps[17],0.025775863681144432,0.1822186273219772,0.01671169907756613,119.05913250680241,208.38717869279196,1.0469515120744755,0.002539323056389601
b_ps[18],-0.04036237582230437,0.18226521526954498,0.016740630629570034,119.12879435742,204.07057212027328,1.0477295905003796,0.002540808821821446
b_ps[19],0.02624343170302689,0.18224968125477276,0.016855823832041258,117.13845909377292,210.23354928050117,1.0466720686302955,0.0024983584518371393
b_ps[20],-0.049452308809507066,0.1824202089994801,0.016676810932377228,120.10218603882487,183.84849702540095,1.048399868399729,0.002561569563878322
b_ps[21],0.008862626470527348,0.18238821023852475,0.016704433237563803,119.33252690506018,215.4466510575714,1.0452484537898827,0.0025451540807248743
b_ps[22],0.002765855463197024,0.18191639297069678,0.01672808787731352,118.85670459688106,194.64713707025217,1.0458425464399583,0.0025350056231268426
b_ps[23],-0.0010123984664731972,0.1820429773235992,0.016698014576089302,119.33044891827838,199.90697091245718,1.047164306434717,0.0025451097609013144
a_e,0.011082528967593642,0.31960172920725666,0.03367098436533113,92.45026163997183,247.39490071323505,1.0297439657676088,0.0019718023809573663
b_e,0.0129084388825761,0.30268071288895165,0.044157547657545225,46.16332539717408,93.34066890969976,1.1334942970719868,0.0009845829889106761
σ,0.9755904973370915,0.0035581691508792487,0.00011882550240590264,893.3742016003042,1013.1504029116172,1.0037077611763927,0.019054109166952733
