parameters,mean,std,mcse,ess_bulk,ess_tail,rhat,ess_per_sec
a_ws[1],0.03457426418504222,0.27601888856945106,0.01879328416180587,221.03576264966824,222.44908783321532,1.027685365214328,0.004717904955821904
a_ws[2],0.034458422956311394,0.27474354969151793,0.01871108171067925,220.83718825623308,218.54514920140343,1.0270924047481724,0.0047136664782848
a_ws[3],0.05467011661274184,0.2774733435813918,0.018548040019534803,228.83326233960935,228.36245622979214,1.0258990500847238,0.0048843389391248675
a_ws[4],-0.010698806228065547,0.27562205437412274,0.018723151548076536,221.84964378745963,228.18926641883616,1.0274598117729412,0.004735276867984017
a_ws[5],-0.07464843319358087,0.27442981992920845,0.018690841311395385,221.04989864211174,216.33504757958607,1.0273752124251032,0.004718206681967959
a_ws[6],-0.11821593082786085,0.2821327200934472,0.018726762161118474,233.25413005795764,247.57191823015356,1.0252094533365856,0.0049787002925429855
a_ws[7],-0.0033461148684802815,0.2750385225937018,0.01871910907924062,221.4677366893122,213.54818549647658,1.0271312636345995,0.004727125239625718
a_ws[8],-0.053425803320378676,0.2758389180239633,0.018667803335705144,224.73114418148134,222.9945936539718,1.02771413496147,0.004796781145962349
a_ws[9],0.01827607098777693,0.2745695131360572,0.018711599261219708,220.33684948988363,209.39234501691809,1.027621775705839,0.004702986981369673
a_ws[10],0.06505080286422688,0.27512107720714996,0.018710671015179665,221.94658382489516,224.7140122201239,1.027559287958355,0.004737346007735667
a_ws[11],-0.025633135257629832,0.28024373272380143,0.018973279013214363,222.54423002594731,227.45343489381722,1.0276363769872514,0.004750102486325247
a_ws[12],-0.006028562244477831,0.2799186268186564,0.018808296782385187,226.55783174408563,227.98609277969044,1.0271466495487083,0.004835770937483138
b_ws[1],0.0385335257825908,0.26759687059937204,0.022385581056683885,144.90638304251607,324.31323668888194,1.0217638135916023,0.003092958960537419
b_ws[2],0.06827194757144887,0.2684217859584263,0.022577680248189038,143.44017983177767,324.879539958428,1.0217270792976973,0.00306166353887686
b_ws[3],0.09072055168967101,0.26984727066950087,0.021774887536178237,153.69867059215656,337.85403403110826,1.0212642442529773,0.0032806262253555827
b_ws[4],0.03177232954943841,0.26765281081983383,0.022342430019210966,145.64004676133763,334.76695105298376,1.0216231346211546,0.003108618669416389
b_ws[5],0.006625302321639307,0.2669286349011213,0.022177701440056433,146.92930224180924,321.2292657974514,1.0215773515993107,0.003136137224548475
b_ws[6],0.01137990726297987,0.2830190229886766,0.021706998784473613,171.2006528561083,356.6948185544399,1.0203699237179653,0.0036541978495577667
b_ws[7],0.054655252849678565,0.26826226491248734,0.022243067201608333,147.50592786927706,341.2535981578032,1.0211668545281245,0.0031484450288280755
b_ws[8],-0.00552199459309837,0.2683764696810547,0.021979358888782347,150.40550567867004,338.75933952124217,1.0213539884715752,0.0032103351607811045
b_ws[9],0.03911846235194568,0.26693807230780764,0.022291428185937177,145.79243475670464,317.3269404427291,1.0217226075588584,0.0031118713198921826
b_ws[10],0.10429989909285675,0.2680048477294524,0.02242810662361409,145.03043387269864,339.80219992908496,1.0213561385415084,0.003095606767478144
b_ws[11],0.06948620378679822,0.27246252487496525,0.02252871498599296,148.44056931170326,380.381387550282,1.0206760925554763,0.003168394513202367
b_ws[12],0.052346533924185645,0.27085471675443434,0.02258466859166578,144.69523582312843,354.7039183590924,1.0201198884974927,0.003088452121911781
a_ps[1],-0.14128101467410778,0.2136198064122672,0.020841677220769246,107.93373799930099,231.1551326072442,1.0313548908788017,0.002303795147459362
a_ps[2],-0.2569223170315317,0.21423226435520887,0.020990033627739605,107.02102658000071,242.4613198913523,1.0321271550144409,0.0022843137491700863
a_ps[3],-0.1743878764910856,0.21383054685460554,0.020991052366754203,106.72472031243359,239.80557404778963,1.032163018153261,0.00227798923049746
a_ps[4],-0.1749784261805525,0.21404679248995465,0.0210262677119002,106.35114599036575,248.38324127661912,1.0324139136829613,0.002270015461346605
a_ps[5],-0.16719096671587938,0.21373956333553895,0.02089775316319883,107.65725952556527,229.151088952662,1.0322266143207819,0.002297893843770858
a_ps[6],-0.19504198435106448,0.21372955689998316,0.02099595073848044,106.57373492741137,233.14786352082365,1.032449464552552,0.0022747665180833515
a_ps[7],-0.11305296028641984,0.21388257408154498,0.020989741143379016,106.73823743897103,231.11913865983047,1.0317132675901706,0.0022782777472402484
a_ps[8],0.2715224405081261,0.21398292599004284,0.020900800360148863,107.84934164840918,240.63047127704476,1.0321089568333435,0.0023019937468291988
a_ps[9],-0.0011880325593786622,0.2136207306152496,0.020952168140590356,107.21031707349152,230.26512909825854,1.031857578819937,0.002288354066205777
a_ps[10],-0.06894215162318142,0.21403418617526657,0.02095469708093123,107.45962365786912,238.8092664620112,1.0317116143870588,0.0022936753986266224
a_ps[11],0.19048102042193835,0.2141798438549983,0.02087882216584573,108.10102780638437,233.80159892025605,1.0309101423258082,0.0023073658701353488
a_ps[12],0.36255155804653916,0.21398252597459094,0.02103855771553692,106.24466061191391,234.78584479676917,1.0325059582749703,0.0022677425807561607
a_ps[13],-0.1241494266600198,0.213796585695065,0.02094354224246109,106.81872194187042,234.80892816957035,1.0316202735469884,0.0022799956513049305
a_ps[14],0.19736166295849047,0.2134978044615082,0.02091660697939545,106.84835563814028,225.86999497874868,1.0317810800891944,0.0022806281686895153
a_ps[15],-0.15181068769619635,0.2147284466761857,0.02107971345208059,106.55828080145912,234.48333965136348,1.0316394162608697,0.0022744366569941595
a_ps[16],-0.05743524864171199,0.2141223331360685,0.021016224654016417,106.38821702225351,248.52278492630643,1.0322689726449785,0.0022708067251808557
a_ps[17],-0.3969510368362069,0.2140529382444151,0.020977944710291907,106.91406416176343,233.75840797251075,1.0321879098587292,0.0022820306863885753
a_ps[18],-0.10638443655004155,0.21350439519837244,0.020888626149033394,107.43541114341001,236.38863582891983,1.0315907259648658,0.002293158593831823
a_ps[19],0.6231646069008475,0.21380118005712662,0.02093895617550647,106.8672986782022,230.86757317823847,1.0314855489218866,0.002281032499018305
a_ps[20],0.04784693925571973,0.21446812302638085,0.020932767337978338,107.84012742178258,241.96370305028515,1.0316343529133274,0.002301797073472161
a_ps[21],-0.14678777146817146,0.21321691692866007,0.02085155137147405,107.50494179920217,236.7856720920889,1.0315766238733657,0.0022946426931540823
a_ps[22],-0.2925800914135727,0.21382700377065897,0.020891301145599714,107.52136561888935,232.7782024773087,1.031840837167915,0.0022949932519024346
a_ps[23],0.010743773990979432,0.21385609100461944,0.020905177875476966,107.65577475586102,220.21992562496456,1.0320816663396524,0.0022978621520560786
b_ps[1],0.01561543887327906,0.17979700182757516,0.015649167706653134,131.58531689616794,134.21250687376377,1.0370090514546049,0.0028086270350819995
b_ps[2],0.05443675829848763,0.17958520090904873,0.01563950829930206,131.52121828456782,140.18332856840848,1.0364087810007079,0.0028072588802019733
b_ps[3],0.05705721981796239,0.17966965724573142,0.015742995691229406,129.8704176659999,148.91563422628568,1.0368888223278554,0.0027720233132237935
b_ps[4],-0.035165981838989606,0.1795361594537403,0.01573656992783709,129.61722466271112,137.58161211198254,1.0368135955685729,0.0027666190270093094
b_ps[5],-0.032797367686482164,0.18001250335397895,0.01575141722115548,129.87801964201043,142.06884721179887,1.0364660847949063,0.002772185573845623
b_ps[6],-0.06286068265861304,0.17941294134860813,0.015652947478549083,130.5106682341511,139.53385465728084,1.0366303356164654,0.0027856891620992802
b_ps[7],0.03317291517118834,0.1794759395403693,0.015646349119502297,131.26482902379684,140.47616576496407,1.0370621036854346,0.0028017863713667036
b_ps[8],-0.051536005288914145,0.17979854693779232,0.01580472347789476,128.8949285835708,131.2045846356986,1.0366458778724577,0.0027512019550816865
b_ps[9],-0.08337575120823189,0.17944563740813685,0.015697237351696404,130.66203848079914,144.56331704068015,1.0371469487028335,0.002788920089204758
b_ps[10],-0.013321230288149974,0.17916487777678333,0.015639041214839493,130.6926743127079,134.1263523848361,1.0367099332787626,0.0027895739967057683
b_ps[11],-0.008728665565338758,0.17974165246838228,0.0156486250571868,131.68687297719097,152.6448127465154,1.0364786364188276,0.0028107947021246936
b_ps[12],-0.09811274401393164,0.18006070974766675,0.015719603443508482,130.30068989284842,144.17074709770506,1.0370077004449674,0.002781207272629578
b_ps[13],0.011299869270254078,0.1801186971668127,0.015816737164027393,129.21759836323483,148.63440294567224,1.0373826053191866,0.0027580891905874803
b_ps[14],-0.055163452337640514,0.1796096351119313,0.015776182585857893,128.9769495831505,142.12429653131292,1.0374714686043929,0.002752952654949255
b_ps[15],0.04236316775897601,0.17935237074872348,0.015737305083263587,129.73012165415832,143.1303373042414,1.0366724887556265,0.0027690287604798624
b_ps[16],0.01217246378698204,0.1796373864572055,0.015790948529660828,129.29306403618088,133.6399614734093,1.0366203296929548,0.0027596999700745576
b_ps[17],0.08088669374542448,0.17969839148945316,0.01572672306256007,129.80557342040953,142.44616003459004,1.0374494965232834,0.002770639243135044
b_ps[18],0.021538040651574192,0.17989271414586716,0.015666633825130796,131.7609303161165,137.16811379909558,1.0364391127681016,0.0028123754213809048
b_ps[19],-0.024364855620301752,0.17961915897150801,0.01565424680344744,131.2345862715911,146.83259139553158,1.037268524783365,0.0028011408539680765
b_ps[20],0.028151668524721236,0.17969159268183185,0.015710549287459626,129.94666314870614,139.93187915348585,1.0362544359509365,0.002773650737385416
b_ps[21],0.03975707115770559,0.17992886847925005,0.015723242153574672,130.59595521513353,149.21686594035504,1.036832900467017,0.0027875095728121017
b_ps[22],0.02200687184310539,0.17959358584141596,0.015672949916724365,130.53744975958867,133.5609476174433,1.0368640938336633,0.002786260801231662
b_ps[23],-0.009429187579186815,0.17967508641946559,0.015690676225172565,130.7666806104303,140.7326350490178,1.0367168905846502,0.0027911536265113755
a_e,0.0439035054494579,0.3506513550455251,0.030745441335671714,130.68478273067004,226.52153475640444,1.0420016029496573,0.0027894055545787592
b_e,-0.03063740354537034,0.3110195969318036,0.028727201344498486,117.05063291656221,184.73765131734189,1.0301392580312856,0.002498391004691874
σ,0.9729252613501704,0.0034653838105652155,0.00010631474570942995,1063.0336520751669,1323.7091332045043,1.0038809796667352,0.02268995602887981
