parameters,mean,std,mcse,ess_bulk,ess_tail,rhat,ess_per_sec
a_ws[1],0.018504515428183287,0.2796391682648097,0.02016916696732235,193.31438188396157,242.90104250784898,1.0252461217124669,0.0036280009693710567
a_ws[2],-0.03568512342065104,0.2794661903085598,0.02018806441624252,193.13853666282327,234.7135785763276,1.0250815672443478,0.0036247008184638577
a_ws[3],-0.028202801211417352,0.28336019891031705,0.020436766236425402,194.56722433704493,253.80322612099644,1.0252118848574052,0.0036515135171181975
a_ws[4],0.037440776356130086,0.27997008681867663,0.02018198033976397,193.683216430748,249.00337606733365,1.0252655723589448,0.003634923020799604
a_ws[5],0.05178873549891465,0.27889721111021065,0.020160381208233123,192.65302312811363,242.11140822370962,1.0253417414701764,0.0036155890102403665
a_ws[6],-0.025794227715236425,0.28361212129280466,0.020061074564604025,201.110589669175,238.8117721035516,1.0231892686385469,0.0037743152224882955
a_ws[7],-0.050999689829861916,0.27925656659097126,0.020171357790514648,192.46487784996066,245.46101851433673,1.0255416207464767,0.003612058019711523
a_ws[8],-0.017008072000942044,0.2809465534853533,0.020265079466805554,192.83537312016418,237.2402950958335,1.0253840334248692,0.0036190112385374898
a_ws[9],0.005479736238893299,0.27899425011714357,0.020148763822846704,192.47493222884205,241.49760794563937,1.0254588747664195,0.0036122467138788817
a_ws[10],-0.005178644286232323,0.27941591497532375,0.02023560658319415,191.45161088006478,245.48041793631555,1.0256698541765856,0.0035930416717647852
a_ws[11],0.12308575671716318,0.2839781683557783,0.02036157623632249,195.92716694090254,254.1233993677865,1.0251583999751854,0.0036770360521567237
a_ws[12],-0.07464827684721718,0.2825789761302797,0.019826130814179523,203.56957424898852,249.17173731390002,1.024356665174756,0.003820463876056073
b_ws[1],0.02759237923294773,0.2865233635043111,0.02318102401043086,157.04785522878515,299.19612306878474,1.0232153701464535,0.0029473739380119508
b_ws[2],0.024057137696615178,0.2869559373367587,0.02309722732542935,159.28159799922506,286.36279205097867,1.0232219460886924,0.0029892953970234487
b_ws[3],-0.029305119759366904,0.2908479221240665,0.02316188818485635,162.85998021303422,277.0203409331068,1.0229792809355165,0.003056452191122051
b_ws[4],0.03608400712208203,0.28665944636074425,0.023093053210171573,158.61314411206325,329.61984100826,1.0229020478152864,0.0029767502809955135
b_ws[5],0.04851001963097158,0.28618755436997,0.023137478832881093,157.29502151650428,278.3797235411184,1.0228522486912937,0.0029520125971882714
b_ws[6],-0.16332620630384767,0.2960981558997834,0.02242721116113798,178.5184100692747,432.1859900353134,1.0189416284830106,0.003350319611350356
b_ws[7],-0.0028973990122790824,0.28711514061885957,0.023200828083947956,157.70177838935965,282.97611660899094,1.023229008298952,0.002959646350635045
b_ws[8],0.0015246590491055944,0.2877236455059154,0.023208493989474856,158.06919803630723,316.5221986847525,1.0228330461644872,0.002966541848126235
b_ws[9],0.028538258588661533,0.28643861214218924,0.023172640397638052,157.01841732679534,278.0017284031166,1.0230155810108648,0.00294682146625111
b_ws[10],0.060636385839839824,0.28727073583237356,0.023214282041933532,157.61116160327967,283.4141640015935,1.0226201120240455,0.002957945712614555
b_ws[11],0.1955467747016578,0.2916661679375,0.02363627446388301,155.9634220274215,287.2446627931712,1.0232345093444395,0.0029270219876426965
b_ws[12],-0.0485419930441808,0.2889401051801937,0.023150427548369008,160.7431188414685,306.01159955742764,1.0216969305202348,0.0030167242876250697
a_ps[1],0.16772511449016167,0.21237565215631884,0.03192863302193114,45.286121548736986,65.16546732906224,1.0895739722911966,0.00084990103310831
a_ps[2],0.1578134602580283,0.211749510859468,0.03172680457643508,45.320084692958325,69.05909257284026,1.0895496213246616,0.0008505384317278905
a_ps[3],0.2736064929391137,0.21252697114065802,0.031837857278675,45.25428336041899,64.26546332399398,1.08988388714939,0.0008493035143052337
a_ps[4],0.15669935844110736,0.21175125384718663,0.031800833529800794,45.23394906633365,64.0698662793068,1.089355942521488,0.000848921893248724
a_ps[5],0.1652129503046175,0.21217110715097243,0.03202308578627592,44.696150011104876,65.06098026517307,1.0907705796483518,0.0008388288237384171
a_ps[6],0.10642802883382668,0.21273947136983143,0.03193161144417424,45.10713890717822,64.36656754603928,1.089401052393071,0.0008465420010965811
a_ps[7],0.24347385677775235,0.21140840088714605,0.03169641800203788,45.34886490950609,67.13435340670024,1.089548173707927,0.0008510785604680102
a_ps[8],-0.42054039228321155,0.21175265009801883,0.031920993107877146,44.81021457256416,65.44136371852348,1.090391327210494,0.0008409695146456957
a_ps[9],0.03393123102947378,0.2117922935454945,0.03194854463186567,44.83243030544549,66.51349758238891,1.089956260853709,0.0008413864453450222
a_ps[10],0.06263651099449963,0.21241299891433765,0.031961868188497396,45.213017019873966,63.78060175387833,1.0889317998849593,0.0008485290539570657
a_ps[11],-0.08829606817953904,0.21229713674241402,0.03182920300011218,45.4399821865639,65.78813905638187,1.0887939629226597,0.0008527885913838198
a_ps[12],-0.4233300603832645,0.21190605143963598,0.03186391986155889,45.17091093832625,62.31517354357725,1.0894441236997265,0.0008477388338855802
a_ps[13],-0.13506908296574363,0.2125231661667135,0.03204282494756919,45.061909844193046,63.92133132681853,1.0897266813944226,0.0008456931709021859
a_ps[14],-0.4867975389244637,0.21219230711246187,0.031950619227495064,45.02390265139681,66.57534962091549,1.0893270654587122,0.0008449798761593737
a_ps[15],0.11307177996676082,0.21244100391390275,0.03196763394655847,45.09088555687,64.95461781078966,1.0893765758579432,0.0008462369685889162
a_ps[16],0.19974182309915064,0.211609865698641,0.03172212762580979,45.40949687607216,65.34494801406028,1.0886323941408218,0.0008522164625285439
a_ps[17],0.16682574877890774,0.21202631146542206,0.03190829983127243,45.00936298660504,65.41057014805838,1.0895004428915758,0.000844707005008015
a_ps[18],0.060917909103172053,0.2120294620446812,0.031757120733201145,45.57114946095493,65.78552788576218,1.0887335837041692,0.000855250255094521
a_ps[19],-0.33409048215628334,0.21220891226498953,0.03203045623768311,44.746602095562594,61.176947121769444,1.0904195706091997,0.0008397756762671093
a_ps[20],0.07825804315871539,0.21183451022363395,0.03200070727241279,44.75123451639488,64.02741937289288,1.09008964546091,0.0008398626145854398
a_ps[21],0.3021353354795758,0.2119001769435247,0.03171061553545969,45.42442478283702,68.5743079272829,1.0892121934522874,0.0008524966199575247
a_ps[22],0.19984875815437692,0.21219690176829523,0.032034871874700735,44.846414270800274,63.99973672055309,1.0898622135165226,0.0008416488874839277
a_ps[23],0.06407219975331205,0.21184634967151994,0.03191685814481552,44.930191044943456,65.54518716792867,1.0901895340978311,0.0008432211565248554
b_ps[1],0.02704178732160113,0.20223339428060627,0.021496767892677834,90.73008453558118,200.74399392304966,1.0571579918612273,0.0017027643336117255
b_ps[2],0.03835015585412343,0.20250807894677772,0.021433750519839194,91.52061887585324,184.4344830571586,1.0558755859329283,0.0017176005776866736
b_ps[3],-0.15983315266491757,0.20316517636039327,0.021486727854249522,91.67927214810771,203.34424540268728,1.0559146331153968,0.0017205780810670408
b_ps[4],0.02089700007216269,0.2031560312661136,0.02157413638962747,91.17073196442475,205.24059544575456,1.0564023428874045,0.0017110341233884372
b_ps[5],-0.008438898029710611,0.20243365546980122,0.021362921126186204,92.09580862637281,209.22584342360747,1.0556957469807688,0.0017283953719079846
b_ps[6],-0.12717642124580267,0.20218250948032307,0.021414471562140793,91.39198807614702,212.60576919375458,1.05559454198769,0.0017151865169143855
b_ps[7],-0.014335521677605196,0.20202091099929328,0.021421119960330776,91.04802703091843,200.11955250032472,1.0568637100916436,0.001708731275491819
b_ps[8],-0.04271188093381064,0.20229998596054385,0.021370693209663998,91.91126233673978,190.84750940378132,1.0552768984855514,0.0017249319248992443
b_ps[9],-0.0022885094015723164,0.20306235972741404,0.021480443333713965,91.74231087986867,198.82767096354272,1.055881516351375,0.001721761151761046
b_ps[10],-0.02329157331175606,0.20238541714982786,0.02133324216557478,92.04538651341254,193.68148394836732,1.0559640881785233,0.001727449081865232
b_ps[11],-0.04781278413307862,0.2026741031390459,0.021457117519119776,91.52223393230896,203.711281194765,1.0568696933952821,0.0017176308880357011
b_ps[12],0.030496797087978787,0.2027316409795608,0.02148652320282738,91.29679376976061,194.17177468532282,1.0558887740954168,0.0017133999709136034
b_ps[13],-0.03141979991943112,0.20287582783322913,0.021379547504774676,92.21699342813704,212.104187624172,1.0547889920196263,0.0017306696909420312
b_ps[14],-0.033681989514848576,0.20232421846048132,0.021338689535694896,92.21928919926401,192.5370463987209,1.0556820241436817,0.001730712776509659
b_ps[15],-0.08104234852089649,0.20311771400919568,0.021308068254522024,93.43503025986152,211.36130388521659,1.054434650769828,0.0017535290289962407
b_ps[16],-0.007108003601543366,0.20322291330861453,0.021463475189421738,91.73817709246312,204.86447395260677,1.0553143267530882,0.0017216835714767011
b_ps[17],-0.08071020817063344,0.20329148162255367,0.02148994755161101,92.05151283277202,226.86861866686937,1.0554498436791138,0.0017275640567178958
b_ps[18],-0.03771132240304758,0.20297234023785082,0.021375845246524087,92.45366126718164,208.5884544622611,1.0554437945224975,0.0017351113219324671
b_ps[19],-0.028062682992006246,0.20283332394771703,0.021391781504741445,92.30118063556071,205.90088192516944,1.0549917325171363,0.0017322496627328783
b_ps[20],-0.04784719962984944,0.20296861110662218,0.021510839758803357,91.20129374374795,223.22575464101175,1.055947445648373,0.0017116076873619488
b_ps[21],0.025192560556495932,0.2022601504887139,0.021426561481159335,90.97591828209401,219.66507415971904,1.0565651615854066,0.0017073779845049532
b_ps[22],0.045666626473784534,0.20274144661861365,0.021347342487079472,92.29117853377225,204.22443004556462,1.055283640903506,0.0017320619496686426
b_ps[23],-0.06114422786804129,0.20270943965597849,0.021432116158076386,91.78759653467989,214.90712533544738,1.0560541367878507,0.0017226110440347227
a_e,-0.04168128120025119,0.3337303057561814,0.031473600665354005,114.77245196498318,227.63565630968347,1.036506320103005,0.0021539761445995053
b_e,0.02922081819128143,0.33567909353438,0.028729187049925314,140.79607698931918,154.8338187317751,1.029741582332953,0.0026423709339303504
σ,0.9694190953308954,0.0034978819697463895,0.00011315298267068104,963.5501596253329,1288.7951510501912,1.0026169520057402,0.018083294574827345
