parameters,mean,std,mcse,ess_bulk,ess_tail,rhat,ess_per_sec
a_ws[1],-0.09489019031248938,0.2913371622945731,0.01876683608726254,250.7597668964112,164.07733707513006,1.0254436529710376,0.0031202227690866912
a_ws[2],-0.024648230418527633,0.2903803540372487,0.018724501040216508,249.56960972593086,176.32064351096875,1.026494975946263,0.003105413553285902
a_ws[3],-0.013296650133073363,0.2931568274253357,0.018718018011464357,255.79332806824613,167.90294389938455,1.0240621486541155,0.0031828557519305383
a_ws[4],-0.06738097076365608,0.29085731647135055,0.018696283926516483,251.06639572515226,168.60929994358702,1.0249436861160568,0.0031240381748231763
a_ws[5],0.08271994618722209,0.2902572336470047,0.018758669203082244,248.86943255834018,155.90144311504122,1.0257381537496189,0.00309670119576639
a_ws[6],-0.07816363364505788,0.29676891178222964,0.01850351188986547,264.3337339599979,180.00186237956993,1.0234565640472895,0.0032891246691914735
a_ws[7],-0.05458982842307194,0.29058069816193166,0.018785394538193577,249.22418866632876,163.7335132154553,1.0259773284570415,0.0031011154528831457
a_ws[8],0.040021491894641284,0.292517953194578,0.018802246955426906,250.9408565736964,182.15625366435518,1.02243336505286,0.0031224760816547527
a_ws[9],-0.027768222224228874,0.29006282198101413,0.018749126593677605,248.46971827346044,155.00842240266405,1.0257524632645905,0.003091727520649974
a_ws[10],-0.00885631001343665,0.29072380564384437,0.018785122270191155,248.99242191133547,167.97110845170891,1.025300529991841,0.003098231561599477
a_ws[11],-0.06199238124801657,0.2955746780037039,0.01871588583072316,258.4238088314781,155.90030742769372,1.021348360903286,0.0032155870232691
a_ws[12],-0.008690949648449357,0.29356571286266864,0.01879344284000318,252.93840655639826,181.31493371847748,1.021982151710588,0.003147331747360447
b_ws[1],0.0025960195256891296,0.29807663761195946,0.027533814417073945,115.13051133357312,218.98026652065963,1.0361989043922344,0.00143257767115411
b_ws[2],0.01035583629702714,0.2981095333515538,0.027606105357622278,114.6792634839175,255.39306544568896,1.03613502219492,0.0014269627599886416
b_ws[3],-0.06313039458391156,0.30284933913657264,0.02848126592132841,111.08221179906081,173.60894724460985,1.0373781672003228,0.0013822043734755933
b_ws[4],0.05529777354655407,0.2988494713469443,0.027464126078079666,114.53727572534352,188.42805911750293,1.0364740999045856,0.0014251959955562232
b_ws[5],-0.02433568628881993,0.29751167318912064,0.027360189647607825,115.85086011574936,175.6285986223241,1.036001337581662,0.001441541025601471
b_ws[6],-0.288789982721286,0.309163929938038,0.02499905384995975,154.28133737615008,186.04011328284773,1.0289546149448767,0.0019197343644248642
b_ws[7],-0.04808254445941427,0.2980253729435574,0.02745296134996148,115.73517852352443,205.41218290788294,1.036182541453337,0.0014401015907890532
b_ws[8],0.04624653234791032,0.29954089063054284,0.02746113493993684,116.36177562294813,199.00945226445577,1.0356531074040738,0.001447898385948275
b_ws[9],0.03438347848419397,0.297784721864711,0.02761855426694236,113.9802029824841,177.13729333609922,1.036250703243365,0.0014182642972306878
b_ws[10],0.08086708120643828,0.2982855761327086,0.027544434532109828,114.61658565789536,218.75401375653115,1.036524347423495,0.001426182855052967
b_ws[11],-0.015639118767504977,0.3029455322537834,0.028818195165128454,110.67915422707212,298.92741391155005,1.0361796384674795,0.0013771890975844993
b_ws[12],0.0015489427700154934,0.301706876547247,0.027502019046284926,118.71098916984103,269.48475631881536,1.0345023081566393,0.0014771298280140599
a_ps[1],-0.06573490907307054,0.20594189045528868,0.01900693918069282,118.26976688413914,365.9025686208216,1.0159789789215723,0.001471639665700086
a_ps[2],-0.13875504420910728,0.20657297920179826,0.019093141204570955,117.83147505234744,374.9723525696855,1.0158515160138746,0.001466185967246035
a_ps[3],-0.10086129823984646,0.20637151375322868,0.01897290565560309,118.66823242478559,352.437139933631,1.0158909695154394,0.0014765978025974421
a_ps[4],-0.044176500237526,0.20689904505482773,0.01898393860121065,119.37166448569293,379.21010674340187,1.0157074615888952,0.0014853506610009808
a_ps[5],-0.08129774857480283,0.20689476544413893,0.019094431354360595,118.37039875886957,395.2193197261364,1.0157329325532842,0.0014728918357380311
a_ps[6],0.2068967449121828,0.20675913421497077,0.019024621042269832,119.43506668945219,372.36282207175515,1.0152615282565642,0.0014861395794236942
a_ps[7],-0.2831090510817116,0.20643550466058178,0.01903571110540856,118.45529237570514,380.8041799471392,1.015987299913293,0.00147394817344116
a_ps[8],0.09429471446370244,0.20663376325217808,0.019054515969569055,117.95627111033724,349.11874095149363,1.0159581864730638,0.0014677388140461873
a_ps[9],0.1960221834798184,0.2066652198057833,0.018888131368228152,121.15423283020952,383.84852770830724,1.0155242159850144,0.0015075312939025558
a_ps[10],0.05792159695460906,0.2064959105869635,0.018986966192979415,119.15076332195933,358.427292199552,1.015588934537445,0.0014826019710921883
a_ps[11],0.38316716746563534,0.20638598740135103,0.01899484682111616,118.9036702371948,317.9658859093413,1.0158369183999232,0.00147952737312654
a_ps[12],0.44040277935332356,0.20670044648013058,0.019047258162053826,118.6530473556926,360.2383851294454,1.0162187404521703,0.0014764088536327797
a_ps[13],0.021885694201509782,0.20624739765740166,0.018886462603839197,120.2551815566183,394.04831104568996,1.0158353238300766,0.0014963443308216938
a_ps[14],0.27202534680248064,0.20652198735259172,0.019039753440514402,118.29103274372893,407.13474741011527,1.0163857212872918,0.0014719042784013879
a_ps[15],-0.12340957393338295,0.20630261152996207,0.01885964338214779,120.48006450802377,377.5535261574079,1.0157949184672512,0.0014991425664160213
a_ps[16],-0.0745672282678637,0.2063999988052173,0.018913036243158928,119.80958418708053,334.3409753529137,1.0155045167834946,0.001490799729008233
a_ps[17],-0.1926371152881512,0.20634717038735478,0.019009455608918643,118.67132704482478,350.1010652759207,1.015373208165535,0.0014766363091889398
a_ps[18],-0.007923998109939745,0.20626564317983426,0.01900603582421589,118.56027441913406,393.45749590987384,1.015713424399715,0.0014752544729576508
a_ps[19],0.041384147165357654,0.206154563747239,0.019049336653857305,118.33194052291745,372.9575718348587,1.0155793628300331,0.0014724132969957046
a_ps[20],-0.07415882464720984,0.2063906225305256,0.01902313498549401,118.68195796057084,379.21602112141665,1.015591010471575,0.0014767685904786285
a_ps[21],-0.29495910418000826,0.20636106904353813,0.018908908197577245,119.59105837696858,361.6583211014174,1.0149969278883904,0.0014880805958044359
a_ps[22],-0.2688862318365088,0.2064320822248362,0.01903291032037729,118.12809605667539,376.87540821151043,1.015792450046051,0.0014698768448654729
a_ps[23],-0.1659232059827701,0.20651913552145001,0.019014967048592846,118.95872282457326,368.93197694272214,1.015968638480437,0.0014802123966403255
b_ps[1],-0.1273052604207612,0.22058264544270156,0.01957697573117094,124.47981063291452,273.2225354706561,1.038925513200903,0.0015489117103417527
b_ps[2],-0.08334106714771204,0.22081580875127038,0.019515064178483848,125.21846622577021,281.01299710889026,1.0391985845414953,0.0015581028578207407
b_ps[3],-0.03452348393470623,0.2214322930555555,0.019738968251257552,123.39866381891605,283.9392449260314,1.040299004176423,0.0015354589186618293
b_ps[4],-0.03901490933945089,0.22165889797007826,0.019684383838764224,124.05541046422513,289.9338620960336,1.0393541771085837,0.0015436308669036748
b_ps[5],-0.0826670195287864,0.22059488092081628,0.019666431600842728,123.2979513762144,271.3968199348344,1.0401252665122467,0.0015342057461105172
b_ps[6],-0.12370121354728902,0.2208995936181539,0.01965364673596908,124.18140428807209,243.53470080975998,1.0391974112666231,0.0015451986175950925
b_ps[7],-0.08068826370344627,0.22089453185173863,0.01962541647212409,123.96567226619703,286.6863278384671,1.0400808200502019,0.0015425142477098958
b_ps[8],0.027317367881525747,0.2204293251575576,0.019537665986476837,124.40956440929445,294.2560525332109,1.039641693499487,0.0015480376312616256
b_ps[9],-0.0619953055966313,0.22089590511450072,0.019661167492561887,123.78708950439056,274.30750801228857,1.0397573796466362,0.0015402921288809805
b_ps[10],0.0060282590187580535,0.2208839345973498,0.01978731036501502,122.2594808786062,274.6877246645644,1.040771943638811,0.00152128397906724
b_ps[11],0.050443213061116425,0.22129779044842057,0.01975682054759719,122.79953811022307,265.30071215361886,1.0402627065323569,0.0015280039520978298
b_ps[12],0.05587459664104179,0.2210422410115972,0.019639815855531036,124.13643000774881,285.29043436953964,1.0400591757603734,0.001544638999219207
b_ps[13],0.0057310885739076025,0.2209002925966455,0.0195935756680504,124.63921083382631,277.5102176862941,1.0395218298298536,0.001550895139112794
b_ps[14],0.05810960063302038,0.22103484407486704,0.019635950907585853,123.91591407536642,288.48134840844557,1.039536787656946,0.0015418951027732905
b_ps[15],-0.022069247626633894,0.22099292068784945,0.01970944196088431,122.80402949859412,273.55749817803854,1.0402110337173345,0.001528059838783456
b_ps[16],-0.12258022298279618,0.2210832135393301,0.019637703642954297,123.5740304299287,281.3722148011521,1.039939071458706,0.0015376410186828638
b_ps[17],-0.1123230648564086,0.2213537505079246,0.019838610860303543,121.69250959431204,277.67069512237816,1.0410554686724847,0.001514229112441033
b_ps[18],-0.061953826657709925,0.2214263999638378,0.019736608621470367,123.14655522207768,278.75661947469854,1.0398891750892283,0.0015323219122996305
b_ps[19],0.03023840335458495,0.2215000352605141,0.019797948671561705,122.50027115266606,270.82009828114866,1.040466050793372,0.0015242801506819895
b_ps[20],-0.04092553225510643,0.22068667473196235,0.019673744538564273,123.16397353977746,286.17736056624244,1.0395705452301842,0.0015325386497458272
b_ps[21],-0.1050819495578531,0.2210978030686279,0.01966855300346136,123.81969349625142,268.52930129507223,1.0395991191243388,0.001540697822820748
b_ps[22],-0.09758836997803476,0.22073464662629738,0.019579807195756114,124.42312144444627,274.06386682675884,1.039920979189134,0.00154820632247667
b_ps[23],-0.05659084283834838,0.22031977892343887,0.019673639837312087,123.17831222894583,262.88246656371984,1.0401780740476945,0.001532717067140993
a_e,0.02131293278892444,0.3409011961584434,0.024096266661496047,209.54555470976308,141.08904166356106,1.011971220895108,0.002607391205768668
b_e,0.0031701927159656406,0.36960566641331005,0.03944464831772704,87.7561718559745,57.13917744219629,1.06107166240144,0.0010919566920239274
σ,0.9732362245922492,0.0035358099266341405,9.792972815758932e-5,1322.3071649803042,1247.854264949415,1.0049365196033526,0.016453568189838133
