parameters,mean,std,mcse,ess_bulk,ess_tail,rhat,ess_per_sec
a_ws[1],-0.07027528821609885,0.24731621584025398,0.01436953820701517,291.4146165054035,265.1784009421484,1.0214446145301324,0.00524999120401074
a_ws[2],-0.08130508920546771,0.24692827793775557,0.014388148300176002,289.13420117065056,260.188586642777,1.02028099673478,0.005208908294057518
a_ws[3],-0.05795215752242443,0.24902700061791314,0.014083655689033565,305.6567723735345,295.7966215941032,1.0203913654805623,0.005506571309464892
a_ws[4],0.02124773369977681,0.24733668452416976,0.01442631253177962,287.8390243816178,266.1845664172029,1.0183870056696591,0.005185574986924192
a_ws[5],-0.1685070055769219,0.24687772232469463,0.014360486845782174,289.9370837447836,263.6805791491798,1.0203953760174278,0.005223372655875052
a_ws[6],0.23789585355694798,0.25513972426593884,0.014387971794836963,311.7656522149699,292.6116609258872,1.0155956697482806,0.005616626068620391
a_ws[7],-0.027846904504156736,0.24690365458407662,0.014431058078141823,288.82138545945423,253.4554985302759,1.0190852026799613,0.005203272750611033
a_ws[8],-0.09924052640052947,0.24900966800998703,0.014318865874225558,298.1146976466706,267.30461585623027,1.0204097846606028,0.005370696772865273
a_ws[9],-0.0005391545688545643,0.24632433946025314,0.014297093418364142,291.18238357724533,257.54505844637566,1.0198809888177935,0.005245807402783702
a_ws[10],-0.018559065841541687,0.24719243149341594,0.014396542272875769,290.37199177933326,258.39461302164136,1.0206781410900978,0.005231207758257079
a_ws[11],-0.019472426638371426,0.2511802393428343,0.01453762677110833,294.4171869219779,286.9819851094849,1.0163955369474946,0.005304084126546579
a_ws[12],-0.04830279519461871,0.2513917603381644,0.014221370668278489,308.99016032154066,286.1228517525672,1.0212385292479107,0.005566624087930324
b_ws[1],-0.025358341414752798,0.2550139626055948,0.015276707615296205,275.1534413613332,328.7648829311637,1.0213471034490047,0.004957037379329594
b_ws[2],-0.06431253728076983,0.25510900963092575,0.015216299618714135,278.04662570745097,362.53260512519154,1.0222946390092327,0.005009159652916438
b_ws[3],-0.0043424082027614585,0.259682235476643,0.01524214270068448,286.17920641315374,401.94716769283207,1.0185455644305934,0.005155672472633068
b_ws[4],-0.02813160479311631,0.25524736122308384,0.015134581598834785,281.2865833658821,395.0045366892467,1.0221298140006994,0.005067529234415503
b_ws[5],0.07964954190486563,0.2543303568722809,0.0152253074251066,275.2217756756831,343.00177574792497,1.0230148551082625,0.004958268458791466
b_ws[6],-0.05252605158664701,0.26943256227135004,0.015385899641458884,300.77780541160894,455.99982834564526,1.0181914279633462,0.005418674092976805
b_ws[7],-0.020483534333107508,0.2560712240936285,0.015345740954325176,274.9120373283694,377.3419864137414,1.0222578466917385,0.004952688355712075
b_ws[8],-0.0555260175443546,0.2555954001190984,0.015190666524515655,279.0504539017602,324.39986034234465,1.0216867120741848,0.0050272441582636974
b_ws[9],-0.00500931772849394,0.25469301928032784,0.015242098028900605,275.2984327110539,370.42966462254213,1.0229139271588596,0.004959649476553199
b_ws[10],-0.0010240094157836807,0.25502819058005877,0.01522143014930274,278.36108526247494,384.41972656194196,1.0221662566365561,0.005014824811094468
b_ws[11],-0.019917572560141313,0.26007989170818563,0.015316519462455207,286.6032114557219,408.19427258301386,1.0146705226641883,0.005163311151744752
b_ws[12],-0.04604098278827432,0.26022758118927236,0.0154343896271667,279.44731258496245,522.0805217005736,1.0194443811516467,0.005034393781096732
a_ps[1],0.0075782772863056515,0.19777058864404787,0.01953371392490796,105.51714187970138,403.7029796365703,1.020663371899757,0.0019009481177843176
a_ps[2],-0.055324083643407816,0.19738904997135218,0.019436410273901923,106.35759063150743,433.07534937818383,1.020614767086006,0.001916089254516976
a_ps[3],-0.25769836511474103,0.19740546149219687,0.01966169839466513,103.96961982680345,442.8424903114287,1.0213906458317348,0.0018730686748683987
a_ps[4],0.04003981008572398,0.1976896494792145,0.019550474217006387,105.12092061774192,418.6152290557306,1.0207566771234127,0.0018938099784381374
a_ps[5],0.05999126244107366,0.19775835592922764,0.019729967065394892,103.45133413075126,377.90222648071045,1.021782259618286,0.0018637314790267202
a_ps[6],-0.34341433114703346,0.19730849115996432,0.01969559821881093,103.18880213962672,493.1757532986542,1.0217343770762315,0.0018590018238683636
a_ps[7],0.027899855322165882,0.19786870709575793,0.019690447672228432,103.5868664359377,365.5074557768793,1.0213931630495914,0.001866173166470613
a_ps[8],-0.019988368284193748,0.19745753040190853,0.019576309215362867,104.70764856556839,396.6061308708257,1.0211683463208105,0.0018863646599266883
a_ps[9],0.07172602240507074,0.19771808975172533,0.01950302393073487,105.53564535236359,426.59018224717886,1.0208829130583583,0.0019012814678059642
a_ps[10],0.18701254673795964,0.19699957991840467,0.019506972780982148,105.02989731953758,490.6059535926041,1.0214744452272846,0.0018921701447171546
a_ps[11],0.3386120760430717,0.1976353581793228,0.019811235568378355,102.32497418289887,403.5877800244304,1.0217981512447016,0.0018434394981724743
a_ps[12],0.16025157296101758,0.19759143327543446,0.019650114476016348,104.0363090560367,421.7207414109365,1.0211556881870634,0.0018742701172362365
a_ps[13],-0.1290605757596179,0.19701102374163557,0.01956169373293128,104.65259140335928,424.8579670533986,1.0209653854489638,0.0018853727755085976
a_ps[14],-0.1079494656830738,0.1978219949738556,0.01954383763626222,105.44820706216656,486.375826071014,1.0209309536690916,0.0018997062199342788
a_ps[15],-0.28906563947799085,0.19778868048940057,0.019620954476552432,104.54731891673964,420.88596625397173,1.0213413641367481,0.0018834762349870372
a_ps[16],0.03202370417044928,0.19773536758864046,0.019715890630599007,103.47911165573788,503.0317013543695,1.0220028081740056,0.001864231906093824
a_ps[17],-0.001886237526305003,0.19759244959394023,0.019623261020311495,104.22228089981304,448.21562514841116,1.021196663107346,0.0018776205001227496
a_ps[18],0.0753883409216102,0.19762583698838201,0.019692645038733643,103.7125453417867,413.5261201746607,1.0216787498941937,0.0018684373396207086
a_ps[19],0.12930936329133355,0.19695873624920393,0.019470206414786317,104.97448651173772,410.3886480880111,1.0211217204803462,0.0018911718891833557
a_ps[20],0.07985814779882833,0.1974584293492146,0.019664942359746643,103.51172467796977,454.51106736735017,1.0209083530206733,0.0018648194472470675
a_ps[21],-0.07662742462353045,0.19736081550733967,0.019611512269439735,104.383990073563,294.8841769229873,1.0213577317408016,0.0018805337779465453
a_ps[22],-0.09813189001329016,0.19724069301818423,0.019526587464451524,105.27155703399511,392.5676365137053,1.021097796036815,0.0018965237745744348
a_ps[23],-0.15402487060352638,0.19699791952928553,0.01956022806865347,105.06320478633694,421.78504413318336,1.0210003155688738,0.0018927701966631465
b_ps[1],0.016255165462658514,0.2003367401211253,0.02498250042209537,64.6671871542149,89.32663541759636,1.0690946725452448,0.0011650141911857374
b_ps[2],-0.0034348630147874887,0.20043898096476168,0.0247398907143538,66.76097233957059,101.07099201666757,1.0679437078197522,0.0012027348585222763
b_ps[3],-0.025250376267883606,0.20105794935976584,0.024687375497216172,67.04553898289832,100.24679524034332,1.0675725192270369,0.0012078614798027767
b_ps[4],0.08833367700924633,0.2012903617948132,0.025018766852193963,65.59076240357929,88.92727449574366,1.068690993567499,0.0011816528965243737
b_ps[5],0.054659949433411285,0.20146517144430567,0.024844962898993777,66.49874307523471,95.3493788182085,1.0680902753933834,0.0011980106571499954
b_ps[6],-0.059415810563194074,0.20110704762147802,0.02495062392701095,65.93490198713441,100.11018705221568,1.0683530746924963,0.0011878527563951046
b_ps[7],0.027690205886028,0.20157800934922562,0.025109311006638834,65.24519261876434,97.22603891408879,1.068751886032708,0.0011754272708079754
b_ps[8],0.02528468232233577,0.20081811814210146,0.024777871201355793,66.38571440169764,103.40676519482884,1.0686386141024369,0.0011959743847454517
b_ps[9],0.07376586284342065,0.20119570656059652,0.024827609638966897,66.27976314338059,98.56588213013652,1.0684862074183026,0.0011940656157863351
b_ps[10],0.09489042427523822,0.2011529225930715,0.024796631128946055,66.6083505604459,105.26338943354784,1.0677856632049643,0.0011999852950049974
b_ps[11],0.17457281123605767,0.20109325436088085,0.025071450272750765,65.01842337818444,96.17663320275267,1.0685563742809328,0.0011713419008541226
b_ps[12],0.09144283827713062,0.20125413642580003,0.024744987826802917,66.99366927512001,95.10986710379844,1.067942357678343,0.0012069270190922731
b_ps[13],0.014849725273850797,0.20135616795081054,0.024989213173331845,65.48892974379932,100.11743200095198,1.0694112094650159,0.0011798183263352152
b_ps[14],0.05266252818948617,0.2006299636340352,0.024886572039652912,65.40862369166626,84.35003300719193,1.0687104399869982,0.0011783715695720053
b_ps[15],-0.03747009282487545,0.20084286710922503,0.024840008525974684,65.8503651239135,105.89598531345925,1.0679305871709264,0.0011863297792924232
b_ps[16],-0.01527561446144596,0.20111479672023974,0.02472007098712531,67.21169101604032,89.295723125498,1.0682260848540874,0.0012108547981304035
b_ps[17],0.03690165058975613,0.20130581180330065,0.02504673603802865,65.12630571919652,105.18055439135753,1.0699499182454382,0.0011732854593076193
b_ps[18],0.07520549745097384,0.20102222136915304,0.02490417532301214,65.95381192339399,91.9016755582643,1.0682963737384903,0.001188193429077284
b_ps[19],0.07938293858095855,0.20108975099588816,0.02467288091578838,66.9928603321178,89.8632740028745,1.0686866489574682,0.0012069124455485812
b_ps[20],0.09535326846226946,0.2008430479007758,0.02471745837195189,66.86345505066127,101.52824130584739,1.0675270809670456,0.0012045811397357626
b_ps[21],0.09525414925754364,0.20165322874808778,0.02497837023215955,66.00228120726563,93.87599473120291,1.0682176580123572,0.0011890666293204368
b_ps[22],-0.018312907533891483,0.2009925278730187,0.024578857067583088,67.55935630793111,91.54631967728227,1.0676971961087462,0.0012171181755349224
b_ps[23],-0.03674257516495435,0.2012556956576658,0.02479452183017403,66.7125595866496,97.08437081122733,1.0680780519462063,0.001201862676714634
a_e,0.054617973554352786,0.2890168725065949,0.021384207461811657,180.6688838565667,287.0289032408841,1.028366075553248,0.003254847208625946
b_e,-0.02712806731693841,0.2996128700478828,0.02003658530755856,224.71844094414007,457.13278188631415,1.0306386971920602,0.004048423694334037
σ,0.9873909064543921,0.003554150220777041,0.0001081156154787381,1076.7029664035672,1494.5689539897621,1.005601117151688,0.019397383599824288
