parameters,mean,std,mcse,ess_bulk,ess_tail,rhat,ess_per_sec
σ_aw,0.029438763614704107,0.010189934248143125,0.00042355259980877123,476.59847274151537,558.460614320702,1.0047901998034563,0.00391248388078989
a_ws[1],0.18464115581177679,0.6757993932320999,0.021924896388114876,944.4316958256946,642.8417945957328,1.0023070595307308,0.007753012226770448
a_ws[2],-0.9545863503082519,0.6660224919785911,0.019223820777825258,1197.5330316359389,589.5377710641502,1.0021546630389235,0.00983076730405337
a_ws[3],0.1471161122000631,0.7215130157076557,0.024067476605489673,899.9857755054694,635.4177010512674,1.0018030252381445,0.007388147551859782
a_ws[4],0.6966383840913383,0.6332700532797774,0.02182977742094988,859.7820289143801,710.8286080133989,1.0106968542747279,0.007058107655633953
a_ws[5],1.5350234735778128,0.6104984058516133,0.020146625929339405,915.9154122575039,830.2530620843954,0.9996370204818736,0.007518916848413896
a_ws[6],-1.0802103954749067,0.6288465641569921,0.02150672092991756,875.7401181766895,690.8421734702122,1.0009382338299115,0.007189110524039815
a_ws[7],0.01578480720287662,0.7241823205376965,0.022368777086236132,1050.2826514325802,831.5522775791399,0.9991584990285138,0.008621962047771567
a_ws[8],-0.029909147930413413,0.5270131521741359,0.016367204556796033,1032.7489675888503,635.1969652401059,1.0001396789142152,0.008478024835772431
a_ws[9],-0.3342610119434583,0.6148896253303957,0.018053283400576898,1182.5272744191823,656.4546502573332,1.001193593462258,0.009707582303287644
a_ws[10],-0.0025513329775178387,0.7887241979133567,0.024196146937128155,1062.583629006774,705.7398071542086,1.0004197056631159,0.00872294301860882
a_ws[11],-0.15313731678874243,0.7770737992174362,0.025201650395358665,971.50334702449,797.8835748552391,0.9997777330181334,0.007975248354243517
σ_bw,0.013859443407919576,0.009825933094120616,0.0005247754443563838,304.5696886369393,324.46702435534064,1.0125082975389648,0.002500268182805323
b_ws[1],-0.036279059441348974,0.8252387153528208,0.0342774630983198,571.5740100796426,583.1102872117608,1.0050281661422968,0.004692155407572801
b_ws[2],-0.15840357339945518,0.8497514664274333,0.03162917261866212,718.476641925812,708.4188605797796,1.0016858392513477,0.005898105934098029
b_ws[3],-0.2749245352289565,0.9149936048602082,0.040720600202242614,497.51029072796524,680.7738850018535,0.9999881740237586,0.004084152812751347
b_ws[4],-0.20076266122265388,0.8799943772434325,0.034814615141119436,639.9652593594235,640.1485279968438,1.0053532796128206,0.005253591659886075
b_ws[5],0.7681673937227345,0.7551723122379758,0.024494315062493142,893.110153757832,793.0521384123732,1.005794046592712,0.007331704317572228
b_ws[6],-0.22015682613069856,0.9148813366806133,0.03359718387430625,742.2246287429308,710.1090863922724,1.0086871817532008,0.00609305749382235
b_ws[7],-0.2919090083596438,0.9343697467756356,0.03614774287795503,677.8201978201586,619.1563144987092,1.0007418474938277,0.00556434976132096
b_ws[8],-0.2262632510091927,0.7361180114199974,0.025388758361345614,848.9110771402474,665.1115763866409,1.0041769231228337,0.006968866027685627
b_ws[9],0.3177000107639699,0.8749934051559166,0.032000255738058404,740.9133848192954,627.4462731527752,1.0044659077684068,0.00608229325304437
b_ws[10],0.49965856163235955,0.9393840739687054,0.03915653809189851,577.7956129124159,742.796307203911,1.006194838653682,0.004743229681176494
b_ws[11],-0.25465526586583115,0.9293707243467706,0.03351159253526789,772.3026355854373,742.0851776513058,1.0053808716450905,0.006339973343679508
σ_p[1],0.2494402910125165,0.039662381471746076,0.0012542461518570886,1006.1948294441754,651.6780081428682,0.9998945559521527,0.008260037067448938
σ_p[2],0.04957674833722935,0.010119776996517527,0.00033861177733484493,1003.000154150741,692.2466214469803,0.9999503813138291,0.008233811394676589
ρ_p[1, 1],1.0,0.0,NaN,NaN,NaN,NaN,NaN
ρ_p[2, 1],-0.039822718634718056,0.2192444376194647,0.007123506504581488,947.806815444653,753.0810895269445,1.0081115396529698,0.007780719199956814
ρ_p[1, 2],-0.039822718634718056,0.2192444376194647,0.007123506504581488,947.806815444653,753.0810895269445,1.0081115396529698,0.007780719199956814
ρ_p[2, 2],1.0,7.172912171833096e-17,2.765042704651415e-18,1013.8412097256199,970.0179060432629,1.001549213556516,0.008322807599266749
ab_p[1, 1],0.13690461960154174,0.05719437927913536,0.0017915940201291218,1022.7176719083151,863.4826687721032,1.008720345032237,0.0083956760980021
ab_p[2, 1],0.04313140902866323,0.022878901294324593,0.0007303697797116292,980.093831555787,664.771150168941,1.0028612480734258,0.008045769210224318
ab_p[1, 2],0.1281734071724892,0.05777066601362622,0.001862458508223236,969.9572617813897,733.2466130370077,1.0036426374989862,0.007962556258196373
ab_p[2, 2],0.05232056006274969,0.02302453595427659,0.0007750421737204973,882.4667491494373,717.9308215765783,0.997724894212887,0.007244330665853344
ab_p[1, 3],0.24058785174490802,0.05810703902257059,0.0017836841590635902,1059.1396947810094,563.3491823400517,1.0061581217104765,0.008694671133750909
ab_p[2, 3],-0.10457894178206237,0.02313151076346669,0.0007044550487824965,1076.7185097264314,783.6856832079254,0.9995520614751275,0.008838978835203938
ab_p[1, 4],0.12295521636517524,0.0593178594023939,0.0018675349320113911,1029.439601586431,869.5415919827259,1.0096150083365953,0.008450857646029628
ab_p[2, 4],0.0403285630648783,0.0209422555244923,0.0006818536047531204,948.0773426460993,829.2551949015708,1.004411237595235,0.007782940007146744
ab_p[1, 5],0.13650911417960054,0.057852671069857024,0.0018492951566895842,975.3023460282079,704.5346669095618,1.0056537240529864,0.0080064350306919
ab_p[2, 5],0.016042420676651965,0.0218116760644932,0.000671756349299162,1048.2890788115674,821.0409750138817,0.9988940565077539,0.00860559644613623
ab_p[1, 6],0.07521233061346663,0.05780532504553205,0.0017852566317228796,1047.729821336748,954.2139440249748,1.008855911790962,0.008601005399415381
ab_p[2, 6],-0.07767005638228655,0.02385310162815174,0.0008069352395008243,873.0127364192224,686.5389484787238,1.0018584085750217,0.007166720949223368
ab_p[1, 7],0.2103084141101522,0.058521489964095647,0.0018589561579101643,996.3232651499367,633.9734994971955,1.006707713479387,0.008178999593792707
ab_p[2, 7],0.009725799832906917,0.022357891130232756,0.0006856621721107115,1053.2192486358308,683.8058297886213,1.000426638016371,0.008646069110381316
ab_p[1, 8],-0.44510602933087967,0.057005464827030145,0.0017742203848523084,1029.9804346398585,597.0650611415233,1.0037944241379422,0.008455297443311312
ab_p[2, 8],-0.009527819701717666,0.022971921226520482,0.0007061138929883152,1051.8933966021837,637.8034318956875,1.0037574875058437,0.008635184948961079
ab_p[1, 9],0.0053440447278220475,0.05758786357161622,0.0018070669231142122,1022.2808985115304,753.4651498947394,1.011744264462902,0.00839209054544116
ab_p[2, 9],0.020693507771452114,0.02423504128284595,0.000725722245091719,1115.6195296660203,654.2772886994645,1.0082105035380033,0.00915832441049384
ab_p[1, 10],0.032985995864286265,0.05755641381638374,0.0018651572624966925,955.6462089569492,841.0312489091983,1.0119904544390868,0.007845074212627328
ab_p[2, 10],0.003503551299093659,0.02293971694633929,0.0007716936769605844,885.7836108550368,733.8113985456256,0.9999282193693669,0.007271559389192132
ab_p[1, 11],-0.11966499962976425,0.05831526396422169,0.0017613973651015395,1096.0037101214857,721.930898467168,1.0094747507654656,0.00899729456636738
ab_p[2, 11],-0.015440095242104056,0.02282704361318999,0.0006967737202904281,1084.9851733631567,673.8963188159081,1.0141247955925372,0.008906841386337502
ab_p[1, 12],-0.4499929666225827,0.05679252416465334,0.0018117293444060848,1013.9514125269216,702.4950605310793,1.0121432692270094,0.008323712274183624
ab_p[2, 12],0.048258900793162425,0.021952268528975416,0.0007278547651138981,917.7114954140686,778.7963467903946,1.0021430049224547,0.007533661222977658
ab_p[1, 13],-0.16352475278215334,0.057920306012844446,0.0017791100721773986,1062.771653018648,617.1220882187686,1.0090123557377366,0.008724486542051997
ab_p[2, 13],-0.0003548339065682301,0.02377772297699952,0.0007216289479047768,1076.7122061921157,721.6146769551826,1.0011672644444707,0.008838927088339832
ab_p[1, 14],-0.5144645737830384,0.058461323953978406,0.0018243240803910844,1027.015693191856,639.5384812178496,1.010654974070016,0.008430959339457776
ab_p[2, 14],-0.0026251152429329133,0.022406984899050894,0.0007007222736323607,1019.8495004829917,807.743224577166,1.0047363833675798,0.008372130755096636
ab_p[1, 15],0.08181531719630972,0.05763457019389496,0.001848394475914159,970.035470167543,705.4909952831623,1.0106663873881587,0.00796319828511771
ab_p[2, 15],-0.04308178916392625,0.024014384694453373,0.0007575819570432931,1005.7179246440581,637.3896572702579,1.0038484855605245,0.00825612206887079
ab_p[1, 16],0.16860653796567038,0.05829180879196546,0.0019581880608512425,890.090985539679,734.9817360416907,1.0057857555092256,0.007306919414425206
ab_p[2, 16],0.01711065349264573,0.022837811756440746,0.0007491388493612685,937.4153790814057,606.02135144407,1.0024396437665979,0.007695414001567081
ab_p[1, 17],0.13695680190977522,0.0583853769325306,0.0017984585512543364,1044.5812180600021,681.1229091119098,1.0071373619805535,0.008575157940239926
ab_p[2, 17],-0.04254923208171022,0.021497232709111136,0.0007399565920278902,821.0743223204736,731.8965437459124,0.9998559842268525,0.006740349024894195
ab_p[1, 18],0.029216073818175217,0.05691813342545152,0.0018407961763245034,940.2588709810843,796.3550817207991,1.0103596090943672,0.007718756745740503
ab_p[2, 18],-0.007547648004190853,0.024226820063018822,0.000743816450892762,1069.1149207691467,776.7627081515739,1.006298940576522,0.008776559585179058
ab_p[1, 19],-0.358421407945177,0.05623971772953766,0.0017627731913284323,1018.5977895632949,794.8854283630442,1.0078892788616005,0.008361855231617612
ab_p[2, 19],0.001259651555165709,0.02253677768591349,0.0006808878787132835,1095.4056921783651,806.831437471598,1.0024574989736281,0.008992385327885303
ab_p[1, 20],0.045954353204891885,0.05773182073939539,0.001783330147575566,1044.0880548820132,665.5294029294472,1.0149045696698242,0.008571109473669352
ab_p[2, 20],-0.016820622109974266,0.022745148759510933,0.0007008049160178415,1054.356021640064,716.6543989540111,1.0036806852652016,0.008655401087526764
ab_p[1, 21],0.2695247550443203,0.057252437897909736,0.0018272019372506533,981.8928993869232,617.6600760107002,1.0030541263926185,0.008060538086526584
ab_p[2, 21],0.041103255177076296,0.023020030587974624,0.0007272168788701028,1009.9641258492744,708.3820755771743,1.0000654815372239,0.008290979909842114
ab_p[1, 22],0.1680454905689855,0.05687003513427188,0.001812846533141007,981.3776155957166,558.7327707141297,1.0008072062001876,0.00805630802780329
ab_p[2, 22],0.060634904054181045,0.02404378034112809,0.0007490369546805032,1031.8303527283197,729.4304738126643,0.9995490364663075,0.008470483758660274
ab_p[1, 23],0.034041770570065244,0.057220615990494404,0.0017609522391393065,1053.844825351668,669.1660577563518,1.0022428887877493,0.008651204583860346
ab_p[2, 23],-0.026136636409950627,0.023982971866827126,0.0007257376749793523,1094.4410947101717,636.53045099288,1.000747327342631,0.008984466771151268
a_e,-0.006277468450281919,0.054726812847886455,0.0017140167075811719,1015.5102822882192,621.2994289383098,1.0107185446043367,0.008336509320674866
b_e,0.03447231027164175,0.012687242045023547,0.0004368756032862768,833.1368648647808,758.4745376834463,1.0017657256393873,0.00683937263903729
σ,0.9695579366192968,0.003348870401271107,0.00010961331228300597,937.6523747695147,690.0841181475038,1.0040289770103947,0.007697359542441791
