parameters,mean,std,mcse,ess_bulk,ess_tail,rhat,ess_per_sec
σ_aw,0.0607389586647055,0.018893314886973385,0.0009296916158848687,406.97366398530266,551.7014394503257,1.0035514356196125,0.003299476786555517
a_ws[1],0.908453810982539,0.5196389283919643,0.016108373404026977,1061.9437317499157,564.8239853160189,1.0018087272833092,0.008609546517642782
a_ws[2],0.5309913474644719,0.4683559383219098,0.016215968915359823,834.0555066677094,788.7294989270205,1.0013766561405448,0.006761977558941727
a_ws[3],-0.9143162528423409,0.5292704390097025,0.018073643230177894,893.6364450563659,671.8944144064069,1.0061554010827747,0.0072450209116970195
a_ws[4],-0.6621817691673012,0.46109365061883034,0.01769034850516471,680.7992983834325,820.6430736442397,1.0025239442535228,0.005519476271075222
a_ws[5],1.7393472375468606,0.5725651460933173,0.022925769641257338,624.190059934693,807.9971038471896,1.0008373505648687,0.005060525521444042
a_ws[6],-0.3723956437115788,0.42649730854824247,0.016357641528736557,682.4605777764036,740.9958726232842,1.0007193619493278,0.005532944839875017
a_ws[7],-0.6926382604152599,0.5065245722778086,0.017673111069326147,851.9319721327264,758.4504628706991,1.002387376404364,0.0069069082707963764
a_ws[8],0.10783676577168498,0.3777285274683097,0.01391905729093603,735.4172029105733,713.6217547446153,1.0037521375558187,0.005962282585255086
a_ws[9],0.42354221473531767,0.4532707305850301,0.014557926800339238,975.0164321314445,842.6456087005498,1.0016275720018952,0.007904796720320613
a_ws[10],-0.44181535012912915,0.5852303033440731,0.018774411103195787,972.3841390435671,697.1126926258454,1.005162335845606,0.007883455806380847
a_ws[11],-0.7101938800043679,0.5965673484167917,0.01845204021659758,1047.5185468518553,788.6434559680824,0.9994761079798306,0.00849259653555588
σ_bw,0.015259856563419057,0.01126400306324161,0.0006073761391428686,281.80976465921344,474.2043218223876,1.0140615448773016,0.0022847296004670403
b_ws[1],-0.4399882632871583,0.8724514915439847,0.031113415755478855,810.392407528495,735.7430998009537,1.0134091811463344,0.006570132598893847
b_ws[2],-0.736675373939159,0.9586413227523004,0.038260975795041896,636.4644908563462,516.9038767042423,1.008568315520065,0.005160038594348034
b_ws[3],-0.033001641273052676,1.0067165984635926,0.03831791321513037,695.2188456590845,567.545787987905,0.9994575661296057,0.005636380546999995
b_ws[4],0.37243397875228734,0.8773650610206934,0.031910408473272825,764.2185985448951,657.0943566834384,1.0029093342478796,0.006195785498896393
b_ws[5],-0.2711480031362336,0.7373439988759534,0.024852265391278435,882.5987326895105,740.8950173875535,1.0063148431698905,0.007155534345479233
b_ws[6],0.08768397329127024,0.8854296167703364,0.03095291746730776,872.2903191889666,536.0769045784033,1.0001510743263016,0.007071960458367735
b_ws[7],-0.1366774766211966,0.9163217216120685,0.032539302278388624,791.6466219723391,637.8839722691724,1.0111054709656875,0.006418154007250831
b_ws[8],0.6150661143724854,0.802055744165711,0.027259379378954354,855.9806492748392,779.6137099248832,1.007093951961552,0.00693973230200234
b_ws[9],0.27586683844861165,0.9117780708002632,0.03198456392854718,816.1820873121998,728.1182470082831,1.0070417558354716,0.006617071542954398
b_ws[10],0.343714135490035,0.9860144056674877,0.04202854943634452,552.8029388063619,642.3484275073662,1.0047157065710839,0.004481765346361899
b_ws[11],-0.1935358993910346,0.9494821349848216,0.032705449715696125,845.1005111464167,759.5937350357899,1.0104051060165478,0.0068515232448419635
σ_p[1],0.22091492167079854,0.03635989405400845,0.0011920814129004582,952.6269228343523,766.2500646751466,1.0034637457452875,0.007723277195286206
σ_p[2],0.03826337563598748,0.008503759715556492,0.0003381122565524961,597.2437384583793,540.4954905085986,1.006677658901793,0.004842062338044121
ρ_p[1, 1],1.0,0.0,NaN,NaN,NaN,NaN,NaN
ρ_p[2, 1],-0.20401115729152258,0.21624981387557618,0.006559966484264509,1097.955271961504,699.5366990349686,1.0068388557863395,0.0089015045765813
ρ_p[1, 2],-0.20401115729152258,0.21624981387557618,0.006559966484264509,1097.955271961504,699.5366990349686,1.0068388557863395,0.0089015045765813
ρ_p[2, 2],1.0,6.765726543039241e-17,3.5873021755682575e-18,971.0492099569182,921.8255729141198,1.0021468591008251,0.00787263307281631
ab_p[1, 1],0.05529872986505112,0.05292672600556937,0.0016215808164593342,1070.821769523855,761.5625522007841,1.0085182320869845,0.008681523852142572
ab_p[2, 1],0.0024396220883620996,0.02115324240858597,0.0006491861394672152,1056.082177054348,742.9103094701179,1.0002879372322708,0.008562024858718311
ab_p[1, 2],-0.16557747018497382,0.05291649594613289,0.001600180241416607,1080.6973539048224,705.861845194155,1.0060445886270262,0.00876158864331257
ab_p[2, 2],0.04505402529732302,0.020974280435677162,0.0007192093237289963,856.6863943217875,630.0259599774494,1.0079439850549996,0.0069454540221176655
ab_p[1, 3],-0.4062227214454092,0.05354537291971896,0.0016600178237424447,1036.0899430667966,673.9951649325768,1.0045099696309163,0.008399940876901508
ab_p[2, 3],-0.02697933598240821,0.022244625037891607,0.000685933476490328,1045.4226982359182,692.5709455681623,1.0111577303301404,0.00847560476319228
ab_p[1, 4],0.0973570751163933,0.05329563807226913,0.0016158851976521217,1087.3904049684218,690.5125682869032,1.0052214394894121,0.00881585153197058
ab_p[2, 4],0.0072653090793774406,0.020783697892746252,0.0006495650005781875,1015.8492789996454,608.5738329080044,1.0106604278885591,0.00823584278617973
ab_p[1, 5],-0.10564090598236897,0.05278866980130506,0.001597687140320919,1090.0307907014005,697.0970224826605,1.003996194525514,0.008837258055793778
ab_p[2, 5],-0.01959008747094822,0.021814418122453223,0.0006561979378423786,1107.7431891878914,703.8445216831867,1.014321847794632,0.00898085861969294
ab_p[1, 6],-0.07572595892918477,0.054105740456768005,0.0016463953540758996,1075.573406052637,735.6209762173123,1.0078942915337576,0.008720047019148856
ab_p[2, 6],0.05397350652654036,0.02158727049796517,0.0006684390524376961,1064.5049379693874,728.4475299793495,1.0043654800898394,0.008630311105660529
ab_p[1, 7],0.11543043316535093,0.05292807999214754,0.001706762202916067,987.8879418805785,630.1612615035056,1.004990763820333,0.0080091505185721
ab_p[2, 7],-0.013519410399089448,0.021080945985213886,0.0007086106041439677,888.2603130636455,583.4523770275055,1.0010526573375902,0.007201434743153003
ab_p[1, 8],0.09658191066699962,0.05253541167128853,0.0015604287765003276,1109.2878539373119,708.797829522681,1.002105815732675,0.008993381753091341
ab_p[2, 8],0.0201017118537726,0.020466162329686555,0.0006776425390131112,913.4855041634422,512.0271019337961,1.0152389318611752,0.00740594412505053
ab_p[1, 9],-0.037899182016807434,0.05289261096907622,0.0016653822144772064,1021.556150119872,606.516995974484,1.0125380623507214,0.008282110371656052
ab_p[2, 9],0.040555967595023515,0.02032948933030468,0.0006309640547917362,1084.1800401805501,891.2810375615085,1.0045749993692261,0.008789823990064723
ab_p[1, 10],0.2945580721315947,0.053314645015367056,0.0016280857320765515,1059.2736518994716,713.1252815342666,1.0085674142539474,0.008587899253300123
ab_p[2, 10],-0.03648782541753566,0.020692549957560417,0.0007783155731066471,710.5074215308078,724.8558694877204,1.0037683276217952,0.005760330339461419
ab_p[1, 11],0.489318265324058,0.05366763611272991,0.0016263452427288496,1082.3457949879835,556.1351515340104,1.0039871767314075,0.008774953127477548
ab_p[2, 11],-0.05090521910156114,0.021905462738630053,0.0007754243759482669,798.1117680399843,643.5676645658508,1.0037376597820766,0.006470569190982859
ab_p[1, 12],0.1836812989835362,0.052756643287256516,0.001590440233756066,1099.779382298295,731.1809213266196,0.999953514563142,0.008916293272374096
ab_p[2, 12],-0.04262131792580867,0.0230776247311149,0.0007114948715953081,1036.9046703782583,472.90539672700965,1.0029927620447892,0.008406546154071574
ab_p[1, 13],-0.07922691727892205,0.051398162363315625,0.0015667198342559719,1060.9898402873462,658.485946375566,1.0025131709708925,0.00860181298838484
ab_p[2, 13],-0.027032578692110548,0.020650911650139173,0.0006545344329017459,999.0139306428925,654.7034927321179,1.006065673888919,0.008099352772175564
ab_p[1, 14],-0.0619657080772128,0.052308828481441146,0.0016048371030897978,1060.402983586917,605.3819515306759,1.0028508940952339,0.008597055137370257
ab_p[2, 14],0.03391781667711651,0.020628991118429214,0.0006694453635553645,947.7448394022036,622.7701060829868,1.003426863194747,0.007683696449945929
ab_p[1, 15],-0.22419797351888032,0.05406495167325627,0.0017487444288298592,940.3596490601935,606.9742366158246,1.006886465380886,0.007623822147861762
ab_p[2, 15],0.02894340465281701,0.02075830633242638,0.0007097378055635073,850.6344490396107,593.4586749935538,1.0036113235776962,0.006896388800607982
ab_p[1, 16],0.2174998887615526,0.05422491895550954,0.001534452063643559,1227.931220453729,737.5146902049452,1.00510839590321,0.009955264715901076
ab_p[2, 16],0.012190515991796404,0.020997588156111132,0.000748541164306541,783.3353343425458,589.0142472405248,1.002132477173121,0.006350771512933264
ab_p[1, 17],0.12672859694796826,0.05393405184092975,0.0016121432311670327,1106.575503650164,787.0882405910298,1.0015538087452422,0.008971391787642925
ab_p[2, 17],0.013489444518276234,0.020333484827212308,0.0006908140641639308,863.132612821411,516.7900848538377,1.0020717836782809,0.006997715753484492
ab_p[1, 18],0.020574281169161927,0.053804099115429334,0.0016713971242903662,1031.829757320028,650.5528951816964,1.0051119279637355,0.008365402072006296
ab_p[2, 18],-0.031285925212330534,0.021461122345002057,0.0006628497094630204,1052.9859681137307,741.138374340034,1.0018367905198828,0.008536922817898635
ab_p[1, 19],0.23598545621705785,0.053785785955932204,0.0016603635933552514,1041.3739891971175,681.188712852375,1.008577385073942,0.008442780473388792
ab_p[2, 19],0.013466289757756626,0.02090533353174441,0.0006688779694756842,980.8878164452395,647.810723323478,0.9991450177360419,0.007952398071372687
ab_p[1, 20],-0.09060527576512258,0.05377506749879894,0.001640252672106619,1067.4330766391572,758.2941116375843,1.0039683399752428,0.008654050542444012
ab_p[2, 20],-0.03718685618868253,0.02129252327694519,0.0006298963248706053,1145.4518945218665,716.7409277923583,1.0004839819988163,0.009286576185498394
ab_p[1, 21],-0.19697033970091057,0.05253200330965399,0.0017041064426184212,961.166131994886,635.4741665339906,1.0020256933463512,0.007792507528583008
ab_p[2, 21],0.005975390019902066,0.02108215344162033,0.0006880092078555255,937.0256302271596,712.7475469423882,1.0052152085162505,0.0075967920996817115
ab_p[1, 22],-0.19404839795662018,0.053600167732344065,0.0016522927048137198,1049.5811202120676,672.4945015082994,1.0087057669280235,0.008509318533868857
ab_p[2, 22],0.0018957643960376249,0.019795209355978026,0.00065821109659053,904.6090107217489,917.8819210624109,1.0005959341762227,0.007333979310988416
ab_p[1, 23],-0.24846497893384167,0.05352128150839649,0.0016612567279959492,1029.717999723647,595.7715308139899,1.014002057425463,0.008348281320014975
ab_p[2, 23],-0.0020006232974203,0.021121162054037683,0.0006817231031933803,988.4729187011402,625.5147078858712,1.0017892443934149,0.008013893128747942
a_e,-0.011759524895689157,0.05384811198659825,0.0016791715718364772,1020.6777868383656,666.5963095296896,1.00351714918509,0.008274989175583773
b_e,0.02917871582558482,0.012304630050009771,0.00040190614213035035,946.364595892247,862.0820978779401,1.0057283568529831,0.007672506336619431
σ,0.9751440460790879,0.0034201779365343543,0.00011234149282338007,928.8686047296904,666.0693692669984,1.002043498656968,0.007530660262027438
