parameters,mean,std,mcse,ess_bulk,ess_tail,rhat,ess_per_sec
σ_aw,0.05646789915732596,0.01708333421734469,0.0007048547628636231,546.8514923142072,626.037314471322,1.0056254528548756,0.005063514477373001
a_ws[1],-1.1731795837099401,0.590212771820322,0.020112933818180464,886.9193422486854,711.3192587509698,1.0029126637810168,0.008212337339948196
a_ws[2],-0.12373480877071578,0.4415152537333211,0.014503832627937393,930.5360025804573,807.7559181684194,1.0016377014851006,0.008616201266715523
a_ws[3],0.5701585660818336,0.5852132111125833,0.021590911768830816,729.6032908893031,652.2215265014502,0.9996582388456663,0.0067556857356700535
a_ws[4],-0.9959031528476274,0.5245228575818124,0.018336096652664773,816.5313945702004,883.7480686013579,1.0049432661507678,0.007560587464320542
a_ws[5],1.7732372734924504,0.5827694205777292,0.024370525609830985,583.9917159398491,654.6566289364602,1.003069118916378,0.005407410512520426
a_ws[6],-0.43193882689243707,0.4625830910338015,0.015756969836199595,861.4987979183052,869.2458681052573,1.0007411211147548,0.007976958455463734
a_ws[7],0.5848050858309412,0.549094518977588,0.01989474482632271,759.5243107927436,763.3230217677935,1.0047394162295955,0.00703273630531865
a_ws[8],-0.19400402223021107,0.37444895664756384,0.013970764810657281,714.1028310577215,834.246127707859,1.0035583791124327,0.006612160841130576
a_ws[9],0.04791324534263425,0.4932979744182905,0.015442752755184277,1001.7960946178097,793.8774913183613,0.9990723853109776,0.00927602667226227
a_ws[10],-0.38595538968732523,0.6684499296309002,0.02459014542695758,744.8834215307344,693.4092537132485,1.0047112515167922,0.006897170515004956
a_ws[11],0.1895803068042409,0.6598463628645094,0.02289991936245827,830.3898966357966,607.3644061937215,1.0030704400349115,0.007688908821819061
σ_bw,0.037282826141310246,0.015574972334214225,0.0007261016022912651,434.94985402674826,683.484405047315,1.005938430906411,0.00402737290425146
b_ws[1],-0.31066773122552854,0.5891557335593257,0.020687310504059767,814.0670831974152,830.9943941762722,1.0055929223037339,0.007537769429647093
b_ws[2],-0.04678842310090712,0.6291157105879778,0.019283362149858253,1048.902381516273,806.4051406095981,1.0034890898365842,0.009712202433027325
b_ws[3],-0.6958253471708531,0.8324053775761602,0.03417833820193483,587.9278457528109,624.8912130510723,1.009690668819773,0.005443856696855423
b_ws[4],0.9619830714740565,0.6585427953041616,0.02541514485032564,689.4239943144955,649.6068322397728,1.0053967000571302,0.006383649720853246
b_ws[5],-0.9393385262314735,0.5330182853063863,0.02396746945906243,542.3026757312548,798.351860964946,1.0046447450541305,0.005021395183659051
b_ws[6],-0.9438096185635196,0.6547457732470489,0.020883202805020682,984.6493280076365,808.0919577126446,1.0019927466649654,0.00911725797145225
b_ws[7],0.33960550886549035,0.6957563214014849,0.027259167360381482,643.8744927102791,612.4064844518963,1.0011052990736347,0.0059618888514917446
b_ws[8],0.6305417827843468,0.5269637527258093,0.019484093008933657,745.3453399622431,753.071402766571,1.0013221246956225,0.006901447600645542
b_ws[9],1.1169150241470485,0.6797977725069257,0.024802570101124844,755.4635635327686,582.1029687596882,1.0118973034156895,0.006995136238703084
b_ws[10],-0.0953473243415104,0.8130393014417168,0.03158468983012486,662.7250813427039,653.779883372453,1.0079275381535597,0.006136433914984855
b_ws[11],-0.13616761784470938,0.826388679157277,0.0313585359997377,704.1442023875667,528.0766506113854,1.0030255929993197,0.006519949955442552
σ_p[1],0.2059669297856051,0.03295827648468013,0.001066332257114199,1058.5128433469117,762.0679882161146,1.0021298586582206,0.009801189504101679
σ_p[2],0.05881106745544698,0.010549071564535844,0.00036353373152816517,897.2786606753261,810.8021842712544,1.001012169299865,0.008308258370733047
ρ_p[1, 1],1.0,0.0,NaN,NaN,NaN,NaN,NaN
ρ_p[2, 1],0.6157875756737787,0.1466370303254467,0.0039952601270355275,1300.1259298539744,872.2385915812274,0.9995811958155778,0.012038380731785748
ρ_p[1, 2],0.6157875756737787,0.1466370303254467,0.0039952601270355275,1300.1259298539744,872.2385915812274,0.9995811958155778,0.012038380731785748
ρ_p[2, 2],1.0,3.7831754285856605e-17,1.6293318822683727e-18,845.879922452295,834.0610042304079,1.0024012249570498,0.007832337103681836
ab_p[1, 1],-0.0612806828520721,0.04842978226403309,0.0013917155681471118,1164.2928089467512,916.7453537016413,1.0044114599925835,0.010780648086109262
ab_p[2, 1],-0.06674932885060009,0.02383246404859133,0.0007630088287701513,972.4501164196517,913.3676993143487,0.9992213554111272,0.00900430064143402
ab_p[1, 2],-0.12891371874355484,0.04915538643751905,0.0014288172340028165,1170.1255670075889,739.083810670619,1.0019423327036958,0.010834655902306456
ab_p[2, 2],-0.03478642009731138,0.024033128486990636,0.0007718774628912048,970.9773904787696,793.8148604112818,1.0088754720033992,0.00899066408886414
ab_p[1, 3],-0.09068950221455564,0.048739408462701236,0.0013278354983045355,1299.6445657466027,777.8477190650411,1.0010631155272192,0.012033923590933394
ab_p[2, 3],0.004489352312111558,0.02459161228029163,0.0007694881911612965,1028.2167565161806,582.0029696632989,1.0025613564101135,0.009520666041276393
ab_p[1, 4],-0.03364555300665609,0.04845075376051064,0.0014013559130956518,1170.352431775583,900.8939970015322,1.0002731370134799,0.010836756533013858
ab_p[2, 4],0.0034526090341622747,0.02378472720032546,0.0007674676576362348,963.490266963679,878.4183314157387,1.000462779994208,0.008921337847927858
ab_p[1, 5],-0.07242439959110687,0.04884110302203292,0.0013970461949817498,1191.5253397094243,833.2211056349828,1.0040895509796017,0.01103280487037396
ab_p[2, 5],-0.032688797303152245,0.0247969361409348,0.0007844488335172143,987.2583116076452,785.5984315269393,1.0011634520095674,0.009141415583556346
ab_p[1, 6],0.20782068882626192,0.05074743233018243,0.0014625568303847328,1180.5932919354584,809.6321260180644,1.0032134580773784,0.010931580711806601
ab_p[2, 6],-0.05236340609079141,0.025089014758906056,0.0007809437198353413,1033.31291035397,732.6879204895439,1.0014387869335237,0.009567853347335236
ab_p[1, 7],-0.26885905905879215,0.04912514341195956,0.0013665249529980301,1243.3204450147468,906.1717460246211,0.9999913602929971,0.011512396257170193
ab_p[2, 7],-0.03886292850531867,0.02430401538612875,0.0008208101323957346,872.8474883291332,564.8951366299449,1.005950011955069,0.008082040473163401
ab_p[1, 8],0.10426796558815876,0.05014783848782883,0.0014335194494063301,1184.509483395324,759.3122114178736,1.0012086580201793,0.010967842279036267
ab_p[2, 8],0.05877591718681747,0.02497011372188775,0.0007993063115035696,968.795470747014,693.7031275479593,1.0098863593952516,0.008970460830199789
ab_p[1, 9],0.2007080187100345,0.04940699541884525,0.0014384758680867258,1157.9953737567057,750.4511058388873,1.0013764617011027,0.010722337640397263
ab_p[2, 9],-0.0059698820466001015,0.02425665411386046,0.0007599604653413145,1022.2167355263703,695.1118638892661,1.0012842293118955,0.009465109471396923
ab_p[1, 10],0.0661319206966075,0.04972896914202827,0.0014453002645997603,1177.4680423099312,642.3033081400825,1.0077264018199437,0.010902642788171626
ab_p[2, 10],0.04274354871301118,0.024834226700176376,0.0007889147114827997,992.318100510923,713.0074317313071,1.0000033105920763,0.009188266172288904
ab_p[1, 11],0.39044075850153415,0.048833009082475856,0.0013647570439297536,1252.4666936589263,777.9406965881928,1.0073956769461623,0.01159708499455933
ab_p[2, 11],0.08764231011223367,0.024864446030172325,0.0008109652458669207,935.6982245417182,677.8993666855077,1.0048010530221823,0.008664000323687353
ab_p[1, 12],0.4397247497188514,0.04893983029201446,0.0013849604896646647,1196.6032727733927,794.1111882927585,1.0019421353729476,0.011079823463074009
ab_p[2, 12],0.09533144991242064,0.02459267424441978,0.0007568286647650332,1051.2943389264394,782.7491792970685,1.0007953597987032,0.009734350513714428
ab_p[1, 13],0.032266905459408024,0.049553751456987684,0.0014091445047972214,1261.8187607053924,680.0405349555183,1.001039502361523,0.011683679486023084
ab_p[2, 13],0.038993084235409356,0.024983666203927325,0.0008094502444811076,956.2530833495331,788.8089987145737,1.0005901865963063,0.008854325899490896
ab_p[1, 14],0.2796435051435828,0.04890756188494546,0.0013886505298403471,1211.4310742814898,817.5692743343941,1.0011513231765918,0.01121711994787673
ab_p[2, 14],0.08919417425708204,0.024605615221918186,0.0007993926091698956,952.1526039609835,703.0925263080653,1.0007661780529917,0.00881635793736607
ab_p[1, 15],-0.11028145548255625,0.051092073871246604,0.0015800132457616913,1055.6005543129306,812.4324349948637,1.0049076524186142,0.009774223466899415
ab_p[2, 15],0.012540842754042754,0.02379521239991766,0.0007565849994892578,997.0065528327576,621.9731218692573,1.0040200014806593,0.009231678408593897
ab_p[1, 16],-0.065941679457134,0.04989460932494123,0.0015352773093519803,1059.1127020732522,840.6618545348942,1.0056209515119865,0.009806743833545581
ab_p[2, 16],-0.06366609635808444,0.02388259473882797,0.0007744383857274379,954.3828993461082,680.6343287749119,1.0183358961909368,0.008837009125357906
ab_p[1, 17],-0.182400877190251,0.04949459630212028,0.0015674052066635728,1014.0720777339269,635.1756269466266,1.0034664708958774,0.009389694860254946
ab_p[2, 17],-0.05639482212771374,0.024758927410581156,0.0007469886392980224,1107.2709300451513,970.7931480341732,1.0007909833537716,0.01025265993319523
ab_p[1, 18],0.00042765216086410333,0.05071382604926015,0.0016296113931033836,959.3775636726431,694.4377908655935,1.0094513683307351,0.00888325669985021
ab_p[2, 18],-0.014791945601694754,0.024576476952226037,0.0007602237868706887,1042.13476545418,835.1499418613422,0.9987806825851115,0.009649538396466519
ab_p[1, 19],0.04852266572198436,0.049076128612798094,0.0014373492184518001,1148.4438116490724,831.9154911305807,1.001942297824906,0.01063389594517786
ab_p[2, 19],0.05935805770173922,0.024119736146076733,0.0007506364039965087,1023.701305904519,936.2193221115779,1.003162976657294,0.009478855696300916
ab_p[1, 20],-0.06475417560533278,0.049860754456183494,0.0016030011954564463,971.497449823497,713.6196211931228,1.0045380986558559,0.008995479524239432
ab_p[2, 20],-0.0006119516545916774,0.023511911332864167,0.000774270523285012,936.4814682543324,916.594854277301,0.9989939692577323,0.008671252687325147
ab_p[1, 21],-0.28543673252000495,0.04997243287378033,0.0014201913231125338,1220.5257166898107,700.8536774764949,1.0030420794035235,0.011301330842696055
ab_p[2, 21],-0.05787624641365363,0.023204656959140726,0.0006750463027621814,1179.9752284839951,800.0196875069482,0.9994939205196967,0.010925857817605151
ab_p[1, 22],-0.25760602727888365,0.050224204880264293,0.0014218606366479794,1202.6083880776266,810.0204175996678,1.0047307541974855,0.011135427203227672
ab_p[2, 22],-0.052234607322240396,0.024116333301953043,0.0008335905199526768,834.090898311414,721.5191743755817,1.0010270060771767,0.007723177861638199
ab_p[1, 23],-0.15015054253086646,0.05003741898705038,0.0014196586089445854,1210.5151010348861,715.0867302956207,1.0044950792153429,0.011208638588933305
ab_p[2, 23],-0.015583104898884936,0.02339216273646584,0.000780240274941586,914.6365596682786,615.9591197695602,1.0015821174189379,0.008468982029866982
a_e,-0.00451508259259561,0.04808298751659475,0.0014703299774248238,1067.5477763944127,676.0568400691795,1.0050191981523333,0.009884847526308978
b_e,-0.02958117596394277,0.019159094898381485,0.000660564596472643,847.7981569532583,805.5990640597656,1.0008054116453444,0.007850098796395737
σ,0.9730150705174281,0.0035863612203641503,0.00012147661813012638,878.1112553980782,708.2460901943848,0.999151945095615,0.00813077977649113
