parameters,mean,std,mcse,ess_bulk,ess_tail,rhat,ess_per_sec
a_ws[1],0.03897076632203222,0.31755059261247864,0.04119264327440878,61.842879238991245,126.78048421327127,1.0909266853827944,0.0017149927659457574
a_ws[2],0.01206911078243745,0.31690280599355053,0.04098696948205711,62.28103907339215,122.67350255625222,1.0885929639964322,0.0017271435738572328
a_ws[3],0.07276362074814065,0.3187362368657627,0.040870120995375465,63.117867066207296,120.19245317835495,1.0861059066858307,0.0017503500282086341
a_ws[4],0.021043207966541806,0.3173588771706188,0.041016862596862,62.293470801777076,124.1421563324983,1.091293345211251,0.0017274883237219012
a_ws[5],0.08845911485465495,0.3167882149570054,0.041213254452451185,61.59715334530579,119.6580413638518,1.092272694092726,0.0017081784304028157
a_ws[6],0.017058946309639274,0.3163411308931288,0.04111302915196861,61.96679990658147,117.99930504338751,1.090734473715772,0.001718429265848149
a_ws[7],0.11432978208564577,0.3178309847302555,0.0408269982593483,62.89892762254351,127.74061288023739,1.0884612199613088,0.0017442785197878741
a_ws[8],0.04095676595926437,0.3163509493885678,0.041048402298597415,62.00873415762236,118.55885672487223,1.0922113806990805,0.001719592163469758
a_ws[9],-0.023082493993585404,0.3167922288566526,0.04106049594709132,62.16952585334961,120.48310372716448,1.0901676618463465,0.001724051150476665
a_ws[10],0.20320769641196806,0.32208172589884976,0.04125966625296866,63.504724092050004,139.65538281488543,1.0927991047504024,0.0017610781348061878
a_ws[11],0.019713039854275177,0.32020262754957984,0.04132870283774581,62.252367190522925,128.70187545456724,1.0854240501389099,0.0017263484609467109
b_ws[1],-0.016349585654142615,0.2757548939815325,0.023426822931947887,136.39354293065347,244.1649420368224,1.0489168262951427,0.0037823908318340826
b_ws[2],0.010723987626166087,0.275877664924829,0.02334877947658569,137.82501638269486,241.06216868838166,1.048235638534913,0.0038220876675102997
b_ws[3],0.08593690133923543,0.2784284954154177,0.02340063268920663,139.8213073629248,249.02985799204083,1.0460581303589984,0.003877447712707849
b_ws[4],-0.00603682450474518,0.2764154435851352,0.023408201026308733,137.52735352466252,246.8893107726694,1.0486270292643334,0.003813833044593352
b_ws[5],-0.017565838378604516,0.2755441306348575,0.0234335358053027,136.16785913949397,244.0084423874131,1.0491614913362324,0.0037761322928722397
b_ws[6],-0.03149117189315623,0.27700905893233396,0.02347229411050502,137.08532395405393,242.41992783297036,1.0482856304823962,0.003801574923282437
b_ws[7],0.054834976420544586,0.27668219625711377,0.02336621348505075,138.24111286673678,242.97030057230987,1.0468018227416107,0.0038336266267057417
b_ws[8],-0.01914175223320585,0.2751662805427029,0.02336040077844039,136.631198407506,238.89892478604935,1.0491532113998663,0.003788981363009295
b_ws[9],-0.024217086669329653,0.27656517680164333,0.02333468346274843,138.29915267881682,235.72323603512945,1.0483347058278405,0.0038352361549016953
b_ws[10],0.2130092145859816,0.28159287341392497,0.02343675606316752,142.61000868372452,258.79194676580397,1.0455115602434648,0.0039547824463167505
b_ws[11],-0.01480446027834708,0.2781030927927909,0.02328561263633921,140.17857936427464,250.64546403660492,1.0471346253735183,0.003887355383652827
a_ps[1],-0.23085893692371098,0.23583915175786266,0.027895846718677553,78.41980709229155,86.3803943266152,1.0584232413521668,0.0021746950259286723
a_ps[2],0.22602742840352488,0.23543828354275606,0.027886765164065633,78.20259645348855,81.79480798686104,1.0581926250022757,0.0021686714597749356
a_ps[3],-0.1902632152057775,0.23526315845412699,0.027946669260990972,76.85977141613431,78.54837394184091,1.05746315430956,0.0021314329732534123
a_ps[4],0.2522994756457447,0.2355247985711059,0.02798566729479069,77.58547101805084,81.61281314733237,1.0587832535094683,0.0021515576760947363
a_ps[5],0.14333013729779856,0.23521514501998889,0.027686325018703148,79.66178588143426,81.65309414746072,1.0580438560466903,0.0022091368996746616
a_ps[6],-0.6153712861093635,0.234816494829106,0.02748255463151564,79.76907085102876,86.69407016532482,1.057615972624287,0.0022121120675357544
a_ps[7],0.0027551219489535287,0.23537199685576163,0.028112764616038746,77.12943358027425,84.56265982148686,1.0583345190312574,0.0021389110963039594
a_ps[8],0.0787700354806841,0.23531829780701793,0.027840496223141963,77.84550484187119,74.3993266838781,1.0590677710220746,0.0021587687912989575
a_ps[9],-0.06702495369912723,0.2358441936253444,0.027965293978081427,77.52550854732337,81.16848221681927,1.0582350233238136,0.0021498948297850027
a_ps[10],-0.06755689389093096,0.23521306243656012,0.027987736387900093,77.20580930921663,77.71403613912135,1.0583942842756697,0.002141029106077143
a_ps[11],0.1112115659487991,0.2354194288311117,0.027805065845679895,78.21349776405712,80.02532900096976,1.0581359370924652,0.002168973768933152
a_ps[12],-0.049671151820927295,0.23514964279960104,0.02774288511783952,78.17965563225142,78.02506304339343,1.058007004871642,0.002168035277518374
a_ps[13],0.07243151835833296,0.23565475191643054,0.027931936558209268,77.36768868782208,78.26628345700529,1.0584513130236914,0.002145518256108326
a_ps[14],-0.03742375357699142,0.2353211295214456,0.02771823861119062,78.7311654237768,85.04663631973446,1.0572651134653426,0.002183329444194526
a_ps[15],-0.23214313479500867,0.23576655606739486,0.028079242021284975,77.02559933423852,78.33099448725217,1.0583628638182287,0.0021360316220136286
a_ps[16],-0.11225785018884411,0.23565022304670305,0.02798422877260473,76.98074437621707,84.59142700956096,1.0581192832413626,0.002134787728949945
a_ps[17],0.006793067707314393,0.23507814802262525,0.027741655459940413,78.66294967231762,91.69488921463183,1.0576427523283916,0.0021814377224358425
a_ps[18],-0.019575979486406207,0.23487217572677943,0.02811259951471216,75.39583337585381,77.23861031638032,1.0587164242524925,0.002090835847444126
a_ps[19],-0.13394101536251526,0.23517772073842463,0.027784657095402825,77.63995194360177,88.83884876242338,1.0577677081329324,0.0021530685112038325
a_ps[20],0.15734830106771386,0.23541487465038705,0.02783023317040559,78.25280772283877,84.13277402481818,1.057791451501824,0.002170063891122962
a_ps[21],0.4497225253025572,0.23561158928984505,0.027559750817791013,80.27170483259638,86.12695751632862,1.0569001807199478,0.0022260508370903825
a_ps[22],0.05465160562845306,0.235279563314083,0.02792497351117369,77.65327933948521,76.5903038412684,1.05798354874583,0.0021534380992277126
a_ps[23],-0.14043169210674175,0.23519604490204132,0.02821680624702189,75.37755041054278,79.62528895607707,1.058757765704562,0.002090328834290238
b_ps[1],-0.05280106226083099,0.2216789185907408,0.025484807659640528,77.21275113067898,97.64740937933921,1.0571941950317743,0.0021412216128578253
b_ps[2],0.05382551411743704,0.22171482213139412,0.025478787184698592,77.39856000181418,95.73279892515576,1.0577433151957227,0.002146374362434926
b_ps[3],-0.08065019214801344,0.22224679213514734,0.02546273646536803,77.74629287672235,99.28405714378738,1.0563995121953267,0.0021560174995638496
b_ps[4],-0.04704892682788193,0.22179486448154728,0.025449842754599494,77.49947520118242,102.00336777736337,1.057122797144351,0.0021491728873260733
b_ps[5],0.005177875674910347,0.2216296656417676,0.025427157832968793,77.69606149591823,98.9864996134065,1.0560694505278863,0.0021546245104960278
b_ps[6],-0.004032877355093604,0.22220222398960487,0.025498814086828237,77.58541622013855,101.59372506115693,1.056160407519285,0.002151556156469125
b_ps[7],-0.06670503627611941,0.22173070993010946,0.025450489602210743,77.7176111678373,98.94595157636672,1.0570535835134642,0.002155222114163653
b_ps[8],0.0031161659400886473,0.22214519894954596,0.025448881862694738,78.01076933227029,102.77540215567743,1.0560270424192826,0.0021633518153914622
b_ps[9],-0.09749194571182077,0.221692419576013,0.025463786485143605,77.52401973434648,99.03901847599893,1.0561398785759342,0.0021498535428411117
b_ps[10],-0.12284278194769772,0.22149969019699736,0.0253689293068937,78.05924774417443,105.50496605632559,1.0558707044576252,0.0021646961920883953
b_ps[11],-0.145780785940436,0.22162497864972627,0.025398128053698146,77.7037538315729,99.76132833259223,1.0560958279399473,0.0021548378301241454
b_ps[12],-0.039683772990726056,0.22212278769179833,0.02548960402624944,77.47698260599309,98.0703475996633,1.0568107072337574,0.002148549135028125
b_ps[13],-0.027651551925814873,0.22191106920721193,0.025463104948241114,77.78839486519603,101.25745408162008,1.0564558451750112,0.0021571850487878312
b_ps[14],0.033774045520258145,0.2215714570499078,0.02542239422695413,77.46038919779713,107.12263282428685,1.0562546588236659,0.0021480889757443298
b_ps[15],-0.008452765489057316,0.22098347978801533,0.025391327076883408,77.41586354361773,103.11503017170276,1.0565720909003833,0.0021468542147539565
b_ps[16],-0.07567439279334473,0.2217727658514881,0.025463863029288457,77.66994754227511,101.67551591984912,1.056379745129419,0.0021539003326741138
b_ps[17],-0.0012847855828871423,0.22150337043936844,0.025455334339890754,77.22123000546307,95.63017877467948,1.056897616852671,0.002141456744357151
b_ps[18],-0.07432616719872667,0.22231746507370312,0.025485769537044844,77.6975651636655,102.20505008473556,1.0567305605979305,0.002154666209384254
b_ps[19],-0.10198572850952167,0.2213546301311215,0.02539592082447732,77.46545705927052,101.69168284408237,1.0570067188116874,0.0021482295148956857
b_ps[20],-0.058504034595552805,0.2219127861596301,0.025468298607691692,77.57813851074738,102.65703804650413,1.056183910122251,0.002151354335028854
b_ps[21],0.05454565283590568,0.2221899903494571,0.02549493297903918,77.47579356324397,96.93149673460815,1.0562008584597895,0.002148516161147571
b_ps[22],-0.020537588061497466,0.22160870851218828,0.025433240561042524,77.36561852260702,99.60919487497986,1.0558052165827565,0.0021454608474234162
b_ps[23],-0.0038269003736927923,0.22154314742919876,0.02543486488759209,77.52368197240769,103.70450095424232,1.0567653438860987,0.0021498441762125074
a_e,-0.02696613583439021,0.3490211042849804,0.046092010757100545,59.15969380130895,50.29506296232098,1.0822344807950608,0.001640584140863262
b_e,0.07092192392132987,0.3611313089421853,0.033687792399202963,117.77351610058379,178.08120000101582,1.0628136764115241,0.0032660304729982687
σ,0.9800759888286681,0.003562954028027514,0.00014094870606018374,639.5964784168195,800.4935830915738,1.0040893484194782,0.017736938304089213
