parameters,mean,std,mcse,ess_bulk,ess_tail,rhat,ess_per_sec
a_ws[1],-0.06836554371856574,0.29452898429209223,0.028240175185118926,114.29150434769474,96.94182083943734,1.0525980706423361,0.0027724223063725923
a_ws[2],-0.08051079111586842,0.2945968691154309,0.028636261910986494,111.59210106038547,91.5288494296346,1.0537819428384505,0.0027069416223064837
a_ws[3],-0.05633208164308114,0.29525529195174716,0.028103204517150898,115.97142964066107,88.41371427967525,1.051349235751954,0.0028131730374251
a_ws[4],0.022562049980317044,0.29491700560619444,0.028460604411180687,112.28184735976203,93.51677527546019,1.053887717111555,0.0027236731198665475
a_ws[5],-0.16747237228110526,0.2938126737263412,0.028324531538644063,112.55347322898149,91.01658831961734,1.0532607858982,0.0027302620752146277
a_ws[6],-0.027005339561109166,0.2942188650684058,0.028457119882088728,111.76216402143999,90.41489728606497,1.0535837300585746,0.0027110669188401696
a_ws[7],-0.09736133378655493,0.29532901234840864,0.02830043723552052,113.14712620584487,103.24686256095342,1.051886629707506,0.0027446625922495035
a_ws[8],0.0001227348879329142,0.293880271642361,0.028400787212320994,111.99973931951392,92.3994310065989,1.0536712750499493,0.0027168298936087886
a_ws[9],-0.018048404400200675,0.29426820649566354,0.028414276516794495,112.1603129213509,90.79871885528212,1.053476568959587,0.0027207250023317704
a_ws[10],-0.016303480653603118,0.30004294564454087,0.028057123516548554,119.34194248987838,111.05047796111414,1.049873657103924,0.00289493313902161
a_ws[11],-0.048840633755542595,0.2982620548203085,0.027827788184418657,119.34992838293552,109.16214058738495,1.0489049141669258,0.0028951268565527094
b_ws[1],0.016356138397736884,0.29537158907403316,0.028914171829018134,105.80013775717815,190.45143118705465,1.0672961599924269,0.002566443268109894
b_ws[2],-0.0226631672100763,0.2945650180734525,0.028692943434638435,106.48037375664417,197.26574576450486,1.0673214880114463,0.002582944069891101
b_ws[3],0.0389369583417836,0.2991976125890521,0.02961032876154145,103.40242974892715,190.09243261145053,1.067077675552278,0.0025082809470853974
b_ws[4],0.0140689064031198,0.2958537352665082,0.02911122244310458,103.79087818820729,193.2948322395033,1.0673358115693663,0.002517703721980893
b_ws[5],0.12198213836562669,0.29415895382345497,0.02859384139216578,108.11424048078624,201.9898136550991,1.0670660094358497,0.0026225775367660405
b_ws[6],0.021344287700113724,0.29625243130718193,0.028835141430964994,106.73062457635274,197.14378078467058,1.0669380327638613,0.00258901452069764
b_ws[7],-0.012588663958091047,0.29500256584152257,0.028095352735895623,109.7062620985458,198.2598598811835,1.0659582801660894,0.0026611959473862787
b_ws[8],0.03734067261693847,0.2939743479708431,0.028930518130480847,104.67191078367715,199.37865718272067,1.0679493397384352,0.0025390753404075012
b_ws[9],0.04046803808745586,0.29594134441267494,0.02904021711342235,104.67310888040319,191.0235221494256,1.0672320848885377,0.002539104403198366
b_ws[10],0.024775740090757867,0.29759805981205045,0.02668434973890122,122.63861337225887,200.12084428994848,1.0643500043669714,0.002974902021601683
b_ws[11],-0.00512708255231724,0.2978997508563005,0.02789043780681482,115.25508141521554,210.6447148060668,1.0645373047344864,0.0027957962445419315
a_ps[1],0.06604713696418368,0.18356445549243394,0.015588229893767985,139.24637050311085,143.44072411037166,1.035511010714936,0.0033777641292551046
a_ps[2],0.00373047452032697,0.18405839243926425,0.015663785139671472,138.57621103986946,234.5469537035885,1.0358423320357864,0.0033615077587110186
a_ps[3],-0.2003903858718219,0.18382960121805672,0.01562387825568717,138.57402404179157,156.53096279962017,1.0365889269307715,0.003361454707679013
a_ps[4],0.09466587716957765,0.18394620841496298,0.015557433324399707,140.19461816943488,184.44193200482735,1.03526925982382,0.003400766214992683
a_ps[5],0.11820502294473971,0.1837949056210494,0.015599704024363925,139.10524809128484,159.6833043271702,1.0361178974854177,0.0033743408571168245
a_ps[6],-0.2841979687744782,0.18428882789962775,0.01566182255887357,139.37601976882868,141.98906759312953,1.036395369375522,0.003380909091939185
a_ps[7],0.0863035406251219,0.1839848760362697,0.015616594481184713,139.1850680789607,174.0003887045857,1.0359453829987284,0.00337627708777185
a_ps[8],0.04021014314882717,0.18446983785184679,0.01562981839016173,139.51809577263572,169.19462106729162,1.0363960194766964,0.0033843554958027356
a_ps[9],0.1330130355864741,0.18375896441741,0.015553429388904937,140.36523484788137,175.85100766204314,1.0361902496406878,0.0034049049433073023
a_ps[10],0.2438174345659793,0.1837913203346897,0.015592396489773943,139.88487524992746,200.9660655725754,1.036699087807791,0.0033932526365846945
a_ps[11],0.3953143186309954,0.18390351585360765,0.01562954665334243,138.5340075169182,203.99630915117518,1.0359051501876577,0.0033604840081785064
a_ps[12],0.21742521354801947,0.1845399412252763,0.01573322600068066,138.10027552281164,176.76535207505916,1.0368154602806323,0.003349962768981319
a_ps[13],-0.06999654282578616,0.1838427584119083,0.01553696256756641,140.84319799130702,152.95203660407472,1.0355747690648982,0.003416499118115134
a_ps[14],-0.05021398445440357,0.18405678480742121,0.01560916855502674,139.1098292054339,208.6052708302522,1.0357234233526025,0.0033744519833385626
a_ps[15],-0.2320577861586192,0.1842277282644859,0.015706574681324612,137.50010766886243,178.35200235846625,1.0373324224626699,0.003335404217535582
a_ps[16],0.0899853345954184,0.18388439096687756,0.015662236639639008,138.12169351036977,200.0150348949205,1.03656278812893,0.0033504823150910905
a_ps[17],0.055639366073851136,0.18390509915894518,0.01566929694199101,137.72820659734177,143.04918460418008,1.0363491197944597,0.0033409373195888367
a_ps[18],0.13322675913168172,0.18377622732564708,0.015558202936178713,139.89988879008723,224.8877582159425,1.035910987790279,0.003393616827028019
a_ps[19],0.17830642639808367,0.18388669583566775,0.015563518050286869,140.0358194217158,199.36677436871332,1.0358823541081128,0.0033969141597335177
a_ps[20],0.1363960900055289,0.18377926737125602,0.015570246291631232,140.0100991178709,225.39638320898217,1.035633003390912,0.003396290250331737
a_ps[21],-0.021368942174599247,0.18400572436246748,0.01560992584922128,139.3115710439401,171.92735503133824,1.0352229190615552,0.003379345729172038
a_ps[22],-0.04144917238606977,0.18406472455489306,0.015650783950158502,138.9209275886395,200.74301389169966,1.0367616378801714,0.003369869708749566
a_ps[23],-0.09615469099984703,0.1844106291223931,0.01565077498205382,138.96712855359243,205.61460525928504,1.0359874560289493,0.003370990427096415
b_ps[1],-0.015292170648942527,0.18803202327301374,0.015302868681134452,152.1550550840711,275.59595847285783,1.0270567913602233,0.00369089610947043
b_ps[2],-0.03224139911657734,0.1885414216678428,0.015284353257695431,153.6208336225212,289.4890581241538,1.0265150150385263,0.00372645218285834
b_ps[3],-0.05669399766108609,0.18823596448781513,0.015358970224411605,151.45976038779474,244.72685245430642,1.0285683352735997,0.003674030021859973
b_ps[4],0.0572700966486704,0.1882867782833597,0.015276683131074007,153.4197107776613,270.5712991355484,1.027030717323682,0.003721573452242332
b_ps[5],0.023706879397566605,0.18777920004804158,0.01520812849132226,153.75055230949192,264.12264423562505,1.0315059127935367,0.0037295988295261177
b_ps[6],-0.09086037654572819,0.18832647310695982,0.01524106551964721,154.1799959922071,252.88110297364375,1.0286957818187576,0.003740016045154572
b_ps[7],-0.0024568152913836796,0.18755054482265907,0.015187964301838797,153.9834577884978,256.22881192736685,1.0297404302424418,0.0037352485263164223
b_ps[8],-0.004310485409173429,0.1885646808199575,0.015275996579252276,153.76596683761144,251.25077517438072,1.0294075263957336,0.003729972746921332
b_ps[9],0.0442126733683673,0.18850799137503835,0.015301028608118649,153.23263888011343,268.5248259172314,1.027383627945587,0.003717035562006157
b_ps[10],0.06412074389439043,0.18834668245690098,0.01526244206328684,153.65530215585812,280.083743445715,1.0284903922671598,0.003727288302141542
b_ps[11],0.14474294114169578,0.18831196450951715,0.015272317414370053,153.37481871934202,270.11288922610385,1.032191824403815,0.0037204844846539385
b_ps[12],0.059109095695685086,0.18817996113404142,0.0152431665843348,153.8479973203374,262.6047228424129,1.0267622445125177,0.003731962598585373
b_ps[13],-0.016255669615924076,0.18864007395750576,0.01523649400403636,154.72600771257854,247.92255979177247,1.0321569248212559,0.003753260906019239
b_ps[14],0.02319558609567084,0.18872970447424625,0.015298898353576383,153.3436705993208,252.50823559425456,1.031714785249347,0.0037197289101845916
b_ps[15],-0.06881944770202478,0.18807634497503029,0.015274464368642375,152.81814352987922,263.0440834970748,1.032299575854397,0.0037069809550479608
b_ps[16],-0.04631490498747985,0.18794078661209257,0.015187597909196937,154.62603742278964,249.67367639850968,1.0296886590842929,0.0037508358800913085
b_ps[17],0.007649167112818086,0.18768007621005792,0.015211376607202532,153.53627927374603,273.42046355450236,1.0276081902665812,0.003724401108598858
b_ps[18],0.04637161315886149,0.18839223862553675,0.015345423060714665,152.19619626223292,248.92389138532573,1.0288144181972565,0.0036918940902100944
b_ps[19],0.04762909125012045,0.1879723109798977,0.015245121535075033,153.2562133064557,262.041797164654,1.029658913967376,0.003717607417856898
b_ps[20],0.06444877060065661,0.18815728799610676,0.015152568065614234,155.58815743888857,234.56506028963426,1.0302447133462198,0.0037741744738849954
b_ps[21],0.06296433992963198,0.18847212111103637,0.015308028438764349,153.13985370825088,280.7954708177625,1.028498948970758,0.003714784828833639
b_ps[22],-0.04883217342766038,0.18822705392143008,0.01526907528334147,153.11425387508748,266.49504165199073,1.0279466937170698,0.003714163841745345
b_ps[23],-0.06756345336821587,0.18787254608974863,0.015271782889011098,152.68611038582048,270.74396704518847,1.0283955247899716,0.003703778165515544
a_e,-0.0037353723970207486,0.347013574551724,0.02844447462533115,153.31780107051603,104.49486283088369,1.033001364463725,0.003719101380963386
b_e,-0.03892635104711487,0.3423560202387274,0.027929258234481256,154.73508919678136,223.36319620381425,1.0599444396172233,0.00375348119981555
σ,0.9870817963054697,0.0036432488206737134,0.00012398909140786364,863.8546980009028,1418.1055098382471,1.0065853533990972,0.020954926158960552
