parameters,mean,std,mcse,ess_bulk,ess_tail,rhat,ess_per_sec
a_ws[1],-0.0484641745488949,0.2971865875434921,0.023219447585082688,162.5978477450801,320.51936197059393,1.0206176321973552,0.0021646373576712807
a_ws[2],0.021988149898702156,0.2975809955408053,0.023160647610123083,164.8676740154294,297.5565007082324,1.0200334960127342,0.002194855166875772
a_ws[3],0.031017924580526216,0.29920262733426883,0.023254490197808356,164.7657329743349,316.11803588399323,1.0202017075115422,0.0021934980432182743
a_ws[4],-0.01999598343848581,0.29661115141402145,0.02312582635251673,163.80369239070578,277.4998088168408,1.0202575935744165,0.002180690561349361
a_ws[5],0.1297085672863092,0.29683734843217724,0.02322294630105457,163.21521989306282,275.05675704799603,1.0201230953298128,0.002172856327563209
a_ws[6],-0.007756389617663103,0.29761842412162387,0.02313675733483246,165.26746747486132,288.368023393985,1.0199368384181202,0.0022001775488730774
a_ws[7],0.08709517097738469,0.29944301817942653,0.02319267874359967,165.99032965300324,273.53121743906746,1.0193721418097417,0.0022098008895073693
a_ws[8],0.019063459619437846,0.29662048233568755,0.023161785183693294,163.70855065313026,272.86274678277283,1.0201742531514777,0.0021794239556575524
a_ws[9],0.038702431298640545,0.29728308916760626,0.023174854644984883,164.15345317237248,301.8158625142277,1.0199560242103871,0.002185346866858589
a_ws[10],-0.015070827592768279,0.29969381995587924,0.02313108049903272,166.74419331777716,261.3456605263416,1.0192534449743105,0.0022198369476347747
a_ws[11],0.03854786640276338,0.29946269333784076,0.023177283384030314,166.7035922014472,373.51123422030037,1.0201422098530135,0.002219296431912151
b_ws[1],-0.010247235033527417,0.2942583640360891,0.027846472087759092,113.35563141920413,396.38136340474796,1.0185227027978638,0.0015090841476396492
b_ws[2],-0.0030083805135122594,0.29463585271401804,0.02795925713807893,112.55020228750574,392.78078017070493,1.0208677548643539,0.0014983616072640567
b_ws[3],-0.07929503792737146,0.297359717653121,0.027799261688357824,114.95707794475373,426.4685693291611,1.018252015947429,0.0015304039315334212
b_ws[4],0.04145991674735069,0.2942921969701549,0.027890194921239456,113.13655295644823,379.86139679870377,1.0205910596915653,0.0015061675935073577
b_ws[5],-0.03786950994141485,0.2933606822521428,0.02788441466759097,112.4019546369812,387.5105124047507,1.020594118398143,0.0014963880116294114
b_ws[6],-0.061840152454585476,0.2951441073320301,0.027975685444714255,112.91349715959134,388.43716246975737,1.0215637595231866,0.00150319808980594
b_ws[7],0.03280246918510103,0.2949778233939016,0.0278988709855245,113.41350322103729,391.64588055184726,1.0188071216305359,0.0015098545850466695
b_ws[8],0.0208206357788229,0.29349836358859405,0.027854204573010324,112.60368068364835,398.4586918691267,1.0201554066162972,0.0014990735560119891
b_ws[9],0.06755132425451807,0.2943171851461326,0.02779631130469147,113.88712947243653,403.772452363535,1.0194249145527272,0.0015161598903847817
b_ws[10],-0.029357321447745006,0.30144790751187917,0.027942741596371064,117.89365795115343,378.3991112133105,1.0207773426281084,0.0015694981192720513
b_ws[11],-0.011698483077217695,0.2967274892130906,0.02814414807050982,113.23990419224091,411.5159920409764,1.0206319041733356,0.001507543490845858
a_ps[1],0.010122249143654347,0.22289483012154773,0.041233796925514786,29.846717255120517,148.54494545973316,1.173549791319124,0.000397344245758879
a_ps[2],-0.06084983660844566,0.22317217589973512,0.041390105895064616,29.743810690725205,148.34851476213046,1.1736822600233061,0.0003959742682546938
a_ps[3],-0.022676899032093027,0.22272285133777248,0.041169148776392765,29.862258789314406,177.91808841500577,1.1729478695846065,0.00039755114754742155
a_ps[4],0.034340834759284074,0.22250027971678676,0.04131103562660153,29.61900721020714,142.75830287235235,1.1744651322312984,0.0003943127808485361
a_ps[5],-0.0031557920723013664,0.22257658743639838,0.04132251190747696,29.597004443328014,154.93159366925207,1.1740733714558174,0.00039401986177353476
a_ps[6],0.28475865663417443,0.22281669073700275,0.04125124599284131,29.7825551695195,154.24624089578126,1.173520279784407,0.0003964900668791204
a_ps[7],-0.2048023387690511,0.22274813249426587,0.04112236588455465,30.016029323452525,146.54898624252286,1.1717577344516694,0.0003995982683877065
a_ps[8],0.17356478570232503,0.22230093826182074,0.041178448659460486,29.81710998848593,113.72640563384293,1.1734029909014625,0.0003969500892783072
a_ps[9],0.27460379687131364,0.22262295330987356,0.04123839420360698,29.70776220058682,133.26240661120622,1.173766600484248,0.0003954943608664759
a_ps[10],0.13503743802167345,0.2226518107838768,0.041002202088022535,30.062364989094522,124.54479542365245,1.1711576464418336,0.00040021512718523797
a_ps[11],0.4632485714510458,0.22287149838491055,0.04121723433043837,29.841883598643637,151.13492196978484,1.1732614556343504,0.00039727989611631543
a_ps[12],0.5164227380571026,0.22298856801551104,0.04121378653312008,29.94370704950243,132.8859726639719,1.173285034825202,0.00039863545431510235
a_ps[13],0.10066860848560796,0.22191979428155742,0.04108508656890923,29.786928037504385,151.17602561131844,1.1725424302159333,0.0003965482821232427
a_ps[14],0.35066710031232035,0.22249759162943294,0.041272976146499746,29.729991690543518,136.0290301748898,1.1739490248592714,0.00039579029826705995
a_ps[15],-0.043756853049086816,0.22179072502131425,0.04088056692478232,30.05375969085847,138.92655987076847,1.172266424390087,0.0004001005663205403
a_ps[16],0.00487949131569534,0.22260734787490852,0.04123511046753081,29.74804275882518,146.65049940441006,1.1736152317490502,0.0003960306090540122
a_ps[17],-0.11603308804279745,0.22262851028511432,0.041113853791619734,29.902014932579412,127.87669417749264,1.171655655359069,0.0003980804142880446
a_ps[18],0.06894737906147341,0.22211689881836463,0.04090410637158842,30.113826151873287,142.78188859836177,1.1712959889078371,0.00040090022085016003
a_ps[19],0.11626116840722557,0.22256780043080393,0.041012376640811046,30.082910547764165,135.88786526781496,1.1710241915833794,0.0004004886466963957
a_ps[20],0.004186272953882991,0.22249299100108208,0.041051349514094476,30.060230754697916,140.78329499834567,1.1718064552117415,0.0004001867144874748
a_ps[21],-0.2201157381977872,0.222443434925962,0.04137456411656096,29.59925910614324,134.56167049449738,1.174745176305353,0.0003940498777142528
a_ps[22],-0.19007916178179873,0.22293795179328493,0.04114324684030982,29.9461939848249,156.53041714421062,1.1729149092738969,0.00039866856246001197
a_ps[23],-0.08406670650377009,0.22292232974996126,0.04115770387708932,29.938089012095027,129.1917527979135,1.1721772175177307,0.00039856066234326813
b_ps[1],-0.0644515163074529,0.20576114420161135,0.020129800261182593,104.79715767867077,144.97772927113203,1.0492350942763662,0.0013951466494480857
b_ps[2],-0.01979940288916223,0.20561537852135728,0.020028354253425522,105.35361451370245,150.96662273418326,1.0488345428709682,0.0014025546641896435
b_ps[3],0.02912699074580506,0.20566710367509752,0.020211692895782667,103.89405672526118,140.13722555788704,1.0496688526084503,0.0013831238208029993
b_ps[4],0.025259738907988598,0.20566213106695036,0.02024868321041444,103.29889102367528,146.50979464387194,1.05004793763007,0.0013752004815366808
b_ps[5],-0.01912950662770612,0.20533150916755735,0.02008728860805235,104.60094560969279,147.13733268011015,1.0486832512830015,0.001392534511708098
b_ps[6],-0.0599834705662861,0.20547586842326127,0.02005006046157133,105.33560709075614,138.38277192297718,1.0483797707985634,0.0014023149344455815
b_ps[7],-0.017968648701471315,0.2056141707238271,0.020050886463777604,105.20339434086111,135.15298248820844,1.0487022463420488,0.0014005548087025154
b_ps[8],0.09058851973345781,0.20520937426264563,0.02009447960688091,104.53046855083548,147.3160301010361,1.0492184566603093,0.001391596262668661
b_ps[9],0.0010519856473535719,0.2058810391068867,0.020144107773214803,105.09573074774607,139.27235016369679,1.0487485516583108,0.0013991215016880012
b_ps[10],0.07133215915427175,0.205615188850147,0.020145849189704093,104.71168922972082,151.3533542238119,1.049306225357145,0.0013940088225945018
b_ps[11],0.11256047551917177,0.20520854296858454,0.020174612489537492,104.03908703520698,140.98102581585545,1.049284719938857,0.0013850545845323907
b_ps[12],0.12039443480113794,0.20524058770227988,0.02012370369413917,104.818491624846,158.65259549232238,1.0487560544343715,0.0013954306646273634
b_ps[13],0.06964335349703811,0.20518910136136745,0.020173794941437895,103.57752029311396,144.726342833935,1.0495175301146449,0.0013789098253805994
b_ps[14],0.120060840866431,0.20541063804078058,0.020063382325036606,105.07537253796907,142.87334699551923,1.0484532444638675,0.0013988504763206317
b_ps[15],0.041310562341022476,0.20556382186136588,0.020157355545447727,104.10851179114363,136.90728622387715,1.0487605965024644,0.0013859788244428926
b_ps[16],-0.05952195292429755,0.2054212334447004,0.020088014338881282,104.87943413920644,145.88084104551638,1.0493575505227246,0.0013962419819054483
b_ps[17],-0.045522918350745484,0.20550382757920577,0.02017225790542953,104.2589408594353,135.9995367023378,1.049005752378202,0.0013879814609194488
b_ps[18],0.002420802479013849,0.20493802276012138,0.020024019537185533,104.93278282223555,152.17628612147655,1.0481126303677912,0.0013969522038048698
b_ps[19],0.09304257008427198,0.20498548277270665,0.020122862301308858,104.05056359488084,143.53805706019457,1.0490302773753657,0.001385207370009887
b_ps[20],0.02191007863749588,0.20541475835590017,0.02021263868986636,103.52237945566038,148.60919427731966,1.0492002069881485,0.0013781757448356193
b_ps[21],-0.04032651430611864,0.2058668789465459,0.02015876865973545,104.62152586646253,136.94160809951546,1.0490897518086018,0.0013928084931491321
b_ps[22],-0.03482365198887336,0.2054836640571026,0.020063142828610655,105.34027961701905,141.80387398210678,1.048556450258657,0.0014023771389891449
b_ps[23],0.005627198743363564,0.20550232262005796,0.020096700321282784,104.71229816755863,148.66021128193745,1.0489941030701604,0.001394016929279864
a_e,-0.10373147060199799,0.36091072972065585,0.05513552663273709,42.935911730212176,108.5321521339082,1.12609214450118,0.0005715984547508012
b_e,-0.04680399494355158,0.3633527734175347,0.03451617705393341,114.22464679021974,263.7012883064119,1.0147058325427674,0.0015206532007518412
σ,0.97311808024629,0.003579998871243529,0.00011258745614718738,1013.9914400917602,1086.6473199207237,1.006859156994715,0.013499094742156197
