parameters,mean,std,mcse,ess_bulk,ess_tail,rhat,ess_per_sec
a_ws[1],0.03029784197403695,0.27503198408343604,0.02824402916664519,96.15947511903785,113.36992626580775,1.055499863219281,0.0023868561132938224
a_ws[2],-0.0227740728042417,0.2743565650285953,0.028135326153576827,96.49200738520923,111.53772118491077,1.0554098131497538,0.002395110179483307
a_ws[3],-0.018575020678669712,0.2775972341655916,0.027634822795907704,102.22413584404188,117.82540964391887,1.0530933874756543,0.0025373922149999656
a_ws[4],0.049447772181280186,0.27543870859963643,0.02819052347562691,97.2868833453294,117.38021286836944,1.055774986979257,0.002414840471712694
a_ws[5],0.06375355904434019,0.2741440808895386,0.02822747616803896,96.44976480658082,111.95670763856818,1.0560429019007864,0.002394061640512855
a_ws[6],-0.03946477760981518,0.2749195355365352,0.028300708848142318,96.3769331910715,111.92871707558704,1.0561187882968246,0.0023922538250427277
a_ws[7],-0.00361490010521212,0.27563654754294387,0.028408707568715264,95.5066715198131,118.12421553987774,1.0554621865430094,0.00237065231996341
a_ws[8],0.017333777040048567,0.2743970744803454,0.028218115904559818,97.28793231472648,112.52147206560389,1.0558240552491414,0.0024148665090742228
a_ws[9],0.006679834855921195,0.27435721609162356,0.028326990923947457,96.0355590765395,111.42944245523803,1.0556811811786821,0.002383780287815301
a_ws[10],0.13474601490637378,0.2780060292055542,0.028492410384483927,95.53244289974272,120.02446670661136,1.0538640749836707,0.0023712920133025935
a_ws[11],-0.0626161500001129,0.27851927638316026,0.02864369596766517,96.87749882543761,131.24376527632344,1.0553283413410717,0.0024046787903725876
b_ws[1],-0.022400935714262576,0.2900452906869202,0.02426323915442616,143.2108395398372,228.50615490371223,1.027451189373564,0.0035547580456574903
b_ws[2],-0.025026386061798325,0.2897659042670316,0.024183367403176503,144.09106748913155,243.84138884205592,1.0273417435458965,0.003576606932200023
b_ws[3],-0.08265865110626626,0.29323363683175035,0.024345906116952025,145.66872477817006,240.72579510325093,1.0279679799605077,0.0036157673055315386
b_ws[4],-0.013300150495089124,0.29005049366604707,0.024202614017006935,144.3733752984325,241.1724029267533,1.0265078545114628,0.003583614334430811
b_ws[5],-0.0010915789309527354,0.2892843149467136,0.024238814881976104,142.86419272979512,234.3472739458818,1.027582481567116,0.003546153630370505
b_ws[6],-0.053472970769201045,0.2903409412885331,0.024327801215861113,142.96217992353786,238.67863858336554,1.0274270760662796,0.0035485858538421896
b_ws[7],-0.04725955860885905,0.29037720827636837,0.024095646007111088,145.54524219906838,229.39653824904985,1.0271732605166386,0.0036127022394166364
b_ws[8],-0.021510351043431165,0.2894268719469052,0.024250030782671902,142.72216992777226,231.65590068971824,1.0276816535057174,0.0035426283616144544
b_ws[9],0.011026739503093783,0.29034673027373153,0.024222944262329543,144.13366246321903,222.39263072173395,1.0274311430859344,0.0035776642182778684
b_ws[10],0.14545638137144118,0.29509363627634155,0.024275131708708986,148.1407709243097,248.67783757750524,1.0284877620177046,0.0036771280653417763
b_ws[11],-0.09776517320445101,0.29313158284488666,0.024467376113412174,143.602652366863,258.50214484487185,1.0264806561368047,0.0035644835650646602
a_ps[1],0.11125921078153407,0.18600989188826042,0.023870679398583148,60.03588850852269,146.16966784455008,1.0810946047704713,0.0014902018477763455
a_ps[2],0.10225835606627183,0.1855620774551524,0.02374316808668231,60.362493851411905,149.091314842335,1.0800754258700684,0.0014983087967623348
a_ps[3],0.21592111661263402,0.1863803390156547,0.02371727814862888,60.95550210756749,144.50983113871035,1.0801307289124136,0.0015130283590278992
a_ps[4],0.09763456814665339,0.18599435887305224,0.023829617494909004,59.82048809021378,148.3925628644753,1.0813791365463672,0.0014848552108005278
a_ps[5],0.11088648684426679,0.1861496911650912,0.023951054083887965,59.64572689836865,137.9683983812817,1.0820483431820884,0.0014805173146274705
a_ps[6],0.04825987834333335,0.1858755204747555,0.023805398648957202,59.98817867524758,141.03738148456208,1.081299206607774,0.0014890176014285368
a_ps[7],0.18582743472504962,0.186478157686317,0.02380182465966298,60.79637928331801,144.24123717362474,1.0800996522438628,0.0015090786360769963
a_ps[8],-0.47711718784237306,0.18549407689429667,0.023845639083485765,59.68685355541661,142.67820450654577,1.0814712737521108,0.0014815381543593093
a_ps[9],-0.02189617114557749,0.18594539258101275,0.023815662621962292,60.31472265330691,141.03697272463205,1.0808073114719945,0.001497123027225894
a_ps[10],0.005659329594936608,0.18573270154848315,0.023922156318181544,59.547686831214584,141.68252044270997,1.0812930612509701,0.0014780837787398762
a_ps[11],-0.1487876084727967,0.18572227283972773,0.023741538915926022,60.60279317277614,147.99243002518028,1.080607376006423,0.001504273470586818
a_ps[12],-0.48144695958431394,0.18585321679783756,0.023775337130522333,60.15988956427396,144.84472317554503,1.0815343111146978,0.0014932797834411192
a_ps[13],-0.19188854304474592,0.18563539043576502,0.023739856154664157,60.2565590109214,148.14875302953362,1.0812058012913173,0.0014956792979914381
a_ps[14],-0.5466880913781479,0.18679617492375875,0.023849269557109788,60.98583919389969,145.09669769685803,1.0801791357729027,0.0015137813816487268
a_ps[15],0.05558164796974252,0.1859907105124107,0.0238065114778846,60.28083610313683,138.2846928595932,1.0800891141416273,0.0014962819003444114
a_ps[16],0.14381368257642468,0.18666282623670372,0.023692807128719386,61.333754737980264,139.91088119123478,1.079170587433143,0.00152241728926231
a_ps[17],0.11159317188254267,0.18646684731566718,0.02399353598344295,59.79678916417313,145.32848359576317,1.0809786887101491,0.0014842669596018955
a_ps[18],0.0027540419332207373,0.18561526973195594,0.023855711484034894,60.022619185462304,149.26045847208215,1.0807086032300492,0.0014898724786234175
a_ps[19],-0.389396190579268,0.18548209566577292,0.02384899948601162,59.813447393246726,142.46339090139273,1.0811858447416305,0.001484680447673162
a_ps[20],0.0205689085962029,0.18572311736955863,0.023764787480192617,60.321506117347916,141.74956538855895,1.0818091521850473,0.001497291405356032
a_ps[21],0.24484114677417368,0.18602649258508658,0.023726110136682802,60.42805981368809,146.82139768834813,1.0811074478295104,0.0014999362652742955
a_ps[22],0.1440299761697209,0.18564217019610077,0.023572743118853757,61.24638050311395,146.33039033886297,1.0799913331717386,0.0015202484990689683
a_ps[23],0.0057495901391851284,0.18607647487338347,0.023740944455456867,60.65702709637906,148.03994282235013,1.0794615367073992,0.0015056196569292384
b_ps[1],0.044294909420765166,0.21787150829629143,0.022633272055716257,93.44264426158004,151.59699001211305,1.071112999854484,0.002319419343980336
b_ps[2],0.055941405979654205,0.21770765537535275,0.022603882259242352,93.09300567062294,162.34454140568693,1.0742000080264027,0.00231074066715482
b_ps[3],-0.13951499426623098,0.2174423167587138,0.022618806850333625,93.22784578629359,169.88934505398933,1.0730880697172698,0.002314087648344217
b_ps[4],0.03954198201171398,0.2171850533467059,0.022575213945576253,93.71863681319284,137.11705344191412,1.0712296681495919,0.002326269989829069
b_ps[5],0.011288824649869746,0.21702316249334894,0.022643118198222296,92.43062284037596,145.07604062556274,1.074378451124807,0.0022942990995842953
b_ps[6],-0.10864533866757287,0.21743582984682264,0.022617538046748063,93.10277544585304,160.8231477831066,1.0722280151533252,0.0023109831710547697
b_ps[7],0.003913928229665846,0.21733043640928099,0.022636052017164104,92.89415131426762,139.98424378511777,1.0717436854494085,0.0023058047340547877
b_ps[8],-0.02237045915004525,0.21806553037930085,0.022664646434989732,93.22552965344697,168.957550542456,1.0724194166252756,0.002314030157641015
b_ps[9],0.016502624613886453,0.21755614284352404,0.022656065044919724,92.86205785513543,152.02852569357722,1.0736127126792054,0.002305008115010938
b_ps[10],-0.004258793479218375,0.21741133619313113,0.022596232231153965,93.5388147597842,160.7639872409527,1.0713060680817035,0.0023218064737070008
b_ps[11],-0.028344654756264936,0.21744882026124968,0.022638723338876794,92.74198593561427,137.21110637048443,1.0713521796738377,0.0023020277077781693
b_ps[12],0.04867999700654651,0.2172447682962425,0.022591147597719474,92.96725980005957,136.5147201196597,1.0729869496986362,0.0023076194219576714
b_ps[13],-0.00987282942336772,0.21763558328185226,0.022613525202157668,93.34746988910942,134.4471058430335,1.0748914575368325,0.0023170569399376855
b_ps[14],-0.014524803239065189,0.2179550833986495,0.02266294262661352,93.27259227051752,178.0154008361245,1.0729723524493513,0.0023151983388849683
b_ps[15],-0.06319765074891547,0.21727205950248843,0.022664218058524446,92.43414530843398,160.72122057869748,1.076851879747838,0.0022943865337597394
b_ps[16],0.012067890141650807,0.21771945005621418,0.02264906636039785,93.1596280069841,153.3405786829075,1.0728472755481506,0.002312394356826365
b_ps[17],-0.06118105492050751,0.21790462271015862,0.02271851154538235,92.57214374410859,149.29595134915155,1.0719637368246901,0.002297811910296031
b_ps[18],-0.018342522258411827,0.21767934814317597,0.022609226248532246,93.57042760096891,165.96201595881993,1.0697695705848709,0.0023225911629240216
b_ps[19],-0.00783827375732741,0.21744402325599177,0.022670384550584042,92.67233697771688,147.8765003485189,1.0738920164602643,0.0023002988917594034
b_ps[20],-0.030174604579820255,0.21771334147376795,0.022657858521295704,93.05060765621819,175.7759285087929,1.0726757124818065,0.002309688269980769
b_ps[21],0.04329123980782249,0.21755930380284705,0.022639382325241694,93.16751901950202,144.7307241216031,1.0710467023673498,0.0023125902263591925
b_ps[22],0.06485528630769911,0.21732809540685855,0.022583114034195006,93.2059302511972,147.43765218568728,1.0702075389848287,0.0023135436642089443
b_ps[23],-0.04180181595874975,0.21745602309132503,0.022608577736805312,93.10391394138276,144.48910329332733,1.072068049243806,0.002311011430620576
a_e,0.0035006531150576876,0.31109419549343464,0.03230238033090818,93.34998188660067,175.78124163716942,1.06875186995896,0.00231711929236381
b_e,0.05998589135505658,0.36906104321403377,0.034940017385154204,115.05679839114589,200.66036153632223,1.025944828738981,0.002855922645958274
σ,0.9694080528976661,0.0034410906992825663,0.00011476294939366184,899.4199709645924,1312.6626835919062,1.0013579610625256,0.022325268034770755
