parameters,mean,std,mcse,ess_bulk,ess_tail,rhat,ess_per_sec
a_ws[1],0.05760567476434316,0.30637463359983313,0.031611282399832435,94.93612795722078,315.29081125445015,1.0454672239574583,0.0015469342177477218
a_ws[2],0.020051487348399823,0.3050562511106423,0.0313859149565388,95.53735466708154,290.5761927269096,1.0452974001837363,0.0015567308904172307
a_ws[3],-0.11560733108679946,0.3078491647205442,0.031472532481762516,96.03288956754443,358.38774639656725,1.0444382695243757,0.0015648053707031729
a_ws[4],-0.04800442691466354,0.30637614989835305,0.031594969782187454,95.74910924429412,337.39086065207425,1.0449870549159601,0.0015601813197564432
a_ws[5],0.08567609427622395,0.3052845082584861,0.031403233331598335,95.5508038859022,329.7345893419986,1.0450290142743826,0.0015569500383564117
a_ws[6],-0.039905259639062766,0.30574710859706417,0.031188189009218947,97.20053166493018,341.3501759452175,1.0449319432658102,0.001583831483874153
a_ws[7],-0.08575536161969338,0.30597684459773195,0.03157823983811854,95.10483357744225,344.7441147006728,1.0448882879672319,0.0015496831869996018
a_ws[8],-0.014691278698686154,0.3049706406690802,0.031301570312792876,95.99328809817685,344.2893091009117,1.045027683744974,0.0015641600856114383
a_ws[9],0.013112856779001213,0.30588348422992134,0.03125941456211409,97.03382601003217,336.41461197019277,1.0446428936792467,0.0015811151030041644
a_ws[10],-0.00266400019199297,0.30993673665785365,0.03078941823496819,103.19140899479437,262.2756975814925,1.0440728931638683,0.0016814496755500558
a_ws[11],-0.1242225617520633,0.3087780683871511,0.031764019254788146,95.5531996000715,308.46600118249125,1.0450894078444988,0.00155698907525737
b_ws[1],0.033997103126042746,0.3160727267407086,0.023411082303472427,180.02171465831597,153.61647815610985,1.0144117745422951,0.0029333590523941784
b_ws[2],0.013742454346834382,0.31551172435427133,0.023335492570110004,180.7941921473799,158.76115706833338,1.0141568446271225,0.0029459461663410556
b_ws[3],0.006656248534377729,0.31987408312804816,0.02334195496036606,184.8797350902001,180.89244762694136,1.0115631434057237,0.003012517937407748
b_ws[4],0.08286002438655125,0.3155920567492168,0.023265811266604024,182.01353704257735,159.10907186584217,1.0126507697698093,0.002965814749378979
b_ws[5],0.05542311734602565,0.3148766208285689,0.023324475357392082,179.85643862226794,152.9386980107212,1.01383715944811,0.002930665966410604
b_ws[6],0.06491759042660165,0.3159556284431378,0.023318130032584296,181.01577102487505,159.90383581560073,1.0151626467943784,0.002949556677480522
b_ws[7],0.03493071377117615,0.31665388925401017,0.023273147721371967,183.53126732271141,166.68486283564886,1.0133001529415042,0.002990545365153715
b_ws[8],0.07906888771897727,0.31497169891414173,0.023334741766024854,179.82015024780583,156.40471462946974,1.014313861920238,0.0029300746664558896
b_ws[9],0.08819344117005805,0.3165498360858605,0.023367422146720038,181.76668234564667,163.1142056503325,1.0139321171582407,0.002961792382070446
b_ws[10],0.1337144032735877,0.32146106190995016,0.023587816167008897,184.24034558164334,176.3271514546465,1.014149786760101,0.0030020994220275854
b_ws[11],0.0008685238222072922,0.3169744576568057,0.023193686123855993,185.01445368273122,181.30266244556026,1.0148376859663666,0.0030147131059388163
a_ps[1],0.05216655468266591,0.2106513608900461,0.020814013194250483,98.25907593769314,248.34020535788045,1.027909394257698,0.0016010799054368668
a_ps[2],-0.1675403671564755,0.21099038476105422,0.02074299412273291,99.52855930471237,239.16587535025454,1.030760827247096,0.0016217654684734018
a_ps[3],-0.4150718215704689,0.21096160669368996,0.02084055862152964,98.83466261546015,233.23738126782914,1.029981919125261,0.001610458787283815
a_ps[4],0.09680286730930922,0.21113029741974745,0.02080808601579548,99.49386819997041,302.7809504275858,1.0286136740205172,0.0016212001951877565
a_ps[5],-0.10925731249913534,0.2104229802851893,0.02084918427080056,98.12146556935689,202.4990818413505,1.0300576283813352,0.0015988376169416784
a_ps[6],-0.07796578362733407,0.21088524741513553,0.02080348785024044,99.48595382019661,264.8268729243263,1.0287847447485037,0.0016210712345365507
a_ps[7],0.11501947916316453,0.2112562492383771,0.02080957163793614,99.56652286478506,217.47305392203867,1.029453369545237,0.0016223840646955947
a_ps[8],0.09722617027583316,0.21047990234810768,0.020855409179532835,98.04258884269638,221.272135518797,1.0286958715650678,0.0015975523622122033
a_ps[9],-0.040185277703914904,0.21050823433806007,0.020830443627620623,98.5522496547534,219.32250728329257,1.0305805780310073,0.0016058570167897669
a_ps[10],0.2954710743204692,0.21133134818642757,0.020961791970480814,98.2173707599376,216.14620738397545,1.0293145054146429,0.0016004003415246292
a_ps[11],0.49189400616650586,0.210796629756013,0.020825529447503058,98.80734980528825,278.66745271170646,1.0280979986657792,0.0016100137394232494
a_ps[12],0.18098512672211,0.2112342564757783,0.021079489500842128,97.10545177783614,215.4073581925777,1.0280088551436928,0.001582282207176965
a_ps[13],-0.08357295276141863,0.21106804552197356,0.020726590870657025,100.15232916732718,296.07657906478875,1.0295602021876835,0.0016319294699472502
a_ps[14],-0.06363843833252451,0.21134879841307722,0.020881889405382027,98.80474538019743,254.86529349135833,1.031064360634222,0.0016099713016877186
a_ps[15],-0.22906475663975565,0.21171831260888654,0.020735761096437128,100.32199267914002,249.33670974216005,1.0297471342515343,0.001634694047538247
a_ps[16],0.219175647188617,0.21076918115868365,0.020733710304777258,99.68493634366119,246.7164890609204,1.0306435755434247,0.0016243135499848893
a_ps[17],0.12627572474175416,0.2109099815633263,0.020739851675699483,99.72180392664434,240.47056363455,1.0293186048010514,0.0016249142878374799
a_ps[18],0.017693632574269706,0.2115700218492893,0.02085278719977387,99.44502042571666,277.3048637637208,1.028697511020319,0.001620404246426417
a_ps[19],0.23695848810494824,0.2111750857702008,0.020894644285015192,98.47788322522948,263.9009754100262,1.030633044426191,0.0016046452549772973
a_ps[20],-0.09353219823510511,0.2106652375582051,0.02079282653287483,98.81826664360655,240.73474060846888,1.0295744287034705,0.0016101916235555344
a_ps[21],-0.20184234175531118,0.21059072288104919,0.02071907839643322,99.82756023261831,301.14346864825336,1.03010082429992,0.0016266375311587943
a_ps[22],-0.1978188018162476,0.2111333901116831,0.020756505267066228,99.86073676421022,240.17069255291676,1.0289004368299213,0.0016271781252724371
a_ps[23],-0.2552437242930051,0.21141490989817271,0.020960707357424665,97.64216763747599,199.85121681424368,1.0291646738570965,0.001591027709509427
b_ps[1],0.010676321852188525,0.21508412753311604,0.019987196654083602,116.3901598497214,89.33316499170054,1.087578959747194,0.0018965163711099802
b_ps[2],0.0683737882688236,0.21552560860148262,0.019996854436505285,116.23203831908036,88.72245592312035,1.0888265006295321,0.0018939398640249062
b_ps[3],-0.03929459034193624,0.2155340186888158,0.020025277594990787,116.25002279178157,85.20681922211507,1.0918041887548704,0.0018942329115380953
b_ps[4],0.018830943399467167,0.21471419581239232,0.019942806214772527,116.4534614756959,95.67457224308453,1.091033081727725,0.0018975478377746323
b_ps[5],-0.024050450564513663,0.2149763084974456,0.01987205800960866,117.23027205867032,89.86190897324616,1.0916526429764741,0.0019102055572052497
b_ps[6],0.08342806837314831,0.2150238415117941,0.02005251620910433,115.55161589612324,91.87043524746066,1.0953443238951175,0.001882852738909908
b_ps[7],-0.012045686381975375,0.21478587827615414,0.019901942446997785,116.63149885407523,78.64977647486228,1.0908334470337782,0.0019004488631121853
b_ps[8],0.036473831015593504,0.21536689312288895,0.020015783675557182,116.04352800952246,83.16434162027332,1.0935329826137605,0.0018908681877881765
b_ps[9],0.0657851682096224,0.2156154248926754,0.020071930647027298,115.94661600577744,93.76640400624571,1.0925655758977129,0.0018892890577148368
b_ps[10],-0.043246097899595326,0.2149781220557568,0.019889496769042423,117.22788357523157,102.17930692006314,1.0917685389871645,0.0019101666381252384
b_ps[11],-0.06094899963529304,0.21502715955673496,0.01998084602204409,116.30276152475236,79.80301622515101,1.088502194755626,0.001895092261422998
b_ps[12],-0.051073370922786826,0.21524479543276984,0.019955367785552555,116.65720021791444,82.78308609067984,1.0896835153815219,0.001900867653303245
b_ps[13],-0.03429940493743415,0.21516508003713658,0.019898118663241263,117.13297763045506,83.98182366104112,1.092639075855397,0.0019086201957265276
b_ps[14],0.05568349110901025,0.21514032301222005,0.019930510602890694,117.23201179445564,100.2689784492425,1.0888287451001457,0.0019102339052838374
b_ps[15],0.044135670628887055,0.2155583570625357,0.02003790677763399,115.77625244130707,97.13637519071665,1.091638249442806,0.0018865130731343886
b_ps[16],0.02734356137507955,0.2151045758524233,0.01995527115781827,116.53635367409504,79.8335810302089,1.0921207343051427,0.0018988985225017968
b_ps[17],0.027724550695076875,0.2155985216808569,0.020102116356964593,115.43420158156002,83.70006717311256,1.0931346872663485,0.0018809395344769962
b_ps[18],-0.038033326305142764,0.21507686352782082,0.019963311135220402,116.71661897375743,83.96070477914135,1.0935405740928887,0.0019018358506435761
b_ps[19],0.030738065373867342,0.21534040058622933,0.020019701809202636,115.74429009567748,86.35593894731919,1.0909393056134051,0.001885992263541689
b_ps[20],-0.049645392560417896,0.21477555803314483,0.01993810557479089,116.24125963644403,85.1614010310978,1.0912300298104742,0.001894090120535989
b_ps[21],0.01124203548723229,0.21475426761058045,0.019821563304494326,117.38652239538993,85.45792952421968,1.0888973848188408,0.0019127515741706254
b_ps[22],0.005662823066945517,0.2151459503589788,0.020087221756803997,115.09342984379971,89.85957167884891,1.092111970754607,0.0018753868384388734
b_ps[23],-0.000658078593480111,0.21508393943180823,0.01992752638525943,116.94687605148052,88.92151883010152,1.0931547380378672,0.0019055877684863696
a_e,0.00890108812006677,0.36172674480904543,0.03321823614288643,119.99120291050471,297.56841054255773,1.0207005019087934,0.001955193471705644
b_e,-0.03938942369353751,0.37766599157060393,0.031980946904491624,139.79072287129625,201.20990144508164,1.0314357416668247,0.0022778162243012527
σ,0.9750844284700055,0.003460203706057681,8.9180605742468e-5,1504.0860570353052,1753.316713134644,1.0023257574706605,0.02450829034352034
