parameters,mean,std,mcse,ess_bulk,ess_tail,rhat,ess_per_sec
a_ws[1],-0.01163089591036007,0.3052046120646543,0.040652607870203444,58.37559547893116,150.84864472268364,1.0872210672092355,0.0008996450723167196
a_ws[2],-0.011955345924722636,0.30449672238547265,0.04070644551001159,57.7007713400624,153.89217123945215,1.088695594362531,0.000889245140526169
a_ws[3],0.008891696374102373,0.30705579216946327,0.040669891269436466,58.76877095062113,126.49638576558748,1.0874055364483444,0.0009057044259346086
a_ws[4],-0.05665561881796364,0.30438999893044144,0.04058653238398622,57.81854988183932,137.86862662684675,1.0883546233073345,0.0008910602635046146
a_ws[5],-0.12162721128075525,0.3047470346596304,0.04060085406453824,58.14314022658978,148.81685786994782,1.08820778319729,0.0008960626296780223
a_ws[6],-0.04990505401636101,0.3044704460272106,0.04062057136560038,58.031178184618504,149.93767024480164,1.0879336256573877,0.0008943371466483489
a_ws[7],-0.10070858371860737,0.30597844048770007,0.04043076698763387,59.169566572987506,139.12623312568857,1.0864900112926372,0.0009118812161447941
a_ws[8],-0.028667832354172033,0.3042117085907829,0.04066868807787392,58.1057050032239,143.53845060079476,1.087846303181571,0.0008954857034136155
a_ws[9],0.017969114284632846,0.3047554598343421,0.040854019930398285,57.444881168562304,149.31151769737764,1.08876875386241,0.0008853015348129317
a_ws[10],-0.07138248181936586,0.3093611100366577,0.04083465699593961,59.315331909998704,137.53534542337,1.0879055624817868,0.0009141276526236142
a_ws[11],-0.05373073925774306,0.30910312250297733,0.04102479585773076,58.780059539947246,175.38651624563022,1.0888568272285912,0.0009058783980145046
b_ws[1],-0.026035260052256363,0.3039866562785227,0.02075156188996415,211.38441095542356,252.62207654679364,1.0154961174689483,0.003257713126870893
b_ws[2],0.004145626766381024,0.3044120920805984,0.020903182447331053,208.6937546212195,257.585620705832,1.0156393688426235,0.0032162465569369196
b_ws[3],0.027055911355823775,0.30705293057877125,0.020923345314495745,213.23088340124409,247.65943792618074,1.0161432506035133,0.003286169707457734
b_ws[4],-0.03205076193337979,0.3042250957032888,0.020823289915393464,210.58352042547088,262.4251325436201,1.0152118070206757,0.0032453703453913085
b_ws[5],-0.057082294775096715,0.3035565162649766,0.020884310980374632,208.02589266145395,251.54346110281094,1.015602090763508,0.0032059539215271837
b_ws[6],-0.009865533470408252,0.30474986084642464,0.02090034785981085,209.5574377345096,249.6889938236688,1.0153100076524795,0.0032295570551089687
b_ws[7],-0.07014871643079712,0.304632909301039,0.020797630726615803,210.8279670917694,251.14719342195525,1.0149579360690866,0.003249137591566281
b_ws[8],-0.02518818778331946,0.30323655826449986,0.020823704538388204,208.6391373126479,259.97430304881675,1.015405691211629,0.0032154048320325907
b_ws[9],0.04007042978085773,0.3048565355259178,0.02089216134745388,209.79085210289935,263.54323884749465,1.0152697271507203,0.0032331542789934865
b_ws[10],0.005028003183886313,0.30678852298769105,0.020178372462174743,227.9324139190618,280.8296092436058,1.0132738166648536,0.0035127397214739873
b_ws[11],-0.012380405309110375,0.3062039026841842,0.020988647367836635,210.71167450649278,267.8055219604103,1.0157370211045684,0.003247345369141263
a_ps[1],-0.14896835069968575,0.23190778214327148,0.025067484379171893,89.66459055269247,85.47800780388367,1.0850913675878202,0.00138184983622377
a_ps[2],-0.26849491280305565,0.2318960102044542,0.02519829839570957,88.50603989902986,87.61868491038057,1.0853607702974415,0.0013639950395738056
a_ps[3],-0.1825549371176819,0.23207504844774404,0.02514452858195598,89.31792257519358,99.04777864328518,1.0857812668789106,0.00137650722455312
a_ps[4],-0.1839392339385086,0.23207775326369245,0.025175443775482163,88.64632234921947,81.16781161947729,1.085643345730535,0.0013661569775208224
a_ps[5],-0.1795267012831289,0.23170911023249027,0.025088337162119338,89.35255801729865,80.45498240121537,1.089479800687503,0.0013770410024882603
a_ps[6],-0.2045694778911033,0.23193957328889142,0.025124580313228752,89.22776482069489,92.38486799942774,1.0839685159027588,0.0013751177744087497
a_ps[7],-0.12091641982309173,0.2325082126251569,0.025222856475115147,88.50388683124291,82.20615695827044,1.0895894139031743,0.0013639618579538325
a_ps[8],0.26467182887772706,0.23140954418390008,0.025104487725774106,88.88119964459915,84.31701384979883,1.0847869663921264,0.0013697767470435792
a_ps[9],-0.009609718940114208,0.2319598621596164,0.025181885480588133,88.63531793060415,87.79757010680417,1.0882556878324008,0.001365987384887124
a_ps[10],-0.07689945883753006,0.23176540724342812,0.02512997452205515,88.99225875547785,91.11142647952899,1.0868000213094078,0.0013714883147118518
a_ps[11],0.18104757062589574,0.23202598392390972,0.02517587203768352,89.0303832702761,85.66036413691543,1.0861995237394642,0.0013720758638681614
a_ps[12],0.3542862807217248,0.2322000248085762,0.02519222491235349,88.72318936736396,84.5351809006521,1.0844331821688578,0.0013673415998536657
a_ps[13],-0.131271439854499,0.23165619295250084,0.025079644590662347,89.34121726481014,85.91722913727247,1.0860146630958665,0.0013768662265050957
a_ps[14],0.18820934614210053,0.2323834333331545,0.025151378246023502,89.28111424692159,91.79434391909528,1.0884500499832794,0.00137593995957058
a_ps[15],-0.158502661440848,0.23196715464710682,0.02513848760116873,89.2578918271823,86.61695652201999,1.0858960068399819,0.0013755820713929208
a_ps[16],-0.06433475120113728,0.23149732582733998,0.025136842453742526,89.17304499493173,91.13750899776366,1.085569085290724,0.001374274469579018
a_ps[17],-0.40471228565720424,0.23180081560162433,0.025165716966093016,89.00746321752592,95.99884431612274,1.0847786846303606,0.001371722635565396
a_ps[18],-0.11386441330254504,0.23267700029592447,0.025174539513561987,89.42950895217128,88.41741972931611,1.0839557776283717,0.001378226918088784
a_ps[19],0.6150988871193831,0.2316921059559965,0.02511836921564048,89.24195553790007,91.52778909754426,1.084806809176499,0.0013753364721145556
a_ps[20],0.039960839978308675,0.23227072004139435,0.025216877923768814,88.5530074793747,85.48699490491532,1.0873217257231607,0.0013647188720566988
a_ps[21],-0.15528678464073603,0.23171627549913099,0.025129727167471756,88.9300986186523,89.45112359983183,1.0842279798458963,0.0013705303448559411
a_ps[22],-0.3006841673815883,0.23218758618631163,0.025174585460447162,89.04367465077398,83.2241809116174,1.0866261445623409,0.0013722807016067933
a_ps[23],0.0017866057811241536,0.2321408681416476,0.025167512802593037,89.31816763708574,94.86617795058329,1.0888018259158034,0.0013765110012807383
b_ps[1],0.054911570316391475,0.1971306438826992,0.014654483968817906,181.67188978292492,193.43022911282478,1.0172581837880208,0.002799803909163774
b_ps[2],0.09137489901268396,0.19683249763156427,0.01463977613397215,181.10123454089492,204.28277826435647,1.0173059678078729,0.0027910093577374114
b_ps[3],0.0946389909069932,0.19644993332978897,0.014707341606917773,178.44609725794126,199.34640087950447,1.0180641920716067,0.0027500901833232374
b_ps[4],0.0011124695630952202,0.1958786541887343,0.014589923530601134,181.17409667416345,194.66713198633133,1.0174124315704345,0.00279213225950168
b_ps[5],0.0066680086543433326,0.19622617063218797,0.014741082541317972,177.3506014169006,209.50299254550353,1.0181901625564433,0.0027332071446655604
b_ps[6],-0.024527195087108666,0.19675565037089854,0.01468014499869849,179.83418369037994,194.99379136692494,1.0184084498813575,0.002771482429666041
b_ps[7],0.07026499380571145,0.19669281601195768,0.01466594935136686,180.67743990747775,186.70241890118535,1.0177842147237637,0.002784478122372701
b_ps[8],-0.0168088802789795,0.1962282389079774,0.014573078073118159,181.5300449466046,211.3564145085367,1.0172334201789681,0.002797617892781719
b_ps[9],-0.044438821678412746,0.19699844813398154,0.014680918434352958,180.6443881935005,204.91684943165512,1.0180644692185805,0.0027839687517809786
b_ps[10],0.02297586487222608,0.19643916995758165,0.014672190782949207,179.53579534599143,187.50258339239713,1.017888403859973,0.002766883870945338
b_ps[11],0.028096036946459606,0.19654300295056612,0.014584057310404873,182.33910237453838,196.71691480535003,1.0169067048453588,0.0028100865369521167
b_ps[12],-0.06018999589932325,0.1961069526492093,0.014645132976853445,179.5624041329341,197.4021377524989,1.0176356505707347,0.0027672939475168385
b_ps[13],0.04884979395784801,0.19660943670241893,0.014631865876589533,181.0835049334587,197.32673319728298,1.017559180207482,0.0027907361210563423
b_ps[14],-0.0162012523289145,0.196726001837476,0.0146498921816469,181.04790205772164,191.80477961164857,1.0172196225331762,0.0027901874336904255
b_ps[15],0.0800429827546359,0.19639946883323092,0.014711003978637427,178.1421027408137,188.5562145937593,1.0179838406191262,0.002745405226071815
b_ps[16],0.0504304612430312,0.19613307599287136,0.01470890806912205,178.25581912449374,209.39833075261885,1.0176912755186347,0.002747157745825662
b_ps[17],0.11911236171936729,0.19636056330267698,0.014678982615085615,179.93233237522864,199.31134568268217,1.0182691542735256,0.00277299503060748
b_ps[18],0.0579749588707229,0.19668422207545608,0.014713540931614092,180.28212094161532,181.60047651253646,1.0175957532549746,0.00277838573467689
b_ps[19],0.013791218581370711,0.1967052271601394,0.014634744692021416,181.0912263416319,196.6609234745045,1.0175556521810052,0.002790855118160481
b_ps[20],0.06591976416125297,0.19637470428467046,0.014639577673403965,180.6732157697723,192.67393698195863,1.0176504024775535,0.0027844130228282713
b_ps[21],0.0774704041904447,0.19645786663561024,0.014641707306781618,181.05239956216676,200.8606579349185,1.0170645940842475,0.00279025674617758
b_ps[22],0.059233250568715166,0.19604946929657743,0.014622651562140283,180.5956429758975,202.14907819504464,1.017459574297203,0.0027832175235587096
b_ps[23],0.02828701968158437,0.19638235236946208,0.014677131194682442,179.72375592767085,205.1017146576066,1.0175046673798827,0.002769780591907417
a_e,0.09871217382010232,0.38065689503072764,0.05052824224012993,59.960717694242994,83.9951008687,1.0716127099596788,0.0009240739004652862
b_e,-0.004222450272008232,0.36627881272146323,0.027015839528006597,185.95370953696838,254.12977123364922,1.0159764225721155,0.0028657924101918087
σ,0.9734129414839019,0.0035086317506682614,0.00013383049301952544,689.3352878439982,681.1712918790979,1.0069897613900671,0.010623567773397818
