parameters;mean;std;mcse;ess_bulk;ess_tail;rhat;ess_per_sec
σ_aw;0.08364798828271765;0.0650209569173097;0.0020616602755997465;964.258940226093;1600.6589712925118;1.0056519263215973;1.484503025519349
a_ws[1];0.10919730219699926;1.014937597314899;0.08268411139617438;151.85221961065244;84.94884681114972;1.0391045785509296;0.2337806475416095
a_ws[2];0.07806954319212792;0.9428180191522334;0.033094212294113017;825.5346982385815;543.3701022647164;1.009250952142954;1.270933258776971
a_ws[3];-0.08138031122597823;0.931745260113408;0.03229492254840919;846.9115508431591;2105.741362281449;1.0070589333307651;1.3038435083414044
a_ws[4];0.24870866526656946;0.9146379836872212;0.025573995119433073;1259.6273951954045;1098.158993267114;1.00346729598763;1.9392308447315905
a_ws[5];-0.11025442287752533;0.943843754593465;0.06338936685106168;233.53292434182737;67.82757954206062;1.0304328991576674;0.3595303276758177
a_ws[6];-0.30635207853262336;0.8933897625701742;0.02105658450458561;1732.0121709154448;2055.2309199193237;1.0035432540275182;2.666480133808706
a_ws[7];0.28138909462416395;0.9446993607929047;0.04781619519872734;399.814541907189;778.6047493125997;1.0104992406872781;0.6155254282306043
a_ws[8];-0.39984687629820526;0.8697175905295068;0.038664114271177254;487.2238781706327;1957.316126416075;1.0150501911345928;0.7500944933733088
a_ws[9];0.056648636489736684;0.9197275315163373;0.033393298112200986;779.6659524224362;1695.5125573603516;1.0048785291105875;1.2003170693902492
a_ws[10];0.013792504001135207;0.9930795716166662;0.023716755751696225;1750.8741092639025;888.1155230684296;1.0157047167817792;2.695518604054965
a_ws[11];0.02298923074298068;0.9376064591529434;0.035506926537070715;713.5327416063058;1408.9211769121894;1.0052873768865207;1.0985031815969606
σ_bw;0.09242263769677463;0.07737748189066264;0.002155864593966265;1002.2827198325608;1140.7637733741906;1.0046864943219096;1.543041674747996
b_ws[1];-0.057690410119398496;0.9915025801727702;0.0870435890947717;176.1769504147419;97.86255724362059;1.0339407715741094;0.27122923626316975
b_ws[2];-0.023332230428424337;0.9375929779238952;0.04396864173387586;485.3420312736804;249.50878124631893;1.0089190437693651;0.7471973385785242
b_ws[3];0.1221073119248119;0.9577234270941902;0.04474709597922197;490.34111511526726;208.00270969059923;1.0099227469866805;0.754893564953071
b_ws[4];-0.29285038404406893;1.0064160139028604;0.07085953828986719;304.06439933685886;87.00140503149768;1.0094997227312144;0.4681154635314585
b_ws[5];0.060189441416982195;0.8604415438945326;0.032380292964723514;730.1254047813185;212.88535572915623;1.0077651197160946;1.1240480406147617
b_ws[6];-0.0050253713091472745;0.8982725656304279;0.03786818496582028;594.1313031747213;880.0160927528594;1.0023024760150863;0.9146813996993632
b_ws[7];-0.4285891699074972;0.9242530269755541;0.021313627115605752;1875.9492926098198;2085.7277802513436;1.0154648533914203;2.888075271510769
b_ws[8];0.3046552337221152;0.8329467302829562;0.03634390766700305;505.0305878111012;1518.2809183860934;1.0056133262562854;0.7775084101471808
b_ws[9];0.3259861148722033;0.9245408346295051;0.026032471246541324;1276.1518130071513;2375.147276601329;1.012560156519694;1.9646706381451027
b_ws[10];0.04359913649804534;0.9959307918143677;0.03665401582577864;730.7232807839856;1821.446230116442;1.0081070100782201;1.1249684870818037
b_ws[11];0.008127206359838709;0.9807350862167465;0.021713898098935508;2090.163736241448;1629.7554090468482;1.0133767899633344;3.2178642694810997
τ_p;1.4745147132672636;3.316709247533086;0.1301833971523594;246.80170564367032;256.2595262301537;1.025338427146383;0.3799579795915177
λ_p[1];2.9337158279244067;8.961989648391581;0.9086064774718281;236.49041548390494;95.3709486711658;1.014860748236445;0.3640834662210838
λ_p[2];2.315892695531925;6.702758570851239;0.274904863507408;386.2202442485127;807.3700351006114;1.0184713369606155;0.5945966349757721
β_p[1];-0.8204530696030581;2.6055054356231206;0.2347288730853224;258.687538439685;191.1854706191498;1.0206132331738373;0.3982565444379725
β_p[2];0.7156058094182538;1.6088456615028108;0.08898255162551938;503.86947748326395;343.73271726184163;1.0140804738006397;0.7757208490235763
σ_ap;0.6454060935785383;0.49606753119012353;0.038861821798511484;170.81639521397182;87.50595119075481;1.0291104176480972;0.2629765148394609
σ_bp;0.4486988931335295;0.5154567722671444;0.05355744569013701;219.92068884862005;89.39953544399465;1.0270044016356317;0.3385739186338543
b_ps[1];-0.29852612242209614;0.7262772232653668;0.024793617332764015;853.8646256688959;1333.7064606221059;1.0121534034093134;1.3145479573072065
b_ps[2];0.3316263083126588;0.7318858959281109;0.02343719090953797;962.9536943957149;1581.186820388765;1.0239471404181661;1.4824935638453005
a_e;-0.04044339610847645;0.3001110603251194;0.01487063681849281;351.07342081875765;893.547319997786;1.0174908547414703;0.5404871385093645
b_e;0.07897231317354073;0.33083363049541287;0.025145294365898678;271.4981301410287;93.95328103644223;1.0286684369137244;0.41797880092530015
σ;1.0222173720251768;0.03340632003144092;0.0008160541323889265;1652.1402704900552;1706.3123322943463;1.0089212154034006;2.543515157401363
