parameters,mean,std,mcse,ess_bulk,ess_tail,rhat,ess_per_sec
σ_aw,0.0390225637628705,0.012845038347374459,0.0007487147421934873,295.7763011019831,736.5821552361396,1.0134751613573267,0.0010790079118009083
a_ws[1],0.5057371785049242,0.5760652496794515,0.019808545542091802,857.5783837788754,762.8732558470055,1.002976094487536,0.0031284922342976655
a_ws[2],0.6388780444331358,0.5448832102498362,0.016314577707993258,1107.7227744406296,738.9830849500637,1.001187370671775,0.004041032473698341
a_ws[3],0.9202965949578783,0.6323140555032878,0.021292904028508853,886.3611290777893,826.0412720624422,1.0014518596301303,0.0032334932427799854
a_ws[4],-0.08410409146547168,0.5810125535870472,0.02001781112043962,837.9043269540693,527.5887066789262,1.005744180204718,0.0030567202130366827
a_ws[5],-1.7013236759875319,0.6100228254127588,0.03244144742735848,373.2790106887916,805.6938426798729,1.0157526011580191,0.001361741979806378
a_ws[6],-0.4980427592595288,0.4967862069394524,0.017565468449582806,809.1842655611904,859.9757688632798,1.0036145002851127,0.0029519478788271234
a_ws[7],-0.6695883945019643,0.5873334696165721,0.020485824009636066,821.629353304091,695.2866381272463,1.0057786319040203,0.0029973482306728115
a_ws[8],0.44596867718718713,0.43906346084227615,0.015999913263123475,757.4326306997546,860.6195173394642,0.998501582408822,0.0027631551214085115
a_ws[9],0.9978060456405439,0.5730355712676308,0.018270774251522143,1003.0940506857285,714.5029864725481,0.9992497794182352,0.0036593412418026395
a_ws[10],-0.28814447599937554,0.6535988097229591,0.02206695841492396,881.5488833132093,718.6710096292959,0.9998863334074998,0.003215937910475921
a_ws[11],-0.005333274034252881,0.6646692208932689,0.023784138893839218,785.722338404467,729.510539400581,1.0004125793560934,0.002866357502134055
σ_bw,0.020726313677611487,0.009337666985462217,0.0004026666943055144,462.3733313017903,332.9385494426847,0.9988024820982979,0.001686762870526104
b_ws[1],-0.25970886418125905,0.7362565986126406,0.027464594632616895,721.2596117289083,808.7432680537379,1.0012080856493282,0.0026311939956595977
b_ws[2],0.6097267880658945,0.7463116850106143,0.028189727145991873,707.8772652867963,706.1715153349859,1.0046830201782921,0.0025823744734879387
b_ws[3],0.05079213184347335,0.8998408563550074,0.03693870103229271,595.0708340047373,589.2275440724077,1.0015209037387678,0.002170850523117761
b_ws[4],0.13891235610057115,0.7434941087141603,0.02720813682519565,748.1061240362314,760.6220554175824,1.0025614749943135,0.0027291315216748215
b_ws[5],-1.3851876233379843,0.6519636751343275,0.02056545545933462,1010.2822052294309,846.4824643745786,1.000678507689175,0.003685564017579487
b_ws[6],0.20890733914930645,0.7773708801332214,0.027470861935419828,834.954295438477,624.2930318626162,0.9995889426565816,0.003045958338831323
b_ws[7],-0.36534700546926296,0.7874171092517618,0.03071571130500598,657.7740760997058,820.3924581979946,1.0008835054899778,0.002399595334868959
b_ws[8],0.0694831462974154,0.5945453091605267,0.02207779830696432,787.9082523230564,536.5030388291502,0.9996434588535309,0.0028743318341000923
b_ws[9],0.7855971026720955,0.8225690914798607,0.028934497681531984,804.8539260811112,634.1321851319339,1.0030388767996479,0.0029361505666612034
b_ws[10],0.10624548921949284,0.8738139326286374,0.03404126270462783,660.4765158221747,736.7136224447562,1.0043924944355058,0.002409453980848522
b_ws[11],0.08467759471647149,0.9062881334978413,0.03642676929275574,621.8256256462384,548.6019485150433,1.0072839752661542,0.002268453447193178
σ_ap,0.24647222031149052,0.04073644276618145,0.0017466304376757068,525.0950393513893,702.6281978206896,1.005339642516457,0.0019155750470765474
a_ps[1],-0.41288328476730574,0.23585185449504953,0.010406623909315094,516.4707056240238,511.3039481548094,1.0208619328294553,0.001884113012115774
a_ps[2],-0.9031162367387534,0.2670311151304523,0.011194352233644605,572.3124493497984,529.7873061993503,1.0107989215333435,0.002087826707446943
a_ps[3],-0.551965078670121,0.24209377593798878,0.010828135079127239,511.5980631394299,383.3999837745484,1.0086398378332821,0.0018663373493170115
a_ps[4],-0.5568986014298215,0.23986587740720286,0.010832962330523782,494.2818456862366,507.4316948532641,1.0053109743861623,0.001803166853354868
a_ps[5],-0.537970509407753,0.24087326522773356,0.010713598949744978,514.3109647481781,397.82538943037997,1.0152192473362198,0.0018762341608224316
a_ps[6],-0.6405847722234859,0.24520182149797845,0.010931451030438919,508.46520428348765,480.14143076636145,1.016540752262185,0.0018549085111054212
a_ps[7],-0.29523724934671053,0.2252818417121758,0.009929697767147895,521.5076639210698,581.2487829553733,1.015613964134921,0.0019024881078677826
a_ps[8],1.299056514548972,0.3147077807795684,0.013955371552195447,503.30371647654147,674.0207758742716,1.0061882632130315,0.0018360791249794565
a_ps[9],0.1599438702391547,0.2655320435478965,0.011136900518524551,579.0391414581446,681.0884256511496,1.0133075055943341,0.002112366043350842
a_ps[10],-0.11585579500160337,0.22674113551963482,0.010028202900385585,511.8071099786797,442.8942952934563,1.0167344806513747,0.0018670999634705023
a_ps[11],0.9488933855489998,0.29159170224771186,0.01271925578328035,527.6731439782261,658.164132819122,1.0032532441866762,0.0019249801119158977
a_ps[12],1.6690242103286392,0.3618940241288758,0.016413379515474783,490.6180174587791,670.554086165566,1.0046855052771766,0.0017898010102153834
a_ps[13],-0.3395540353955076,0.2605769524629521,0.011829470491633305,503.4477279200896,419.9398809050372,1.0105631295579065,0.0018366044864989541
a_ps[14],0.9746095198909986,0.29250143881016627,0.012833183297115887,526.3678436595809,719.9709147010601,1.0074832921559813,0.001920218305896122
a_ps[15],-0.4487659495890726,0.24091898366411346,0.010770875267270889,505.5287334754459,505.5361627452135,1.013089449661331,0.0018441961070931844
a_ps[16],-0.06187009317064617,0.2328447398350972,0.01047232804675814,503.0287806986873,508.767786868616,1.0139871664066393,0.001835076144421391
a_ps[17],-1.4662829267174964,0.3123715701335566,0.013105911804214434,568.9496298542773,577.8767959584123,1.004412451109478,0.0020755589604093787
a_ps[18],-0.26619490055877554,0.22890147480049117,0.010301385797217531,496.00906051875967,523.0972378139364,1.0169314615517144,0.001809467826295326
a_ps[19],2.7028993288024714,0.48762076667261345,0.0204825999142186,572.3229650045237,768.3462850733266,1.004571048130671,0.0020878650691229937
a_ps[20],0.37229958103100824,0.24450854107889908,0.010975157830820367,497.83892100482626,485.4597052197496,1.016458079565705,0.0018161432561205062
a_ps[21],-0.42846075781082626,0.2404510250223137,0.009987651534365847,584.1052908071551,596.7264077903145,1.0081417824333871,0.0021308476296360884
a_ps[22],-1.0349278501643477,0.27887391628799696,0.011698520809596612,569.6374851912138,492.1534997582207,1.0093634149168604,0.0020780682938075033
a_ps[23],0.20911722699544563,0.23674329531720537,0.010854397561594035,475.22747675297643,527.3464158425775,1.0105754884921443,0.0017336554869716901
σ_bp,0.043250792129292163,0.00883580155392174,0.00043348936143412586,399.1329219678762,502.9249031829046,1.001594652854995,0.001456058443692078
b_ps[1],0.3943687441843919,0.4303211036274888,0.012217236956623526,1251.102896053781,677.5552567849328,1.0059502891430583,0.0045640908966996605
b_ps[2],0.9678203957486328,0.5344646496479136,0.013711265186150508,1503.0436113646729,689.8409482212619,1.0087840645571133,0.005483184225382206
b_ps[3],1.148181223375151,0.5089843666096272,0.014061210534534126,1299.7101338155612,596.5297996447601,1.0031220349367778,0.004741412723770806
b_ps[4],-0.7002134881492168,0.4808463412629479,0.013355219703294714,1289.8095894953992,841.686117111506,1.0046087522074092,0.004705295003680355
b_ps[5],-0.5979963170305977,0.4474413662870318,0.011516241240115606,1496.040593056325,785.4788652819768,1.0025978531741981,0.005457636836585196
b_ps[6],-1.1821632814230338,0.5005870362102927,0.013339718079601211,1393.7242850014334,861.0918286480305,1.004000380526727,0.005084381421982451
b_ps[7],0.7304915864201748,0.3994556290526652,0.014952575960237644,716.2190193539238,564.2634369869852,1.0077581218925031,0.0026128056425951097
b_ps[8],-0.9965020162381859,0.49335599737438324,0.012130776595634595,1652.2978772491674,693.1509335884484,1.005399445271732,0.006027671843759304
b_ps[9],-1.0656214892468348,0.6571920205236722,0.018580038876478404,1255.4825100940716,828.1541485031329,1.003552965030129,0.004580067965120969
b_ps[10],-0.27180633749804434,0.4190952299641733,0.011518326266615782,1292.2445551200697,799.0675043190549,1.0033950150530118,0.004714177889713461
b_ps[11],-0.09757149698477326,0.531842928440237,0.015044160640869627,1255.9026107829488,703.887548117446,1.0009598673891738,0.004581600515110143
b_ps[12],-1.7794143328021952,0.5744685671134598,0.015461489964740813,1409.9504258043617,781.3984395134656,1.0053855527420439,0.00514357525948439
b_ps[13],0.18872412647060982,0.6218121830974955,0.01671293933970518,1381.724556048571,642.9687629503053,1.0037946499801793,0.005040605763042351
b_ps[14],-0.824559385479919,0.5865709100842424,0.01740677854096403,1129.6469400861492,634.9804099735454,1.0047905775438508,0.0041210130133934155
b_ps[15],0.8150565598320679,0.5033011336259502,0.015162967545222063,1092.926025019266,663.8524116975275,1.003027146121621,0.003987053133111883
b_ps[16],0.2935023323626969,0.4503702333492367,0.011947693867298517,1408.7744286960096,923.1913457855613,1.006182140490724,0.005139285158555278
b_ps[17],1.67529320231045,0.49081488304323345,0.018728551174433006,719.5514965921725,755.7627937182759,1.0016574727816472,0.002624962699440333
b_ps[18],0.451238631169272,0.4719514454155256,0.011212810565591771,1709.4393536043115,728.7038812886173,1.0036619169764505,0.006236127033879238
b_ps[19],-0.3178287068727704,0.6769316603196308,0.020289745265275574,1107.3017774522634,589.1919041626448,1.0028433417141058,0.004039496653960252
b_ps[20],0.5749625154049843,0.5135848534686374,0.013228476746792487,1495.0062405018123,573.2279077646599,0.999810683589661,0.005453863462634164
b_ps[21],0.7370391883156279,0.5095297913508238,0.013576920228225273,1395.2759204115475,806.0880543758462,1.0025638219966717,0.005090041871712555
b_ps[22],0.401307785916088,0.5029571548207666,0.013578577740406167,1367.9462891711416,732.4626928630474,1.0081383006143745,0.004990341901751703
b_ps[23],-0.16193127504337793,0.46348380157229885,0.011751427001309184,1558.4874022614417,861.7036353650885,1.0015693255662368,0.005685446167312508
a_e,0.0017810188980036164,0.05762070649501872,0.0026540074647037636,480.172619162525,412.2797690263749,1.011112148595826,0.00175169563341008
b_e,0.006648159526590561,0.012957157017114623,0.0005181267751475325,625.699084776116,731.0998078446926,1.0034737827219193,0.0022825840351801256
γ,-0.10223982767005024,0.058365325599048445,0.002561664052534052,517.3242525480907,662.7460192251391,1.0108578243406612,0.0018872267973674328
σ_γp,0.28479182594195085,0.04656864434086529,0.002194212379184765,438.61357310908545,671.3695850603418,1.002348565540814,0.0016000859901374842
z_γp[1],-0.8855915020342177,0.24948974561915857,0.01065400712223467,547.6487241485083,786.543020006194,1.0052811604568157,0.001997852106616772
z_γp[2],0.6134273168307108,0.231807076099644,0.00978150993488327,559.4700448841562,719.6409286074706,1.0085947278032408,0.0020409769227503747
z_γp[3],-0.32638338283222973,0.21756083853144217,0.009230044679835044,554.5861790629766,672.8355504667088,1.0089812767376163,0.002023160316613936
z_γp[4],-0.5557062347412995,0.22346753299399177,0.009535115679426569,546.0539436797512,693.3747867076776,1.0090660596506627,0.00199203426138386
z_γp[5],-0.6585357414235925,0.23351751515939945,0.009817001227412848,565.2529942998553,811.4928600574751,1.0087166128594716,0.002062073434370257
z_γp[6],-0.6134634490301715,0.2297255051291066,0.009702150007182761,560.4523589543558,782.4946476441689,1.0055116898724756,0.0020445604575017044
z_γp[7],-1.758929040066931,0.34012679714858624,0.015277233899885178,503.49631292916183,810.0206661387209,1.0049783506184684,0.0018367817272345658
z_γp[8],-0.15070449819767964,0.20868847636806648,0.008708296513266935,576.2747738651371,632.1171426287926,1.0062749972984262,0.0021022814811568185
z_γp[9],1.8666931288925566,0.3596145309819254,0.01556286324428311,532.8494277309837,735.5888813620876,1.0055373287875133,0.0019438634744508366
z_γp[10],-1.174907662588693,0.27616957576654666,0.011990204786298187,534.3952345135534,809.9798432631295,1.004744337345658,0.0019495026610330405
z_γp[11],0.7911263663891602,0.24873688483369052,0.010581721409397143,548.9826556435756,705.2245904643308,1.0087982485693525,0.002002718360713586
z_γp[12],0.03191343899244326,0.2102090962286379,0.008992950666206015,545.5142426151712,752.4073777692074,1.0088767149641864,0.001990065402768347
z_γp[13],1.5455227831606273,0.32239725401239117,0.013761148794644244,548.3898238828223,729.6316970901653,1.0058616720746412,0.00200055567845055
z_γp[14],1.2148262283588558,0.28404887388478417,0.012062222785875711,549.3470402442082,709.3856303821573,1.0076205549180295,0.002004047655405406
z_γp[15],-0.025985762534469218,0.20924194324239068,0.009007203980940917,539.8262298398411,739.6036890244661,1.0071655269714008,0.0019693152251370103
z_γp[16],-0.5862504976007027,0.22911462402998323,0.010007224781650531,521.9839109297016,714.4229679975805,1.0056016112445572,0.00190422548266208
z_γp[17],-0.717879533304998,0.23857391864528874,0.010090928883564693,559.7512625214969,778.112558706026,1.0077610705775353,0.0020420028198709283
z_γp[18],-0.5950843135596378,0.22502558752380444,0.009581709039267142,548.5344549409277,711.2995804342311,1.0057303276617748,0.0020010833003573977
z_γp[19],1.915865743279627,0.36660930258462376,0.01581919576446533,535.2335182513507,755.3276210866409,1.0053792299159456,0.001952560765357313
z_γp[20],-0.041426119269343364,0.2108127810755502,0.009144259838533647,530.8781181396183,767.339955034604,1.0112351767733951,0.001936672030654402
z_γp[21],0.35072859248442806,0.22115993191784503,0.009668476826478442,522.8689521624547,632.2067159466811,1.0090019019795209,0.0019074541608518226
z_γp[22],0.5097644838217613,0.22903079280264713,0.009866716871065858,536.1863807509984,647.2504652998941,1.0073896086150473,0.001956036859189536
z_γp[23],-0.6513045606486728,0.23052208853406628,0.009799035730054098,549.8645418230896,813.8883672837196,1.006162626469337,0.0020059355290988085
