parameters,mean,std,mcse,ess_bulk,ess_tail,rhat,ess_per_sec
σ_aw,0.025597670192216405,0.010305528920072686,0.0005135235616228549,350.71397987158144,422.30788216705486,1.0108123999330425,0.0012042901839187244
a_ws[1],0.3452392814812289,0.6977750109278422,0.020385406871687526,1193.4883060118173,482.7998476796366,1.0117947735827053,0.004098229138393933
a_ws[2],-0.5237885267221543,0.6352462020905675,0.01785940265960225,1260.720894417195,802.464482875235,1.0035903882266077,0.004329094033730274
a_ws[3],-0.10711750841546817,0.6698679992009661,0.021200599346762668,1000.4868765159302,788.7832880111986,1.009511045779501,0.003435496141239711
a_ws[4],-0.014984160111115759,0.6312090741077806,0.02031734810845986,973.8290081888487,728.6336737208089,1.0009868965542559,0.0033439577053830695
a_ws[5],1.2977457645266854,0.6026240552273638,0.022375313616138943,740.7920444867169,846.4260978877387,1.0013489156331798,0.0025437497182949505
a_ws[6],-0.10329952305655819,0.5787808512218715,0.02007968962408351,821.0938728022717,468.91699897515156,1.002249152939328,0.0028194920871237026
a_ws[7],0.401615738330105,0.6805953526449016,0.023198897385605054,875.6322106859885,668.7216728761713,1.001355330002018,0.003006767156639473
a_ws[8],0.15048926541229443,0.4950002524626623,0.01569619741259534,1006.0768020545312,751.7567618342634,0.9992290708889437,0.0034546909633492795
a_ws[9],-1.525363319234887,0.7151153591608485,0.020699062188335608,1202.5781250141065,736.2431824948884,1.0066298065865045,0.0041294419797014365
a_ws[10],-0.0080913158680703,0.8202087396618386,0.03354330193739744,607.3647934177917,648.1298253590131,1.0019735777394165,0.0020855839822487205
a_ws[11],0.0030324917747114703,0.7658147923340922,0.026335504678855613,826.8191756770462,745.9175520278333,1.003463951783279,0.0028391517712189228
σ_bw,0.010888858246663568,0.009679019252507874,0.000668296942421258,190.86235295559212,420.9650583882732,1.0185612319167896,0.0006553877841659305
b_ws[1],-0.33692701384623275,0.9298227304559169,0.03467152719002523,713.1894754219786,789.937337074543,1.002230461516116,0.002448967346095887
b_ws[2],0.03565794584304193,0.9603112247576014,0.03308757255542051,839.1639190149467,788.4215086068427,1.0042470439573443,0.002881541450781378
b_ws[3],0.3799538832769563,0.964630403760975,0.038201025662026204,622.3213043158834,695.0439058950924,1.0016551887969374,0.00213694201270659
b_ws[4],0.0996704846320401,0.9484496155695497,0.03882221817001556,595.4866163172891,617.5205362928338,1.0021615702655609,0.0020447964091664574
b_ws[5],0.05960274457066934,0.816634566550262,0.028359732878547365,835.1688732680624,722.1269439787128,0.9989048349632152,0.0028678231656447525
b_ws[6],-0.2360197292517212,0.9411972455468415,0.03405777020428994,760.8183509524894,642.240904363121,1.0090135219831369,0.0026125165359328125
b_ws[7],0.24143297095588856,0.9066993541122091,0.031226533583750826,835.9972229080958,702.7649762559745,1.0067236273827658,0.0028706675727616575
b_ws[8],-0.5336095111880109,0.7981953907823723,0.028574028674360104,784.1237817193008,772.078372510247,1.0053683367012691,0.002692543290254797
b_ws[9],-0.1688405943558905,0.9002515777551541,0.035581567901401816,622.4472451142594,640.6101807224895,1.0021358314975484,0.002137374471279512
b_ws[10],0.4995662410386911,1.027814874574751,0.042764415671095894,579.5647608285833,580.5042118289095,1.012846403385173,0.001990123555002384
b_ws[11],-0.12730677991657643,0.9961034589963033,0.036924053055405144,728.1042725970889,644.5460413564324,1.006300038536821,0.0025001821389584386
σ_ap,0.22244391921709855,0.035086589051958814,0.0014139848916289255,629.2079284744154,709.301770212385,1.0012878387409598,0.002160589470037759
a_ps[1],-0.9890294169733669,0.2691573525241962,0.010899293943522034,607.4009236127604,501.7042226408962,1.0024239379660291,0.002085708046989909
a_ps[2],1.0868094721166581,0.30198622696731253,0.01176807164057904,654.1818346234684,745.615004462266,1.0009836157793917,0.0022463454756592757
a_ps[3],-0.8080204512019077,0.2624647522030591,0.010686016803734679,599.9649103546616,728.1948582594258,1.003275183265414,0.0020601740840224306
a_ps[4],1.2186532279544475,0.299119690649164,0.011441216648639268,677.8884589798021,736.2174014932551,1.0051190174757503,0.00232774985827509
a_ps[5],0.7203313428825794,0.25631116487433636,0.01024540950976798,628.0798818999622,684.7436084868556,1.0034460826722857,0.0021567159563069555
a_ps[6],-2.745858129308785,0.4655633058751858,0.018712253471904496,627.7654062168591,529.7431138123085,1.0048310714104303,0.0021556361020668114
a_ps[7],0.08213047645336614,0.22762883490088517,0.009069581923456761,628.7705437261327,862.8557415359628,1.0032181042000772,0.0021590875676637915
a_ps[8],0.4229629895128857,0.24486488014016494,0.010157295298753104,584.4535595117395,713.287609855969,1.0067978532562842,0.002006910830683369
a_ps[9],-0.2350857955319368,0.2777689027148047,0.010821685876519488,659.8882603548801,682.3852358446075,1.0015995341223694,0.0022659403389610373
a_ps[10],-0.2431906553641381,0.23725219841674464,0.009634485755249871,605.2114079012749,654.6444117347851,1.0031545416290262,0.0020781896347502734
a_ps[11],0.568188401265484,0.2619548657828146,0.009831247890447401,706.8280187365364,722.6063538574501,1.0068698541809635,0.002427123221591619
a_ps[12],-0.1583077962170386,0.22720248847222801,0.0094272314050269,577.9158394852662,686.278309818841,1.0059077764128117,0.001984461448836733
a_ps[13],0.38892905958259344,0.25305241561558683,0.009796563337557783,676.9217955338462,805.0586887168752,1.0044148403579858,0.0023244305058513744
a_ps[14],-0.1002004243404514,0.2625163778155309,0.009802864225967385,721.9879260974619,787.0856603953981,1.0032817710312336,0.002479179679764643
a_ps[15],-0.990150019190677,0.28226773419775775,0.011048518672163927,648.3978726198851,692.0987719227023,1.0041825968264513,0.002226484366422556
a_ps[16],-0.44643834131926763,0.24697450885234185,0.010191985476813019,581.8443164242502,626.5670097344238,1.0070868812188387,0.001997951148383645
a_ps[17],0.09556897609749032,0.23478129967161948,0.00943863502664241,622.1867851072753,655.485892738527,1.0043169802667335,0.002136480097380219
a_ps[18],-0.021762042669781042,0.23866800850609046,0.009950658464377198,576.2262642585373,616.900816440696,1.0062929835645413,0.0019786597443786245
a_ps[19],-0.5233109838567378,0.2715220989342544,0.010117821096634965,714.665407001553,832.9533743555027,1.0027966300358186,0.0024540354358083875
a_ps[20],0.7815655145086363,0.27371306576233967,0.010715349547852544,642.0839199647365,689.172600061173,1.0067192055119984,0.002204803362411518
a_ps[21],2.109011523841685,0.3935859150953968,0.01510167143645913,679.9095450109535,733.6742053624093,1.0028700484709336,0.0023346899125867605
a_ps[22],0.31001136158749487,0.25274060614878724,0.010184367219064946,618.8793718445547,619.806021043763,1.0043534520540074,0.002125123021372255
a_ps[23],-0.5763657447667737,0.24708708518165684,0.009908161977572572,618.986570600409,676.2597388972616,1.0025373984767876,0.002125491123064269
σ_bp,0.05068161686473543,0.01005629450732529,0.000493831654400775,401.3484869607248,539.1418060116241,1.0059460364612407,0.0013781601844169839
b_ps[1],-0.26871133990095536,0.38815977563666765,0.011363493559910481,1166.2781146522932,809.0167738195568,1.0030166864438446,0.004004794122290999
b_ps[2],1.3432249387334116,0.5666666419912523,0.013980377874430542,1685.7564581873958,798.1602359779298,0.9995165182791511,0.005788591477921806
b_ps[3],-0.7584051580215961,0.4106555329439067,0.012360446640829567,1111.1987577211573,777.4444305820308,0.9982198147338374,0.0038156612884273173
b_ps[4],-0.15638321024917137,0.4271664621449872,0.011529354352258454,1306.4930111230378,844.7828316503688,1.003653222692221,0.004486267440009124
b_ps[5],0.7567105809352327,0.4187963010059181,0.012600145680524517,1100.1912389034403,749.0738342836815,1.005253441006607,0.0037778634029072386
b_ps[6],0.6047725708224738,0.44311138174337067,0.010101504012555522,1891.4211784926147,777.9572278036727,1.0134818687082587,0.006494807990684305
b_ps[7],-0.5419376861026222,0.36240279334230757,0.01196458494358443,921.4979526447489,755.8683737101967,1.0023739596975232,0.003164262055586215
b_ps[8],0.7157321680836689,0.4430089756572746,0.011569646222700052,1500.7703626933019,820.8585593554868,1.000987748209213,0.0051533817293781025
b_ps[9],-0.7512919402525753,0.5967903333138642,0.016686767346630917,1271.0490154719835,756.6091397842629,1.0069440938238485,0.004364558986707513
b_ps[10],-1.5519143020312995,0.45285007626768836,0.01640509083634513,781.4529054992965,843.6172941321497,0.9996860508535078,0.0026833719706073995
b_ps[11],-1.6659890063948728,0.5634864528696482,0.014899192009384008,1431.5595462419694,769.501853761948,1.0044993742687194,0.0049157239465208
b_ps[12],-0.02433642143936452,0.3967091899215171,0.010805382415208113,1346.3078336407075,951.2098071462589,1.0028990849482409,0.004622984544785081
b_ps[13],0.14728037235563665,0.5292862393643379,0.013170616412196983,1649.4774824294118,727.8661072898955,1.0088404568115557,0.005664015849644989
b_ps[14],1.05984893295497,0.5495865508966581,0.014414563042919389,1434.0932801972695,859.77895566768,1.005136338345398,0.004924424343728083
b_ps[15],0.47046165665865636,0.4943645858293462,0.013197259394744186,1390.2476616284353,695.4865150560619,0.999358881436273,0.004773866193552187
b_ps[16],-0.6473359804867465,0.43820323392069305,0.011523435309398039,1430.8041659741104,833.2731093311824,1.0127256244032765,0.004913130103406701
b_ps[17],0.6910584722337659,0.3886394960286824,0.012000589619959262,1055.5525653247685,611.1737806384851,1.006798727637449,0.0036245820411730106
b_ps[18],-0.6465009058365152,0.4587448468847694,0.01237385130775267,1320.325379635384,579.8195967811793,1.0163751870672488,0.004533765363034219
b_ps[19],-0.8396853291078005,0.6743376948716148,0.016515747663080498,1685.934425150393,699.403032779486,1.000372391887583,0.005789202585202668
b_ps[20],-0.3496379398633081,0.48553806310407277,0.011351649346176135,1816.4576123660888,856.1105975522156,1.0037711426815379,0.006237396276241744
b_ps[21],1.5022010490604936,0.5004756708674699,0.011620893080638269,1899.5982214041173,655.0895125135161,1.005403092992847,0.00652288651927735
b_ps[22],0.2648004688399121,0.5189234011876483,0.013395528162211042,1502.7968317834316,703.5620647384641,1.0064485054893084,0.005160340268168462
b_ps[23],0.6150056759401475,0.4245188107167366,0.012255596630723427,1196.7215497884258,736.3813757978289,1.0042387118066747,0.004109331529418698
a_e,-0.006106424948181985,0.050634393882286216,0.0020800115089584853,587.9545042258981,599.155417321528,1.0062131139261115,0.0020189324596907076
b_e,0.027647821265840325,0.014432942165136593,0.0005292696710399682,748.2553173896321,649.4055184505802,1.0052956165313185,0.002569377286093013
γ,-0.08680638894871882,0.061395906107189896,0.0028772494156347334,458.50193773296866,438.23498472803345,1.009006212633483,0.0015744150920978756
σ_γp,0.2838674956926322,0.045703081203664966,0.002230881885889811,415.3171975112105,664.8987055862764,1.0072572565977251,0.0014261262820447762
z_γp[1],-1.0144983290171383,0.26386938260857823,0.011588449810557707,518.6296199493526,519.6601701780401,1.0025235718758403,0.0017808829879641592
z_γp[2],1.1650008475911688,0.2922400467151451,0.014522230516031088,401.9705539369351,622.6205896859675,1.0133796130677655,0.0013802962531116632
z_γp[3],-0.8499585280538057,0.2529388722912328,0.011422604495459898,490.9049210871998,712.6476033313048,1.0044851600982523,0.0016856812434998556
z_γp[4],-0.4202377124710259,0.22624661513738553,0.009948096566315574,526.9446617836315,501.50138874842986,1.0051690036359522,0.0018094353806106182
z_γp[5],-0.5612197887884978,0.23439480409113342,0.010352199396567783,517.3923062765518,595.2421530389238,1.0036245217890705,0.0017766342702166431
z_γp[6],-0.3485160233657931,0.2294352052913193,0.010337586072043164,498.58402190785904,554.3898128991201,1.004276057211394,0.0017120499264449392
z_γp[7],-1.7140143845834352,0.3349325980744443,0.015280499538192648,480.73669882069237,775.8310141488736,1.0008201234236718,0.0016507653548662102
z_γp[8],-0.361943141820132,0.2269737030200526,0.010156129127844823,497.4156874193215,584.0075408692998,1.00509590140685,0.0017080380710960458
z_γp[9],1.9322518061706402,0.37803395124898165,0.018704977306264484,409.1131134666907,700.192399599327,1.0085646830836899,0.0014048225475379345
z_γp[10],-1.0053135948232101,0.2620008698093328,0.011610320676189945,511.3252027434808,678.7138379031364,1.0027790661100542,0.001755800902717659
z_γp[11],0.7594431340832632,0.2521592800398981,0.011653578237129801,465.31043347386003,562.3084300986773,1.0078955085562404,0.0015977942701705895
z_γp[12],-0.7271638277734385,0.2438481813311765,0.010781652419398283,511.4158482355785,531.7122267506036,1.0043929710171968,0.0017561121634104596
z_γp[13],0.9431066109600439,0.2721355731470656,0.012913995620920863,442.67533959339795,623.4741439675565,1.0099768340363204,0.0015200693349333326
z_γp[14],1.0423887603298942,0.27816828626920825,0.013604430070759004,418.3661879246236,675.2695040231562,1.0125124976873108,0.001436595979394965
z_γp[15],0.47524018536062246,0.23185654343808973,0.01136201568821368,414.53727315952773,594.2151492858268,1.010502925848639,0.0014234481588593967
z_γp[16],-0.2753170050489311,0.220583774798454,0.010108531640783234,478.17297452912885,492.9203615190916,1.0059749714764477,0.0016419619761137167
z_γp[17],-1.1154148670627064,0.2761070068537744,0.012365489282656478,499.7304896631175,767.2469416315682,1.0027700744575445,0.0017159866952738939
z_γp[18],-0.34950055180138495,0.22241913887403225,0.01006774957638734,487.324775673866,558.1410325084748,1.0097350681109307,0.00167338765320768
z_γp[19],1.6936164668237517,0.34698846909141823,0.016940112204868636,420.2449452136615,720.4123136766387,1.0100249238074042,0.001443047301814398
z_γp[20],0.21415688167725244,0.2270930121832419,0.010553071455301044,462.81975120418724,492.93961939013184,1.008498026966184,0.0015892417048872618
z_γp[21],0.33668135405924693,0.23167704117508026,0.01062088573042676,472.94057469852333,605.406084590292,1.0107189580481117,0.001623994834465575
z_γp[22],0.6507601012611763,0.24566149604326165,0.011902384094084008,427.1220115680657,673.1728771129552,1.0114238992029883,0.0014666619393255667
z_γp[23],-0.7644942923050226,0.24095280474783182,0.010638250481845335,512.0507600304481,619.8523861478108,1.004957171036256,0.0017582923389554883
