parameters,mean,std,mcse,ess_bulk,ess_tail,rhat,ess_per_sec
σ_aw,0.050575015991385676,0.015576069493962742,0.0007019486007882414,468.90107138348276,685.9204911539869,1.010460881549278,0.0017269238954756188
a_ws[1],-1.2298380105211804,0.5670289525857973,0.023555087352385304,583.3518501535766,657.4615306610509,1.0087937736529577,0.002148436655364849
a_ws[2],-0.1433110073888326,0.4820469001814959,0.01805321564900728,713.7269226505291,760.5535202868093,1.0088454992800615,0.002628597273051346
a_ws[3],0.37377326000187283,0.5757091899626159,0.02170063466039842,701.6696468120913,744.4557010069545,1.001106790271351,0.002584191322563103
a_ws[4],-1.0156844587424816,0.5664113569761148,0.022645571021579724,631.1312941520994,820.9334548733173,1.00168569264546,0.002324404399072791
a_ws[5],1.835375362964177,0.5927657836780922,0.02531584655271668,551.0303693718419,690.268687286455,1.0088265838855168,0.00202939931272358
a_ws[6],-0.22159462314018438,0.4804471912618416,0.020005072910690903,571.8653079251472,528.5474824926066,1.0087643421822525,0.0021061326695962996
a_ws[7],0.4614488613343665,0.5771047903109972,0.02168128805734378,700.7209118616823,511.0451697988786,1.0072974300567843,0.0025806972101451043
a_ws[8],-0.0399175137928276,0.3997196224047147,0.01666602635168401,584.2233503874368,697.9547870978704,1.0097755048705472,0.002151646318704549
a_ws[9],0.24645943367484682,0.5026972380565563,0.021515136640074324,552.7007703411033,649.5993574837854,1.0103982007840713,0.002035551261449848
a_ws[10],-0.21457922120007203,0.6727704756708611,0.026670966947060597,645.2808270633421,635.9572619705568,1.0096164286117666,0.0023765159594540636
a_ws[11],0.026528071971854115,0.6265052762367014,0.022740316981930485,761.319101420659,879.8384634046962,1.0050747353573386,0.0028038753343988935
σ_bw,0.03358104015313144,0.01309695464722525,0.000642825682927188,438.19602855077034,596.2919144986523,1.0009251065830416,0.0016138397602166324
b_ws[1],-0.2525963599065558,0.617354094376853,0.021269530843873386,832.4545082802038,695.5562328129665,1.0036381319880205,0.0030658611591650327
b_ws[2],-0.024662793002843304,0.6582967648732477,0.022286648841998144,866.3396333418881,614.5762983595655,1.0052509443512816,0.0031906572744683083
b_ws[3],-0.8227680899605505,0.8025639000474155,0.03278292028477057,594.2212595381287,743.6937506466134,1.0059034076509181,0.0021884677918698426
b_ws[4],1.0077859365139978,0.64670421079807,0.02155332866028692,924.9435532560517,839.9836218247214,1.000413402624898,0.0034064906684285884
b_ws[5],-1.0180370615493592,0.5427444886819424,0.021851435827478026,642.230231938835,585.6413880406086,1.002661757071074,0.0023652808697145816
b_ws[6],-0.6760121988183491,0.6657528926777515,0.023927651866840028,790.4690248463706,496.40171477608317,1.002519661264554,0.0029112320933984406
b_ws[7],-0.02400582425618978,0.6955452722985228,0.025536436273575783,762.7427055281254,707.9160989705626,0.9992810242961404,0.0028091183506786972
b_ws[8],0.5593431250919395,0.5139357233656017,0.01889893906881274,746.9898665691416,597.6776549997209,1.0015816755098588,0.0027511019466223284
b_ws[9],1.1962759293612202,0.6979202851782241,0.022287452456418732,970.514193511982,662.1742360586975,1.0004096395588187,0.0035743235704902006
b_ws[10],0.004266490658750062,0.8102443407944092,0.03361407427988886,582.0513529797435,722.1269439787128,1.001895233389482,0.0021436470317479426
b_ws[11],-0.029028356437869888,0.7718299811611549,0.03165768567258977,600.8956587640517,487.8236985663948,1.0131503870008094,0.002213049052640228
σ_ap,0.20691623318368496,0.03640461983069917,0.001973708025188734,371.93819556840265,327.03668108316845,1.0124475444521608,0.0013698176369528
a_ps[1],-0.2760505479051374,0.23273363866140376,0.010827442223089434,461.1498021295106,670.9390615664452,0.9988139663271789,0.0016983766113854901
a_ps[2],-0.6276762692232578,0.24238127969152573,0.01126184409675853,467.1294522674666,592.1654038517022,0.9994789563862362,0.0017203991686796172
a_ps[3],-0.443448712571662,0.24826813360652017,0.011768076447504794,444.3157347917384,544.2508612191801,1.0006943656974177,0.0016363781325637835
a_ps[4],-0.16474144927759063,0.23639553313044293,0.01071379850899667,485.74383597866034,636.93676245444,1.0058362550970983,0.0017889544055776
a_ps[5],-0.3505290075910917,0.2374522945451601,0.011118084949299289,455.5591867895331,649.13799379122,0.9989474728353379,0.0016777868371021128
a_ps[6],1.074673496909994,0.28790959235713814,0.013809891571941117,436.2339458830999,387.8023741834453,1.0059561385200133,0.0016066135718999768
a_ps[7],-1.3469373641575266,0.30621221358073286,0.015851933094175093,375.33853978570295,537.1552872133071,1.0025695745718164,0.0013823408236974422
a_ps[8],0.5165626576587968,0.2508631006233769,0.0114899853644879,478.7088731687161,506.7197544063948,1.0028700724273203,0.0017630452189245813
a_ps[9],0.9865531391586301,0.3083799937121333,0.013103337989633725,556.985203520377,653.5958317673452,1.0101166918396525,0.002051330474779487
a_ps[10],0.33136477509573525,0.23757381540546652,0.011386450890097797,436.4750407186067,570.4065851683789,1.0062365915684086,0.0016075015042548422
a_ps[11],1.8998259459446278,0.4069510902611947,0.019315615631661006,444.3811361899115,646.1019529713236,1.0074030659953,0.0016366190005084214
a_ps[12],2.1991460391378297,0.4341471435125957,0.020774779879487053,438.6588819280898,584.7276930203989,1.0078949793358059,0.0016155444109546572
a_ps[13],0.16367599918403478,0.24362038368437758,0.010555835056924376,529.1217242224708,674.1877447051545,1.0017031187543588,0.0019487115831896833
a_ps[14],1.3816725942596118,0.3306479205842711,0.01542790912253554,458.6276431652562,780.1400989621047,1.0057605047089675,0.0016890877083537527
a_ps[15],-0.5460759010084051,0.25182431223491025,0.012110647432546442,434.7019860602679,558.7672574010949,1.0014802933943832,0.001600971490475101
a_ps[16],-0.3064821658889043,0.2361439818398383,0.010892442218106852,469.2295917394113,584.6733370947651,1.0013843758064145,0.0017281338087972696
a_ps[17],-0.9006435812852902,0.2674811756096043,0.01344599547994226,393.6111014669395,628.7125876870596,0.9989379292931251,0.0014496371583075896
a_ps[18],0.0034532559257550123,0.22746532275424328,0.010567008677323412,463.80297409593,559.2446352398351,1.0016303447689976,0.0017081480244771623
a_ps[19],0.230511064983604,0.25743553745916964,0.011190101949166554,535.6708651379678,860.0295900687532,1.0013962117721495,0.001972831527954235
a_ps[20],-0.31865221451794595,0.24101588488580677,0.011165834270164727,467.21193382434967,529.5107472103685,0.9983397032814258,0.0017207029414372634
a_ps[21],-1.4054920234174746,0.3250600347876411,0.015993963596561925,416.56311663530425,727.1561426733316,1.00010724023022,0.0015341675333963513
a_ps[22],-1.2599125062615426,0.31657537971385685,0.01599430222444974,391.2272720572384,566.6606381323381,0.9993103317548352,0.0014408577115935864
a_ps[23],-0.7483625076880959,0.2615073035257239,0.012804067546668144,417.76321836354305,567.7720342183846,1.0009163383068422,0.0015385874088839084
σ_bp,0.059726365840735346,0.011422962927999106,0.0005964740947602415,362.55726491415476,553.7172468146358,1.0155482394871722,0.001335268444602221
b_ps[1],-1.265322895924018,0.43482768358797486,0.016036060796577795,751.232849904405,789.9373370745433,1.0036244763814006,0.0027667285036019323
b_ps[2],-0.5810114421096116,0.41088821476412996,0.012530834230690662,1051.0390673351028,795.8381547112439,1.0019541840116095,0.0038708900261287256
b_ps[3],0.16502987793927645,0.40408095736853233,0.013218045545779924,933.4839676920425,752.409365172373,1.0026286184211135,0.0034379443090083845
b_ps[4],0.10051859919294674,0.39549428392463204,0.01287768605234354,947.7564208948361,694.9462859822002,1.0070393503630573,0.0034905085746651894
b_ps[5],-0.5877841068800216,0.38137917933503196,0.01260948065191114,901.2169176810968,764.6566358293524,1.00025802946553,0.003319107430397721
b_ps[6],-1.2397504490795495,0.40347362401119097,0.014364858532975514,782.3952929354015,959.8526452594263,1.0023059406533614,0.002881497205991212
b_ps[7],-0.5776817932697651,0.33483751983871285,0.012815105652281377,676.829530329891,825.0235651578652,1.0107562573300954,0.0024927072263699703
b_ps[8],1.038268411276155,0.4228395739074192,0.013617574702774995,975.5869380034846,897.2550497553492,1.0025213326308908,0.003593006069235984
b_ps[9],-0.23138330906735005,0.5473355247866825,0.013871416228024291,1543.2294449750277,669.2903322631531,1.0039938280908964,0.005683586511896439
b_ps[10],0.836645658100494,0.34998274719263156,0.014404800835869465,588.1747580691087,732.7103071662881,1.0082236758009389,0.0021661990266480646
b_ps[11],1.2432293457595414,0.5225041872453651,0.014613636653661659,1283.1455769937477,838.0642197408532,0.9981917139018336,0.004725719119699177
b_ps[12],1.5192121725922354,0.44905019440256067,0.017134469423193528,690.13359781098,650.175336881046,1.0058012377507581,0.0025417050074420526
b_ps[13],0.743319399911375,0.46644016892432766,0.015014738008657946,979.2457007285049,723.4463175732724,1.0030225192792135,0.0036064809899886076
b_ps[14],1.4981462433367985,0.4842683971902092,0.016349331105377004,917.0078386138191,704.5551365927863,1.0028321452481472,0.003377264087216238
b_ps[15],0.33545431240753654,0.42721514582770365,0.012842852002590539,1114.0768360858642,789.8483252018211,1.0015715423920861,0.004103052918936718
b_ps[16],-1.1811176928589742,0.4396083253331454,0.01525099977761328,819.2241701344525,756.5325064629964,1.000968767901232,0.0030171349171419374
b_ps[17],-0.9889881701282744,0.3883565952002487,0.013265838756276701,846.4279121210167,746.9180085188657,1.0008524959055298,0.0031173240507353863
b_ps[18],-0.2556451288264312,0.3434271885699017,0.011694134087472536,856.1589928062182,689.5289236417372,1.005834156652304,0.0031531628167132363
b_ps[19],0.9585424454797613,0.49040093038917587,0.014311402333415163,1176.2260045461776,655.0333493598384,0.9995637798594021,0.0043319431703097615
b_ps[20],0.04423857246013463,0.38947613787322083,0.013215832127562416,879.3325389542194,691.0846577018362,1.0019832847056442,0.0032385090720924684
b_ps[21],-0.823702626296893,0.45938029425684124,0.01225309862885616,1451.87197066732,748.213225920444,1.0032884789742087,0.00534712448388957
b_ps[22],-0.7356891342208332,0.47594774764997194,0.013626827774376194,1209.432744195184,872.9676735952485,1.000091028488676,0.004454240848200558
b_ps[23],-0.1767937045705456,0.3694028265332198,0.0130573873967405,802.4197997584604,784.5947697337773,1.0015664167837417,0.0029552458097762816
a_e,-0.00731293763596504,0.04810090589958451,0.002243257884220495,456.1740900928381,561.274838881697,0.998955424112079,0.0016800514751519925
b_e,-0.029404887856880703,0.018652983301538917,0.0007758338830790329,579.6576391689568,600.2080395950999,1.008118688845188,0.0021348311816015977
γ,-0.06963255222805274,0.04790627258111748,0.00246566300282503,375.4139966457964,556.6350356543994,1.001206161721953,0.0013826187250773397
σ_γp,0.23254163235979441,0.038750121127911416,0.002208777204879429,319.05090252956984,533.510035891606,1.017535900387868,0.0011750381073468905
z_γp[1],-0.37396645371404125,0.21870526617403174,0.010628972439261905,424.199537884304,568.7312717209523,1.0074645577323753,0.0015622918417753148
z_γp[2],-0.12325156360437028,0.21594814381108843,0.01043772815257904,424.1168894030863,558.2119154934401,1.0005502239343018,0.0015619874542491389
z_γp[3],0.0735191444639992,0.21588819271718404,0.01047004205413063,427.77364836284204,502.83537574515526,1.0005089046182956,0.001575454995299887
z_γp[4],0.05533243716042486,0.21688082883434615,0.010406977811580606,439.38188849579774,532.9828689905218,1.0004461822466446,0.0016182071843935766
z_γp[5],-0.923876995939717,0.25795597620218574,0.012341400016779186,435.68113323497175,544.9280704876879,1.0097932920832142,0.001604577608601883
z_γp[6],-1.2143696342710326,0.285182260692694,0.013458659242064044,453.86383970450595,685.9706382875987,1.0114821968562488,0.0016715430138930507
z_γp[7],-1.8491260808239867,0.3521750077729982,0.01783142778857314,393.18929723784817,645.6872111706523,1.0200870912998103,0.0014480836881901483
z_γp[8],0.23424388986085723,0.21805990911103088,0.009796298059938726,496.64576756999276,596.4255974861165,1.0001109538601212,0.0018291053186824996
z_γp[9],1.8303542758596796,0.3601745140884387,0.01981597837872021,330.13447029909906,649.5912874058781,1.0119575088314923,0.0012158579714855026
z_γp[10],-1.3351064666376355,0.29343417761222323,0.014996458912233527,386.57026579666905,708.1191570236451,1.0160110444653176,0.0014237063423953285
z_γp[11],1.537095320021843,0.326270783615372,0.01739492954858535,343.9274444499393,580.2356050064391,1.00688137333354,0.001266656355418567
z_γp[12],0.08718092254435482,0.2152683686287189,0.011515702467613827,345.0778292571004,440.18631522808334,1.0021198611270181,0.0012708931275944488
z_γp[13],0.7899190212010037,0.25085851898007305,0.011188911118443728,509.99387839599063,516.0052395129353,1.0047333013610709,0.0018782653077540974
z_γp[14],0.19140823338122775,0.22240983534951678,0.01134805491177005,387.63949104336723,508.70951260646467,1.0018026090672802,0.0014276442106171284
z_γp[15],0.45999151117574794,0.2249484869652389,0.010984548781032971,413.3503761008436,635.4760231971383,1.0073624222443833,0.001522335275511861
z_γp[16],-0.06576246456552466,0.21379372969574645,0.00996127033149819,468.744214774194,544.4247839500365,1.0002015173326686,0.0017263462055463875
z_γp[17],-0.7229265203599443,0.23321538085558405,0.010686042655066102,477.52132406963244,603.1044156862791,1.006063261488309,0.0017586715737328415
z_γp[18],-1.272751285689881,0.2897990536984397,0.014478719738347271,401.7154682884611,614.8489288919956,1.0123251743684396,0.001479484871558685
z_γp[19],1.4508640003507938,0.3148696036018579,0.017355983388471757,328.97102706728043,612.3114162207131,1.006747631517372,0.001211573106210768
z_γp[20],-0.4846708284853611,0.2259220206499122,0.011543849509540061,383.95109363503644,458.5628734372154,1.0056414208935875,0.00141406014777491
z_γp[21],0.5870429872707954,0.2332114298069862,0.011909264012239552,385.4683153229545,649.0042901379728,1.0072881383038048,0.0014196479498668711
z_γp[22],1.0262895207008405,0.27076040444064603,0.013033550653107809,427.45929434656455,583.688371850313,1.0042283643281167,0.0015742972554364514
z_γp[23],-0.3473991231348509,0.22040958936761634,0.010061230832104456,480.4367261603287,615.6789072078908,1.0034120431088223,0.001769408758701279
