parameters;mean;std;mcse;ess_bulk;ess_tail;rhat;ess_per_sec
σ_aw;0.055096946760252466;0.016675074205578656;0.00021674332865197825;5841.9914531822515;5648.553044071144;0.9999895447045167;0.01307125993079295
a_ws[1];-1.2682989225332337;0.5526682171645058;0.0074191273220470064;5506.98224594026;5521.414329284794;1.0007542782483851;0.012321688066102251
a_ws[2];-0.18022675304508415;0.45875413819155664;0.0057648699195120825;6340.748078445633;5299.731698261685;0.9997094074174989;0.014187211151069303
a_ws[3];0.5696131510896844;0.5827497260821862;0.0077042986332288045;5716.783820587381;5821.150206500418;1.0002609523129047;0.01279111205243971
a_ws[4];-0.950708950004571;0.5417090780760514;0.007032365964734976;6011.0094827160365;5677.759771718816;1.0004582265986257;0.013449432102856486
a_ws[5];1.7598866533771247;0.5756729902044426;0.007587710313470935;5840.649698927876;5891.680919637688;1.0006165063568129;0.013068257800652442
a_ws[6];-0.4479909348628894;0.4607293227263997;0.005858864019795994;6162.750848959864;5849.211717931526;0.9999685857890069;0.013788948320283729
a_ws[7];0.6693439515823918;0.5650520654077131;0.007138381831653104;6282.407359340735;5528.636648706054;1.0004791164697353;0.01405667574887283
a_ws[8];-0.2379952546532642;0.3639958515659881;0.004686846860683231;6052.374359044434;5684.6208960240665;0.9998814976569754;0.013541984626225731
a_ws[9];0.03532029084743796;0.4724637114807474;0.0061711640884560374;5868.113248008332;5795.123480559525;0.999962615494876;0.013129706570567569
a_ws[10];-0.24244030354394286;0.6548433928062859;0.008333547887574998;6167.870917454393;6100.414193041599;1.0004157754248924;0.013800404301808487
a_ws[11];0.23855378947283065;0.6473985000911953;0.008146158516764063;6313.760302037186;5888.715603913148;1.0001713554350293;0.014126826906549948
σ_bw;0.0411934606127196;0.01599248919886034;0.0002050804964147905;6055.822340421253;5844.927140615146;0.9999189541135626;0.013549699368907936
b_ws[1];-0.630758224567065;0.5532708276699472;0.0070169293061589;6216.962156163609;6018.541387491037;1.0004306786068446;0.013910244301855598
b_ws[2];-0.3274971276407879;0.585827288825339;0.007868682725410026;5584.649094750372;5608.9643378013125;0.9997289903014581;0.012495465035298185
b_ws[3];-0.9327519001102104;0.7812249767495655;0.010262915722651691;5795.878184656067;5550.525466205443;1.0003845694040228;0.012968083039146544
b_ws[4];0.6516265232061511;0.6177757865821062;0.008014122509253634;5932.4023374417875;5767.765192798098;0.9998492105872115;0.013273551251860442
b_ws[5];-1.253254803449646;0.47298188445275535;0.006131213813577065;5865.207524229431;5864.4457068239935;0.9999897732941392;0.013123205111072895
b_ws[6];-1.1974133008060044;0.6124706940302784;0.008007078562527428;5841.6477040652635;5595.056962771622;1.0000221332950712;0.013070490803673347
b_ws[7];0.0788988263774078;0.6486617139782686;0.008265338212910495;6153.095754063231;5770.855921343956;0.9998836236701727;0.01376734536929317
b_ws[8];0.17217332798242796;0.3971311593545372;0.005174028310107124;5883.900305377687;5851.820743124168;1.000162129696972;0.013165029581919249
b_ws[9];0.8241920198463343;0.6381180201014917;0.008259198401497357;5951.454147626668;5417.882066483551;1.000705160246003;0.013316179038134084
b_ws[10];-0.17309011102300473;0.7883385376258174;0.010195879235951222;5971.608561971602;5770.035344395405;0.9999785215649045;0.013361273864233502
b_ws[11];-0.33505388431563604;0.735562101422356;0.009247073861279962;6364.8891121792785;5609.7274092486805;1.0002552970991556;0.014241225904336125
σ_ap;0.20504846666123372;0.032617352538573396;0.0004414453406879179;5355.833410625102;5868.393831702163;1.0002791643842788;0.01198349761675388
a_ps[1];-0.29964545482038657;0.14694848330268886;0.0019374304345727903;5773.1488895025;5757.927694794986;1.0000221661305992;0.012917227003601655
a_ps[2];-0.6453779421886188;0.17017158129041351;0.0021882147849081436;6074.0574113136945;5959.837214436415;1.0004666030053282;0.013590499728408924
a_ps[3];-0.46151958506099233;0.1567129960100729;0.0020833733683915056;5704.186620745252;5608.778868079085;1.000670931393761;0.012762926240314476
a_ps[4];-0.18466820053264493;0.1456637953262349;0.001873262451575535;6037.48914166961;5779.178029718339;0.9998914843604788;0.01350867945161328
a_ps[5];-0.3677389798339265;0.15098283900196705;0.0019767105523620745;5845.932841880278;5949.409675708444;1.000090397246855;0.013080078655807025
a_ps[6];1.0533361041345388;0.21394957205045426;0.0029292911657978924;5366.478341009727;5066.843654527401;1.000074253109655;0.012007315291448838
a_ps[7];-1.3589413185754993;0.24249261847895823;0.0031979361963512887;5783.876105885773;5482.65653994284;0.999752853318685;0.01294122879045864
a_ps[8];0.5026132296757326;0.16239870171915574;0.002077136438872991;6127.643163833213;5772.432809876531;0.9998336226062756;0.013710396052356511
a_ps[9];0.9975717078292613;0.20938009494215565;0.0028778647229245778;5352.509423725201;5583.981254815614;0.9999189006519993;0.011976060307554891
a_ps[10];0.3111874327454654;0.14988726448767292;0.0019637220449368995;5824.706260373148;5694.125645355494;0.9998440984762887;0.013032584891643656
a_ps[11];1.9296965893017661;0.3189199670520114;0.004543135839955897;4928.14198432859;5744.148840628969;0.9998331373309118;0.011026552395574542
a_ps[12];2.1891192477096806;0.3537099632415872;0.00495630991520369;5129.4317610423695;5207.312414613471;1.0006698608740823;0.011476931519529589
a_ps[13];0.14456354076171013;0.1453116550874919;0.0019273252895542336;5699.153324824945;5847.587000177049;0.9996886241066789;0.01275166440951411
a_ps[14];1.3698391230012348;0.24913770823818476;0.0033196109477461153;5629.606544240523;6057.30290811756;0.9998026923085636;0.012596055820618688
a_ps[15];-0.5667346424459369;0.1639123479162724;0.002164144801089482;5751.3700710902785;5524.952800516784;0.999835817338113;0.01286849762788567
a_ps[16];-0.32485649128387156;0.14819757099243155;0.0019250195558404204;5909.242443171217;5953.117527657796;0.9997893202019665;0.013221731765233941
a_ps[17];-0.9187833777141413;0.19430162291725414;0.0025480793411626302;5829.416554540131;5660.134708023484;1.0003647560279685;0.013043124016854734
a_ps[18];-0.008504527054828735;0.14203706494908924;0.0018937061010019494;5636.460293615315;5735.4620057008015;0.9999740250266463;0.012611390854963801
a_ps[19];0.22164751395380244;0.14583235708784684;0.0019087728574275356;5856.564431397613;5791.872523782579;1.0006345291320917;0.013103866480758888
a_ps[20];-0.33114351790411173;0.15217778447829022;0.0020421582772587855;5559.750253354505;5798.6672436759345;0.9997112416222272;0.0124397547128047
a_ps[21];-1.4318130671476565;0.2536535618423453;0.003483372751187485;5296.536756345384;5594.752972318687;0.9999043034118481;0.011850823341666681
a_ps[22];-1.286873998406158;0.2363814932062981;0.003151103893295322;5655.814733091015;5747.962467166241;0.9999241006732399;0.01265469576412519
a_ps[23];-0.768492449424986;0.17919379215720713;0.002335012726382455;5916.436323105082;5745.335591734455;0.9999922617180956;0.013237827830296693
σ_bp;0.060890573118464714;0.011557041250887698;0.00015012674667310403;5907.298482804465;5813.782068607335;0.9995672651582038;0.01321738221911553
b_ps[1];-1.4310381411682926;0.42485487897677626;0.00553440364716929;5892.22715658831;5622.350792575289;1.0003163043083696;0.013183660632212862
b_ps[2];-0.7690594647766885;0.3958793178617855;0.005028605652671853;6192.767890982266;5670.444466193407;0.9996918577977175;0.013856110445009985
b_ps[3];-0.06677642311138879;0.3942227830815464;0.004985517430928493;6257.995784439678;5880.532284524468;1.0002196864717539;0.01400205566881812
b_ps[4];-0.13322984307766558;0.3931678183906522;0.005172495810489052;5787.630310897422;5828.02103176355;1.000050797505489;0.012949628698252757
b_ps[5];-0.7717658964263683;0.41202576187492623;0.005427581864728361;5746.637356938767;5356.283122074169;0.999876769197752;0.012857908338711196
b_ps[6];-1.3493229916980378;0.4309175339717676;0.005654590586812817;5845.975046833279;5931.140055568336;1.0003771664499388;0.013080173087973771
b_ps[7];-0.7515666895484525;0.4060799950039307;0.005258831467928973;5985.099487172884;5913.043273931434;0.9998049080122315;0.01339145935687348
b_ps[8];0.8307022040522318;0.4149111721270355;0.005409620110842874;5879.29571493302;5654.9107386153155;0.9998156144144741;0.013154726965241453
b_ps[9];-0.4708347658071525;0.39727806955472594;0.005167313079980454;5913.881051596208;5891.006820394831;1.0004999314247272;0.013232110496001715
b_ps[10];0.5459603353300128;0.4176870676760279;0.005442906944295676;5876.26679063029;6141.597976210659;1.0004431806710639;0.01314794984870697
b_ps[11];1.1448330366702755;0.4446987739730949;0.005889542050190323;5726.422352545253;6040.894716991144;1.000543925918444;0.012812677944410326
b_ps[12];1.250675164762194;0.44633377127884066;0.00581964716228258;5884.612968704145;5810.297017574805;0.9999417324367379;0.013166624142208823
b_ps[13];0.5281580201812471;0.4095942102968208;0.005384437066139804;5768.749837332061;5778.43335315758;1.0010224839393058;0.012907384271918504
b_ps[14];1.264659540637498;0.45217013102763093;0.005959826673665639;5693.978577617026;5438.803355416096;1.0004866908516457;0.012740086086202113
b_ps[15];0.10527616728359022;0.40089129123711564;0.005193104977159851;5943.270047330617;5927.44506841507;1.0004200255852578;0.013297867388223831
b_ps[16];-1.3673254654518006;0.42823970742308914;0.0056140480917340994;5810.5270999415025;5771.690751532434;1.0001979040340911;0.013000859495759775
b_ps[17];-1.1503701472602827;0.41555812914839424;0.00529615135748192;6096.589738074135;5646.820092613287;1.0001300336621262;0.013640915053780695
b_ps[18];-0.4648455698525708;0.3938375960157849;0.005155442078962882;5841.9967457549665;5868.450128086391;1.0000631268139242;0.013071271772746883
b_ps[19];0.8646526693552204;0.4260121153625554;0.005511127802251178;5968.037494559479;5965.774752206953;1.000132682554632;0.013353283720675721
b_ps[20];-0.17495095130809132;0.39223631943837156;0.0049870077897788325;6190.905936694094;5808.951596093139;0.9998695443395406;0.013851944384741839
b_ps[21];-1.0794560908511188;0.4122194776611309;0.005251769727872497;6150.659955639148;5857.926565652203;0.9999731871412637;0.013761895352018176
b_ps[22];-1.0045125964735298;0.4074516909892541;0.005416489951903344;5667.537489277145;5465.285956692744;0.9998767571408788;0.012680925037899762
b_ps[23];-0.40138970008260233;0.39568381452484425;0.005112719673713872;5906.358987299584;5910.485649662598;0.9999064541202078;0.013215280129434893
σ;0.9731430943023456;0.0034331670837638366;4.502827001747043e-5;5812.715984922755;5680.76739225795;1.0001215430772055;0.013005757052488135
