parameters;mean;std;mcse;ess_bulk;ess_tail;rhat;ess_per_sec
σ_aw;0.030295503919277867;0.010827875309716455;0.00014204909960677633;5753.300126457572;5928.797415142132;1.0003354115535565;0.013006243662488624
a_ws[1];0.10186160723887815;0.6874991578157326;0.008846033228600189;6042.485508110942;5764.191753917748;1.0020630553253003;0.013659992894189031
a_ws[2];-0.4018395253701859;0.6462124756709068;0.008343458024879768;5994.274598550106;5879.665916315344;1.0002851993633268;0.01355100451827329
a_ws[3];-0.4874630783992669;0.6932195937784926;0.009376987541961233;5465.382823087438;5779.012467766358;1.0002198098329038;0.012355361122038866
a_ws[4];-0.4206886998766302;0.6146168662143249;0.008091892232016297;5751.813662393774;6139.678916484627;1.0005205047530659;0.01300288327568725
a_ws[5];1.6813013311650853;0.6243605666839095;0.008293249500406418;5676.21261064317;5742.558297553915;1.0002320377065361;0.012831975157112494
a_ws[6];-0.20209964539841554;0.573549952347229;0.007442463021615486;5944.280975396282;5809.137173351885;0.9999763796661046;0.013437986036703197
a_ws[7];0.59436771476946;0.692921743560135;0.00896034752595432;5982.207764903234;6045.2454855167025;0.9999216009275946;0.013523725534873104
a_ws[8];0.23418119689079722;0.4867756260300201;0.006337178518869777;5895.964617383567;5788.791903479526;0.9999066848101661;0.013328759277906532
a_ws[9];-1.1512916541824845;0.667606984517805;0.00840292495136187;6311.59503444593;5930.361198506736;1.000372608153419;0.014268357483985746
a_ws[10];0.014046907234878727;0.7982764470121434;0.010512565056569017;5775.957363595169;5884.6608526618065;0.999693416298814;0.013057463925720714
a_ws[11];-0.17059722244319697;0.768507510372584;0.009787000536472221;6162.144345788977;6013.354391133112;1.0006574342918306;0.01393050059672548
σ_bw;0.011362136986955245;0.011046574525717001;0.00014004070657473082;6296.331421902505;6056.673264621333;0.9996553488563581;0.014233851676962634
b_ws[1];0.025004453173830214;0.9030577031816733;0.011856463437733033;5806.702134421736;5612.473510853176;0.9997015809457193;0.013126967336272654
b_ws[2];0.27456850338735067;0.9384686115300436;0.012114563260684103;6004.387514413774;5817.006862502287;0.999956678249583;0.01357386636190565
b_ws[3];0.39655826987385445;0.9882746713416637;0.01263705419555607;6119.99569047758;5172.579797146948;0.9998984599218;0.01383521690406615
b_ws[4];0.19822122789589242;0.9061323536937947;0.012312839996328966;5401.009753596786;6008.016406436823;0.9998746960738762;0.012209835630808626
b_ws[5];0.016877562539168157;0.7933985105562472;0.010259709705417409;5981.312184325449;5405.149676177949;1.0000583305405626;0.013521700933521178
b_ws[6];-0.1445213915712726;0.914198716785355;0.012169183543379963;5649.130242464897;5880.7726660299095;1.000692702197818;0.012770751186218987
b_ws[7];0.350658213044853;0.9494169673217744;0.012334421238811337;5909.072468065232;5933.97591927956;0.9999340753512347;0.01335839164474122
b_ws[8];-0.1543489734932554;0.8092137235054238;0.010492527711762059;5955.10924552019;5799.715852793656;1.0005008886569884;0.013462465051630148
b_ws[9];-0.015995368254463956;0.9437597440820054;0.012322703154022752;5866.876629945438;5772.491022879837;1.0005610661525055;0.01326300128789104
b_ws[10];0.5150902732221431;1.0426111252220818;0.013643315656072848;5834.357776026456;5859.1471615494875;1.0001944641480138;0.01318948728229447
b_ws[11];0.050142503465103024;0.9388941893025927;0.012133239407266239;5983.080223672009;5929.650756768045;0.9996783790322067;0.013525697865723703
σ_ap;0.21603413478710526;0.03421334429935489;0.00046489153119889633;5508.332967219598;5645.110884691358;0.9999944509714088;0.012452456706771697
a_ps[1];-1.055905140820709;0.19459703617465368;0.002526738956120575;5859.714529443155;5910.890038517666;1.000892749935636;0.013246810228460724
a_ps[2];1.0779300044240283;0.20376635881268534;0.002668124201612575;5801.372775788235;5875.8504884026615;0.9998009277538641;0.013114919479316027
a_ps[3];-0.8651208393366555;0.17638071519408152;0.0023222151088118175;5746.372735383846;5742.509236713039;1.0002348273810748;0.012990583200793623
a_ps[4];1.2045452473556948;0.21351289900235826;0.0028125755177022638;5694.754926348998;5684.950123931311;1.000063662363033;0.012873892990501326
a_ps[5];0.6949201754178775;0.1598744548531944;0.0020999169560614525;5736.14807070051;5694.275015477692;0.9998335859021655;0.012967468731303815
a_ps[6];-2.857533501869783;0.43944928977309167;0.0059408246987175915;5442.214189300482;5874.2720402439545;0.9998457685215565;0.012302984765906431
a_ps[7];0.03757950137673242;0.11994114646840587;0.0016027490721851696;5595.900398344524;5827.624995964287;1.0003372637418992;0.012650416715996914
a_ps[8];0.3931707234088523;0.13946944115878993;0.0017956177435076938;6032.956536585453;5633.131873773645;1.0001487427360702;0.01363845114896641
a_ps[9];-0.28397565144579157;0.1293150022910568;0.0016706395984570838;6004.5826671890645;5546.312014216192;1.0000003479056268;0.013574307535578334
a_ps[10];-0.2944481138915652;0.1292840921414597;0.0017288876492706443;5560.5416515904235;5810.004303419016;0.9999784579752321;0.012570482684089002
a_ps[11];0.5469024198720042;0.14699651270706304;0.001908579473264576;5924.776559194656;5711.521765868771;0.9999623718207588;0.013393893223181033
a_ps[12];-0.20673586382918954;0.1264608054684217;0.0016403784005827884;5962.753536436107;6053.655350610286;0.9997697108531064;0.013479746178651865
a_ps[13];0.3616005342448038;0.13324273156851188;0.001695226101694788;6175.842977803302;5926.988029419808;1.0001739300154302;0.013961468518075828
a_ps[14];-0.15330087194844336;0.12629380082460262;0.0016281360812365512;6026.489159135288;5973.657989163738;0.9997540031137767;0.013623830620726052
a_ps[15];-1.0624904139027627;0.1974359330898051;0.0026981421818734024;5353.413230700024;5752.7401068371655;0.9999323031936062;0.012102236172988638
a_ps[16];-0.4995770382709984;0.1435366017622316;0.0019185139894848655;5589.009973419262;5226.358450020421;0.9998886506364794;0.012634839822119274
a_ps[17];0.05378079883769904;0.12340838375440799;0.0015796543577829697;6098.638719015414;6129.73980375006;1.0003072755726075;0.013786936096768723
a_ps[18];-0.06689018919925314;0.12422239177674121;0.001614366951046973;5920.355394705585;5873.075868963826;1.0001310178428457;0.01338389848253603
a_ps[19];-0.5973889718421419;0.15039696358337679;0.0019509406863337658;5973.025128748809;5770.845429143046;0.9999507359497712;0.013502966735460016
a_ps[20];0.7607638474422159;0.16813807972888836;0.0021940533787560314;5627.256851517769;5527.542691250609;1.0000431634292544;0.012721302931107988
a_ps[21];2.1290128290504753;0.34047312013009934;0.00455570907178959;5562.129610620604;5758.242955856329;0.9998875016283122;0.012574072516292886
a_ps[22];0.27818079410833624;0.12955639525123266;0.001747246363908518;5519.968925331225;5508.022776059998;0.9999951476845589;0.012478761627968208
a_ps[23];-0.6336503599434463;0.15399939446583988;0.0019738247355575323;6054.661652930836;5867.263579181711;1.0003072403599553;0.0136875189927614
σ_bp;0.05499739457692751;0.010421068143072205;0.00013526396521498974;5946.841239278291;5885.758651120659;0.9998939080405277;0.013443773917598987
b_ps[1];0.10872926840239135;0.4117218438823038;0.005368041417804374;5860.17852876427;5665.969888671446;1.00042426571334;0.013247859172214223
b_ps[2];1.7679436777017066;0.45389935653493707;0.005880818583734002;5970.521735723561;5654.072154952773;0.9997757893635283;0.013497307420118612
b_ps[3];-0.32242597212442176;0.4092727403871358;0.005452396434906855;5638.807649566744;5539.279389530576;1.000522181697557;0.012747415334531945
b_ps[4];0.18457268282004669;0.40931210847209987;0.005292504924284372;6000.975577782952;5924.800898015216;1.000269796105592;0.013566153140240513
b_ps[5];1.0065719928780221;0.4271510148317487;0.005592355754516899;5832.108148671691;5731.922944302761;1.0005661804057078;0.013184401644333169
b_ps[6];0.8616907861773495;0.43193920820958265;0.005504738514989458;6150.051402967643;6010.560693794783;0.9996813089370806;0.01390316258941251
b_ps[7];-0.11011174162665922;0.4218009506092067;0.005336845240796367;6245.937488677141;5887.731573944059;1.0005485047365361;0.014119928231247343
b_ps[8];0.9696081141338415;0.42672245989425456;0.005429221890037513;6180.352081400994;5447.074118678938;1.00091764970386;0.013971662058965741
b_ps[9];-0.5883583812006324;0.422727493506479;0.00553832878491959;5842.512281345588;6103.26685122656;1.000138677713146;0.013207921829562387
b_ps[10];-0.999567558507496;0.4346313559588335;0.005685958217199406;5833.430959868187;5849.757584702937;0.9998448496532532;0.013187392067979238
b_ps[11];-1.3481296902696036;0.4516283015083376;0.00610482682596077;5480.482429785917;5499.327142958575;1.0001302152582723;0.012389496167944958
b_ps[12];0.31408745826591206;0.4113234717119202;0.005398949414542867;5821.851173471439;5793.859916558255;1.0000853178618123;0.013161214131816467
b_ps[13];0.4910049916354781;0.4165917568437774;0.00540770586388831;5946.90118653528;5770.544026464541;1.0008805812371522;0.013443909437842008
b_ps[14];1.4586110312954912;0.4473328024026973;0.005714445709873155;6122.436915935131;5872.8278935269145;0.9997993668846629;0.01384073567980148
b_ps[15];0.7940727979766413;0.4197833304079852;0.005485594581198122;5865.265748491311;5427.659601784209;1.0002350148644827;0.013259359635927255
b_ps[16];-0.25037879348546754;0.4126536439828567;0.005404163910357027;5802.87170705246;5570.1964030334275;1.0001581328665081;0.013118308050193143
b_ps[17];0.9113342301054721;0.4220597187765563;0.005381643459220353;6137.636837479969;5894.799763519474;1.0000893267221718;0.013875097503262374
b_ps[18];-0.22572798115277265;0.4150024684042723;0.005481972575388427;5754.053039420044;5930.655108724825;1.0000865101678897;0.013007945741161962
b_ps[19];-0.6702155335390824;0.4234717647670793;0.0054352516959569035;6047.688511695546;5651.796796541924;1.0010628815473492;0.013671755105600003
b_ps[20];0.012927559878662112;0.4161330182793614;0.0054247946592355534;5875.148232183117;5459.696874861076;1.0000639754783527;0.013281700551238647
b_ps[21];1.7745847598052662;0.4659962223900761;0.005981764333367929;6060.8842994959305;5860.286847174163;1.0000884212709795;0.013701586268181116
b_ps[22];0.6019370365973228;0.4225444683612858;0.005468292215310236;5965.100751941916;5806.379276679521;1.000110649321752;0.013485052430042528
b_ps[23];0.8652603790895479;0.4269966966304483;0.005361172483165752;6363.579388741284;5930.107886741313;1.0003492441969457;0.014385876327734788
σ;0.9801277267524553;0.003434963684102012;4.362703695554891e-5;6210.056656075511;6148.848792393681;1.0010388248620101;0.014038813941818275
