parameters;mean;std;mcse;ess_bulk;ess_tail;rhat;ess_per_sec
σ_aw;0.059159430939386796;0.017055886796984793;0.0002212110736709786;5915.884185229211;5969.764408759661;1.0003836882067005;0.01286125677476422
a_ws[1];-0.35158715904333887;0.4985274882046346;0.006586858132223998;5734.551686639672;5363.200990858968;1.0007152527630059;0.01246703610496264
a_ws[2];-0.5527446388847934;0.44960856178109554;0.005971374492575299;5656.542193443471;5768.899512606964;1.0003709093126465;0.012297441824302008
a_ws[3];-0.18128731931069664;0.5443625561811475;0.007024374255401259;5992.058125287331;5880.562782282407;1.0000126304466987;0.013026860524255982
a_ws[4];1.0879468095822964;0.5169545984363965;0.0071046059812542115;5215.182154095845;5752.855952055897;1.000930672014103;0.011337915806138433
a_ws[5];-2.0301173396939194;0.5852496771601361;0.007743101728466959;5761.643518160864;5895.630727805949;0.9998804984578518;0.012525934317095101
a_ws[6];0.3439155260101168;0.4278954620590415;0.005797430543793208;5437.191861731959;5906.23311699146;1.0004508558534182;0.011820569584846197
a_ws[7];-0.48985182606315403;0.5528602992861373;0.0069979054647199895;6222.282663453211;5669.1276055108865;0.9999275311965394;0.013527373517494739
a_ws[8];0.8246705313611161;0.3988953579647642;0.005152903503776365;5990.933537512009;5828.151440115506;1.0006263956710042;0.013024415646754783
a_ws[9];0.4345862636429946;0.44978738643139027;0.005949488816963494;5728.1148949709395;6013.588831903388;1.0006190214010686;0.012453042384351286
a_ws[10];0.36829076717280196;0.6331145410726784;0.008241049552954394;5899.817396141653;5749.855309319114;1.00039934376271;0.012826327237009409
a_ws[11];0.18645244822641271;0.6335740057977184;0.008406605308728332;5688.1509034323735;5731.922944302761;0.9999041418303755;0.01236615982532396
σ_bw;0.043991095359618156;0.013711467202986466;0.0001773239714970205;5985.462979484371;5754.267869694248;1.0002904323156536;0.013012522538422748
b_ws[1];-0.2640018407784875;0.5180685475755004;0.006677768410997213;6008.222325275805;6077.663894986541;1.0004358267031026;0.013062001835360326
b_ws[2];-0.9226360362455871;0.5649740685755246;0.007257512975197882;6082.8426064850255;5965.6460719914185;0.9999674336916683;0.013224227897803047
b_ws[3];0.11418509376947404;0.7607267965908121;0.009734666780629458;6099.401695958304;6012.154008379339;1.000802533141675;0.013260227706961563
b_ws[4];-0.45643408242501377;0.5649367371681079;0.007424300261036974;5772.5537795672335;5930.127601565735;0.999979128395501;0.012549653455102817
b_ws[5];2.07650378869602;0.5926514871429353;0.0075835848978938825;6084.595315584707;5886.986966132107;1.0000910148758424;0.013228038324288196
b_ws[6];-0.1706419217620025;0.5702472125492273;0.0074409043543354056;5877.958483881651;6002.65970245485;0.999786116968976;0.012778805501527353
b_ws[7];-0.4704721167393262;0.6211112003007191;0.007841851333222006;6267.240745864934;5600.688208928291;1.0009706426603546;0.013625113335228473
b_ws[8];0.17802304635134947;0.3343620760857297;0.004260734695489072;6153.711322532811;5677.808460749585;1.0002798684824263;0.013378297978597421
b_ws[9];0.15669544023742252;0.6047373482791736;0.0078051452361719825;5994.515625587127;5815.3309207473085;1.000628584762285;0.013032203181649217
b_ws[10];-0.18389973396443998;0.780257167364925;0.010107123380206874;5963.585480976699;6014.120923894251;1.000180171018502;0.012964960396046934
b_ws[11];-0.3804684553088685;0.710401017058768;0.009504990655495236;5575.679824773054;5713.925645366124;1.0003428696097276;0.012121645332294517
σ_ap;0.1618593523629173;0.02638183362319112;0.00034537328586860776;5882.450172895484;5758.081111399857;0.9997421595920261;0.012788570528013762
a_ps[1];0.09262568001969851;0.18371000245999153;0.0024154221456667312;5774.731606072855;5769.227659052725;1.0002145242855311;0.012554388095779122
a_ps[2];-0.2927996485861883;0.1863326209717417;0.0024024001412909484;6019.493115028988;5767.550896560955;1.000541135764496;0.013086504769584765
a_ps[3];-1.552338609614157;0.2939570524368121;0.0038108465869152682;5898.989164512413;5480.5668150816955;1.0005042083177724;0.012824526644009423
a_ps[4];0.27397279333273455;0.18730043598504617;0.0024590870022346517;5806.540154081819;6013.408740206148;1.000748850913869;0.01262354054886418
a_ps[5];0.4196630295587394;0.18947351784054303;0.0024622726501590717;5924.950118053947;5275.218808641277;0.9998740377497745;0.012880966303604021
a_ps[6];-2.0727508274015793;0.3599501739655542;0.00477175743191101;5668.655068376718;5848.828806457936;1.000299944294342;0.012323775469437602
a_ps[7];0.21834577909472863;0.18106338432024022;0.0024067032386959957;5676.991007017101;5567.670350546033;1.0009518967707267;0.012341897975550943
a_ps[8];-0.06324417041757859;0.1788408501331383;0.002350926665221224;5785.585872513069;5827.626992102917;1.0000243973109841;0.01257798549955147
a_ps[9];0.5107292110232932;0.19693577981390822;0.0025523605874993847;5958.281149907332;5931.607517990241;0.9998018522426342;0.012953428668622011
a_ps[10];1.1940615903101695;0.25217398022476717;0.0033401746052093857;5757.640983904847;5480.828442088078;0.9997027383227729;0.012517232723351101
a_ps[11];2.1301192935748294;0.36697499630389513;0.004746506987605946;5969.069871977513;5804.953033137693;1.0003052365716831;0.0129768835775539
a_ps[12];1.0254050151778453;0.236797605631927;0.003030533973728765;6133.385666476695;5921.634553191692;1.000359550643718;0.013334109574384584
a_ps[13];-0.7451694221958849;0.21470181982718528;0.0028366183194896933;5698.929530534982;6057.549260094713;1.000539801438805;0.012389592787583803
a_ps[14];-0.6227444063150065;0.20217411641430783;0.0025627470558058215;6213.658544880668;5913.812764655014;0.999888759992631;0.013508624502141391
a_ps[15];-1.7424040746611138;0.3157300853385219;0.0040024506077631205;6192.309029556779;6038.657819904471;1.0007998341471294;0.013462210206323552
a_ps[16];0.24509556031995677;0.1864098588594002;0.0024446100072525517;5828.856179649233;5626.151505149749;1.0001371156113104;0.012672056058300846
a_ps[17];0.035055875361721375;0.18274508027993017;0.0024256126777231677;5675.738166082679;6007.004173779019;1.0002873989031746;0.01233917427298155
a_ps[18];0.5119454371879498;0.19758338588222735;0.0025747702883807855;5895.6690924312725;5830.381941559915;0.999906263616006;0.012817308737402515
a_ps[19];0.791967878747799;0.21766071588958485;0.0028523408233995483;5856.584926115794;5848.901269109112;1.000314302163568;0.012732338936934474
a_ps[20];0.5298805792047059;0.1989238056745688;0.0025511039386996942;6074.947970225062;5891.374481938474;1.000073106639373;0.013207064792356144
a_ps[21];-0.442035888380057;0.1969596331737022;0.0025486641146077464;5949.35280032776;5889.246072405663;1.0007871808293025;0.012934018248653945
a_ps[22];-0.5703094575198774;0.20008419153794474;0.0025969512500141345;5948.968001512106;5769.698823763511;1.0000377377893586;0.01293318168792696
a_ps[23];-0.9026424435150155;0.2293725966498575;0.00304596628290087;5657.849417395842;5656.226271024738;1.0000247284735173;0.012300283756697429
σ_bp;0.05493857859143882;0.010429791094669936;0.0001316648598241045;6285.788456838212;5968.823004213748;0.9999176355779131;0.01366543644939745
b_ps[1];-0.37584571579637094;0.4335325641016523;0.005702937251544709;5780.503372322091;5655.322036307333;1.0000780963756557;0.012566936037126704
b_ps[2];-0.6367862870151176;0.4442853380451055;0.005611853889183738;6171.114971978716;5465.63534082624;0.9998897293431938;0.013416133878918228
b_ps[3];-1.0156571961401133;0.4552905492655653;0.005894793987549452;5981.087669154748;5802.042826730882;0.999943882331865;0.013003010521646109
b_ps[4];0.7573546292581338;0.4401773113277672;0.0057498489176694;5872.959106585269;5731.377165045032;0.9996087169034756;0.012767936750025553
b_ps[5];0.22629216712925418;0.43540216643099117;0.005842543354175006;5555.4639972269715;5835.13703858372;1.0001045839702274;0.012077695697574877
b_ps[6];-1.5353894589619161;0.475791337639182;0.0059259395843226;6432.621873966893;6129.134308295298;1.0001171436431482;0.013984655389741673
b_ps[7];-0.18332046798507304;0.4317637733537054;0.005595476835119241;5935.435683191576;5982.040473262898;1.0002911671676027;0.01290376214298172
b_ps[8];-0.20486566151930394;0.4311708236149353;0.005655776012829761;5808.5199252650045;5619.6659172867585;1.000187550672733;0.012627844613099548
b_ps[9];0.5403936583504387;0.44009444482962146;0.005637218844664594;6097.788224295644;5765.265240778622;1.0000299606182186;0.013256719985596075
b_ps[10];0.8581568322577521;0.4397409423086178;0.005704373974083616;5929.696753232184;5363.437676290828;0.9999801424804535;0.012891285588419612
b_ps[11];2.1068181862683786;0.4996154239252215;0.006528272185690854;5890.769477172145;5830.070346701371;1.0018127347285901;0.012806656870670147
b_ps[12];0.7858585406346025;0.44664317677422144;0.0058313716864669685;5801.186363732819;5804.955687300285;0.9998420627265135;0.01261190129592399
b_ps[13];-0.3877124859057331;0.4353988126365354;0.005828298824426071;5601.801512901707;5546.376023642189;0.9998645675074068;0.012178434432265699
b_ps[14];0.22699694127378697;0.44194694128293865;0.0057283143555978975;5952.666067144196;5986.956933930223;1.000088246248292;0.012941221360472105
b_ps[15];-1.220978393045403;0.448494154404368;0.005884970928130459;5805.26245055886;5751.765322758369;1.0003650439519365;0.012620762794503838
b_ps[16];-0.8714457653337376;0.4504622608460194;0.006132281716121245;5397.122185191548;5873.751775751127;1.0000802729851332;0.011733457264399713
b_ps[17];-0.02600463646511627;0.43222706258590016;0.0054904934915395295;6194.3553816002395;5887.026625394512;0.9997844605696058;0.013466659018750987
b_ps[18];0.5761280734092092;0.43092977831580603;0.005516590535678259;6116.332306837438;6217.224341410614;1.0005489695617704;0.013297035211478611
b_ps[19];0.6009443467768155;0.4378834080193984;0.005600611149587979;6096.97783837149;5731.637991770591;1.0000456272380702;0.013254958189534682
b_ps[20];0.8360312877419596;0.45088826391251835;0.005752367265980931;6145.73599079115;5743.952801049604;0.9999589292647572;0.013360959439474303
b_ps[21];0.8361001005116738;0.4453905398512224;0.005836008019401547;5818.108562806977;5085.967786587651;1.0001839534888113;0.012648690512999914
b_ps[22];-0.9052277894240299;0.44866231066336404;0.0058388931954953425;5899.845846942177;5915.36225016967;1.000006526358279;0.012826389089648765
b_ps[23];-1.1865214525983372;0.45839099112184467;0.005947850728188861;5939.348744265156;5790.325927662593;1.000235954432242;0.01291226922014329
σ;0.9871839114235376;0.003549296136210648;4.5632289475905045e-5;6042.829383066623;5928.931360792049;0.9998897674013308;0.013137238307632405
