parameters;mean;std;mcse;ess_bulk;ess_tail;rhat;ess_per_sec
σ_aw;0.043227663848796415;0.013537834409272509;0.0001754564276616948;5893.181031386831;5705.648251087052;1.000658916114552;0.0143012769361496
a_ws[1];0.6312937955876522;0.5882179213485028;0.0076389849224897015;5935.673393236918;5838.2359029456575;1.0001783729522031;0.014404395274319193
a_ws[2];0.7441213269998319;0.5365575869070015;0.007057492404604482;5773.5518843103155;5931.965981143372;1.000612988559793;0.01401096690615651
a_ws[3];0.4217534770799395;0.6037035335607401;0.007905782760395642;5834.996660979591;5995.850080163808;0.9999351406636277;0.014160078016564803
a_ws[4];-0.11208543475156293;0.5418763352130335;0.007090840997290874;5865.316765777467;5480.672328930354;1.0003215257741367;0.014233657330205107
a_ws[5];-1.7596393392091103;0.5986365863036278;0.007877590972467697;5744.921143087485;5592.163735861688;1.000112991708538;0.013941487255534174
a_ws[6];-0.15363462780578635;0.4915722341251471;0.006470214635347964;5770.423593455962;5842.57654555506;0.9996774241892045;0.014003375326395655
a_ws[7];-0.44591853812125265;0.6115720251732522;0.00823044582188465;5525.36682720998;6013.247493089541;1.0009900395096085;0.01340868382438756
a_ws[8];0.4641588364192645;0.42242603533139433;0.005456919753350216;5987.312494129253;5887.582534454951;1.0007030290018855;0.014529710461255044
a_ws[9];1.10816266107522;0.5569681505852973;0.0071130509963392916;6136.968149336522;6131.534377914699;0.9998028952541747;0.014892887319183064
a_ws[10];-0.6040711300882208;0.6948221112049878;0.009283247119666953;5604.0705479795515;5694.819323513075;1.000030860061182;0.013599678077005342
a_ws[11];-0.23234673497492012;0.6941934000202231;0.00953268824800936;5303.5594288793445;5791.596597728635;1.0008583305408771;0.012870412725448184
σ_bw;0.022339221130705206;0.010852574601928913;0.00013788057916753433;6139.258940150525;5974.43543299806;1.0000372764581025;0.014898446495739725
b_ws[1];0.12445510163214131;0.7367896383614944;0.009496326655463062;6041.81711449424;5560.04734019802;1.0003107661277841;0.014661979547507082
b_ws[2];0.5589942668307208;0.7750949651962653;0.010502712739176957;5450.86899284391;5848.4157865512325;1.0005035693895048;0.013227896206505428
b_ws[3];0.17760496645844795;0.9071993492890158;0.011964254232517848;5756.081664901959;5913.101401207153;0.9997754042831164;0.013968571051597907
b_ws[4];-0.045364833709563054;0.7587841306376439;0.00973631321169736;6074.841612735736;6053.672257560565;1.0000372326931397;0.014742121747876223
b_ws[5];-1.228451468632495;0.6127642898415538;0.007962983246811082;5922.248209910103;5637.545641071513;1.000101590496116;0.014371815710981024
b_ws[6];0.32449334690537296;0.7788522892312828;0.010119132133250766;5924.459078643369;5567.708193045249;1.000151107998272;0.014377180936630044
b_ws[7];-0.3894704688458428;0.8165666885461178;0.0104680112026668;6092.027775855103;6013.2980090393885;1.0000999310260668;0.014783828268841873
b_ws[8];0.10587212506662085;0.5425360833212739;0.0071066496608300795;5844.23788056026;5917.911503248247;1.0003798934652386;0.014182504145975564
b_ws[9];0.9616222947703497;0.8345501726566336;0.010834360414504366;5947.262158054204;5857.8299465579075;1.0001496217001162;0.014432518309080423
b_ws[10];0.3632070281042476;0.9152141375220022;0.011616056831739024;6204.675524104376;5837.379775635432;0.9999612284984791;0.015057196189387051
b_ws[11];0.17145010147504755;0.8679878125090978;0.011579746953516464;5626.03529898322;5770.692133294929;1.0014704606814784;0.013652981036012375
σ_ap;0.2382944776761514;0.03723273343350962;0.0004860635347568844;5823.7278902191865;5806.420251824676;0.9996979291272564;0.014132731527373956
a_ps[1];-0.42146003050943043;0.1329424196619822;0.0017141269681054763;5983.966999177194;5826.1173971073395;0.999869277977492;0.01452159178145494
a_ps[2];-0.9276238847614201;0.180231305560001;0.0023121494803702127;6086.413333054027;5343.198435806253;1.0000917329242591;0.014770203419899899
a_ps[3];-0.5630640334425445;0.1420701528696802;0.001858764398098316;5868.6989167768215;5693.514972987864;0.9998233781410173;0.014241864965067168
a_ps[4];-0.5643452475775075;0.14423231307572335;0.001894266312664789;5813.713241744504;5849.367681836732;1.0004176101628188;0.014108428479411942
a_ps[5];-0.5470301522519361;0.1422708729127331;0.0018501937889949293;5926.000599379957;5810.06883592217;0.9999528599600698;0.014380921822043091
a_ps[6];-0.6506138584680065;0.15263920541897208;0.0019818052087039414;5947.858948428276;5926.664818031936;1.0002445235721207;0.014433966570107358
a_ps[7];-0.2997723102177354;0.12638780166785932;0.0016252051963743406;6043.861697283253;5655.026140941308;1.0002067238834753;0.014666941238744605
a_ps[8];1.34205187157283;0.22804647607284015;0.0030609317605822307;5594.578384274795;5694.519894359363;0.9999454579536049;0.013576642968947065
a_ps[9];0.1747481454650461;0.12074524907744878;0.001547672022651722;6071.207995788544;5777.777208452478;0.9999737968254591;0.01473330386803087
a_ps[10];-0.1140347124731762;0.11600320002475407;0.00150481855286665;5932.080067370436;5742.003037608205;1.0003737307502545;0.014395675170853054
a_ps[11];0.9853868873972159;0.1830530352384564;0.002393001980073755;5830.258813062604;5930.532520579471;0.9995059084231316;0.01414858044423819
a_ps[12];1.7200624985526647;0.27559594726644915;0.003578283586204789;5943.118890709662;5888.623792413204;1.00004301414684;0.014422463635144697
a_ps[13];-0.34939927354842093;0.12954011446077487;0.0017156830367984581;5723.24529239815;5728.626035529026;1.0006519462364827;0.013888885385358492
a_ps[14];1.014938740021075;0.18918897373610044;0.0025241416509408144;5618.503127189133;5528.834047180059;1.0005045885572361;0.01363470233827949
a_ps[15];-0.46443514130460345;0.13718882788260803;0.001781033124968737;5933.0993795342965;5843.05958821244;0.9998710314290814;0.01439814878662391
a_ps[16];-0.05850635903125007;0.1169396352214296;0.0015232575213519938;5892.928662932218;5979.119241983164;1.0002252369177362;0.014300664501008012
a_ps[17];-1.5088900077169647;0.2505470466800284;0.0032637759878916778;5873.8779558113665;5889.312484353705;0.9996170910210911;0.01425443319792845
a_ps[18];-0.2726646728841418;0.12375001272135118;0.0016460291546232734;5639.686390795693;5913.528294265751;1.0000824410275955;0.013686108822763063
a_ps[19];2.8306587077903944;0.4308478341365376;0.005643920202230561;5818.726951543288;5884.712648417203;0.9998218065269707;0.014120595499554037
a_ps[20];0.3814971467930706;0.12959448712132385;0.0017173403942665904;5721.939120235248;5752.900349431733;1.0000426267829163;0.013885715632091376
a_ps[21];-0.4442853385722071;0.1350987905629606;0.0017977487798554353;5647.250478011891;5798.113793981526;0.9999676259165873;0.01370446497124584
a_ps[22];-1.0612192720869182;0.1962887598040916;0.0025500622354982243;5894.61987350811;5749.974887515699;1.0000479076431517;0.014304768646235243
a_ps[23];0.22372948506284587;0.12184719180422462;0.0016125034398920806;5714.03571792719;5339.678712871734;0.9997447644117715;0.013866536050717011
σ_bp;0.043053614800197065;0.008964495746188576;0.0001165026664578066;5924.34373614655;5411.947764482725;1.0003740312995235;0.014376901029228468
b_ps[1];0.4284668120605561;0.5040313487159401;0.006518793742476716;5989.691017807217;6036.957170551749;1.000607556306443;0.01453548254353736
b_ps[2];1.1075988252798794;0.5133012717241707;0.006624634060007983;5994.523626642444;5569.170456676081;0.9997869553589691;0.014547210076920192
b_ps[3];1.1477812484489753;0.5092171571024555;0.006401297850016461;6331.20824468298;6262.518355969359;1.0008531585475655;0.015364259466221976
b_ps[4];-0.5475292441915222;0.5049098862938062;0.006528454894277524;5981.099441201291;5888.499339108611;1.0002334482120099;0.014514632935201032
b_ps[5];-0.42679071342646924;0.5040450640375841;0.006647194805102836;5755.310761983154;6014.021597438323;0.9998726917463504;0.013966700262956934
b_ps[6];-0.9696389679374203;0.5341876974036912;0.007022697726572339;5753.242115883742;5679.704741168017;1.0006067750052845;0.01396168017608144
b_ps[7];0.7169553813996514;0.5029510035395816;0.006312896476538012;6363.274346229461;5974.34021944969;0.9999600291914627;0.015442075877432918
b_ps[8];-0.8537143222848236;0.5150907540344615;0.0066786599418028995;5959.00258473912;6058.2556349256265;1.0001204910910857;0.014461009389275534
b_ps[9];-1.3522876177559753;0.5318890919240759;0.006873977494549549;5978.238857162874;5749.6156775019;1.0000017566656776;0.014507691012949768
b_ps[10];-0.13671281214986836;0.4999437179214762;0.006579463963458822;5787.501139256282;6056.72145221385;1.00001710368574;0.014044818260284737
b_ps[11];-0.05186055993313958;0.5068290770493348;0.006523910373170317;6045.200316618533;5568.177153589015;1.0009449298383821;0.014670189733186564
b_ps[12];-1.6231317307122815;0.5352586539051962;0.007082880627860113;5720.5280402285925;5635.564330793192;1.0004620461340183;0.013882291293716775
b_ps[13];0.3273740708465234;0.5136773178002529;0.006506205820118915;6228.878262138134;5628.972031874306;1.00014309598367;0.015115930183369314
b_ps[14];-0.8536489920121835;0.5171612850111978;0.006651659506024813;6047.007431355638;5595.113386573055;1.0007839252142432;0.014674575148834426
b_ps[15];0.8983682894412957;0.5080878444234208;0.006889642910939063;5492.6380590270755;5418.515851999479;1.000101284744371;0.013329259286931492
b_ps[16];0.3656829260241931;0.5096397973054577;0.006476888147750248;6199.763536807624;5917.889996516799;1.000202976347596;0.01504527602432449
b_ps[17];1.5999735872713954;0.5345639348480241;0.007105924916955192;5652.014814529221;5671.407485258177;0.9998052356599755;0.013716026824782745
b_ps[18];0.4971741166639411;0.5057712264712094;0.006795279903608277;5543.937591518191;5499.428945126757;0.9998248995602828;0.013453750426257276
b_ps[19];-0.31689331959909545;0.5021536339697478;0.006569861113793379;5848.838005533949;5628.142578414012;1.0002673005149754;0.014193667499152606
b_ps[20];0.642258926356971;0.5150100756419332;0.006635172319493835;6009.766871693633;5890.784702299118;1.000142299220059;0.014584201621507337
b_ps[21];0.8523867306213863;0.5049300861339158;0.007043425822894084;5112.65324967402;5692.531919499008;0.9999267748570758;0.012407131159330223
b_ps[22];0.5263037989772499;0.5007126768864459;0.006438396350064361;6035.139222288106;5566.81482719823;0.9996679745811791;0.014645773972745161
b_ps[23];-0.030126348339773297;0.5072732723669293;0.006884976938398822;5421.836294638317;5541.860597828714;1.000053603558251;0.013157441106784162
σ;0.9733892625395838;0.003493985336858711;4.595529102487509e-5;5781.530055350574;5889.119631332355;1.0005668334225675;0.01403032793255007
