parameters;mean;std;mcse;ess_bulk;ess_tail;rhat;ess_per_sec
σ_aw;0.03152816812599338;0.010945318082174867;0.00014360562252331511;5796.685966437481;5750.803707005785;1.0004880758330388;0.013889141824557584
a_ws[1];0.360994558415163;0.682737015707654;0.008814568327443975;5988.270631696552;5973.515226419013;1.0004625445535655;0.014348188011051104
a_ws[2];-0.8149213594165163;0.6309568238993666;0.008200603470866402;5915.193024680104;5795.984011959069;1.0009616325220432;0.014173090506385948
a_ws[3];-0.01875322767786282;0.6881197426651925;0.008784023111436987;6138.601222559585;5725.982968019989;1.000571660917134;0.014708387426571524
a_ws[4];0.5729930644908415;0.6358581823740247;0.008389531149598556;5738.532651615357;5696.839058564088;0.9997834999341496;0.013749803650675272
a_ws[5];1.5780562243516292;0.6012004687055117;0.0078717015175291;5854.433572842377;6041.7953194440315;0.9997063147563594;0.014027507901317692
a_ws[6];-1.125825735936067;0.6137843791216455;0.007979819935875423;5967.333272364035;5911.923065338438;1.0003169313214304;0.014298021078620268
a_ws[7];-0.1299226703643372;0.7084478365465731;0.009167660416996268;5973.765515288237;6013.144745766334;0.9999507168895215;0.01431343304586181
a_ws[8];0.11900005618558245;0.4711323726889935;0.006153333157754009;5865.461783116829;5732.037294286137;1.0003158988570535;0.014053932030114692
a_ws[9];-0.26567484740612385;0.6496085425134905;0.008706805472971398;5593.416461680532;5585.825223072016;1.000133416194563;0.013402098193675514
a_ws[10];-0.026104510224822738;0.7824279404413415;0.010211059424327712;5871.04698293564;5542.3794994621;1.0002320421925124;0.014067314440831973
a_ws[11];-0.3499773972526877;0.7679688018627276;0.00998441918286064;5911.657049562854;5827.115035977034;1.000301148617776;0.014164618137833304
σ_bw;0.02160546862493723;0.013001585447793304;0.00016764774748726573;5966.681054527087;5917.184846908401;1.0003337969683959;0.014296458332925515
b_ws[1];0.26647467338246345;0.7728678559285997;0.009959684658659809;6020.648094725341;5877.80248874079;1.0002203563850558;0.014425765988973306
b_ws[2];0.08531636659149058;0.8105235916607976;0.010377510391138838;6096.157070271431;6057.204375702451;1.0001287098784157;0.014606689171022312
b_ws[3];-0.2419850241480345;0.8608935387800598;0.010879025928053683;6261.9631124553725;5496.919142943447;1.0004843247827295;0.015003968521429604
b_ws[4];0.09558701916602513;0.7758252374664518;0.00976317733559071;6296.265853223176;5899.0741178199;1.0003778855644785;0.015086159558559025
b_ws[5];1.2514247137080496;0.6485420527883463;0.008767165244236442;5480.747972025083;5809.373742901704;0.9997690877887964;0.013132139006470318
b_ws[6];-0.0686085535454562;0.8058959456753324;0.01052901538759279;5841.002637997707;5974.086338955458;1.0000417219002118;0.013995326727458337
b_ws[7];-0.10183465256686422;0.807207199844668;0.010778955566154998;5597.679260260198;5587.344186498204;1.0002807777418887;0.013412312066634187
b_ws[8];0.3652511075720733;0.6309718954421228;0.00800904486211949;6096.9979760069655;5935.985754647559;0.9997810879902386;0.014608704022109563
b_ws[9];0.6257606689030122;0.8496078104809444;0.010986069958664397;5991.001630635778;5807.934790174576;1.0004499836620937;0.014354731617485754
b_ws[10];0.7775684211993837;0.9253821425427455;0.012073461054777742;5881.875658241142;5866.992213856166;1.0008530219912823;0.014093260474127725
b_ws[11];-0.23992142657027057;0.8653070481161326;0.011320212631453283;5849.538364410305;6012.572900909701;1.0003257775927648;0.014015778743559712
σ_ap;0.23995191034598634;0.03849403372679858;0.000499104810558095;5902.894273975595;5794.0019836903;1.000765201558717;0.01414362210085409
a_ps[1];0.5422180068028466;0.13691660236226338;0.0018352463224339088;5583.479632559109;5398.4957582851675;1.0002216276023137;0.01337828906726209
a_ps[2];0.5022768322860799;0.133211199274594;0.0017550337822308587;5746.316489619274;5891.420444516827;1.0009473391126547;0.013768454105538919
a_ps[3];0.9874147672879113;0.18678141986348734;0.0024439587152206145;5834.0569887224165;5766.816196102072;1.0007722774686951;0.013978684613601092
a_ps[4];0.48607006484674253;0.13276382003116804;0.001767091629458541;5662.0564293542275;5797.151218746142;1.0006815072641524;0.013566562898400397
a_ps[5];0.5437490858822245;0.13535132928319554;0.001805136495873893;5647.999341674173;5723.35019360972;0.9999798073859409;0.013532881431859177
a_ps[6];0.27509569964876823;0.11911877627322962;0.001538383493657344;5992.795002159382;6057.844921959233;1.0001232886542935;0.014359028622978148
a_ps[7];0.8559468021790312;0.16845956667148743;0.002169298014203614;6048.338701632523;5740.395494101547;1.000474779825569;0.014492114031418373
a_ps[8];-1.944684448809527;0.3116750834612296;0.004082890649128887;5844.9970652667525;5800.770023263101;1.0006966474354024;0.014004897569689376
a_ps[9];-0.018775469222812747;0.11108623074407044;0.001481757095593168;5598.88250902255;5537.9796352394205;0.9999470737587378;0.013415195109256694
a_ps[10];0.10126002732428852;0.11039178208770078;0.001438135220518311;5888.367750560861;5695.209644961959;0.9997272085117821;0.014108815843435079
a_ps[11];-0.5534189517418199;0.13817075004734697;0.0017773338743806643;6009.283955279754;5973.721442565409;1.0000355981937763;0.014398536957525392
a_ps[12];-1.9599401499243367;0.3120253174956688;0.004100712729642705;5795.331480468849;5650.599654755655;1.0007855175364102;0.013885896410224873
a_ps[13];-0.7361348383906955;0.1550239184842956;0.0020065154281569382;5966.74077084765;5960.3321739451;1.0003656923686852;0.014296601416137257
a_ps[14];-2.2371730583259386;0.35256992594461056;0.004543396570476013;6026.973184053306;5808.621634719537;1.00046169017052;0.014440921210980801
a_ps[15];0.3104827233289424;0.11955846889445595;0.0015942720646832918;5564.435798087095;5889.3430985462455;1.0008465021703372;0.013332659112595464
a_ps[16];0.6794866373672303;0.15132749913862978;0.0019495827984707672;6034.037482784498;5864.302857107048;1.0008605470911445;0.014457847614711599
a_ps[17];0.5418836887590117;0.13604210515074422;0.001790862999580767;5772.854800276403;6018.196589962548;1.0011398518736743;0.0138320411900619
a_ps[18];0.0854351274210132;0.1107790289857366;0.0014662514606488208;5703.701336549202;5716.559562533224;0.9999785790377145;0.013666346123789959
a_ps[19];-1.5713954551460263;0.2609973456994863;0.0034072317462523565;5868.5690659334605;5488.761274442008;1.0001392883250657;0.01406137723104141
a_ps[20];0.15766796147956358;0.11287290494818915;0.0014832883391676626;5747.103623535562;6098.841004981478;0.9999286663045279;0.013770340116729028
a_ps[21];1.1084266616982155;0.2001697812552714;0.0027657792382365233;5311.426131391479;5770.774494175996;1.0011626192314855;0.012726435631788357
a_ps[22];0.6799965007171765;0.15037369692804003;0.0019556355839737433;5910.362187082397;5811.85949842518;1.0010084610433276;0.014161515584281414
a_ps[23];0.10046432099296071;0.10997214979410667;0.001460651588856928;5672.870509843438;5944.5388427683065;1.00049232371264;0.013592473961805672
σ_bp;0.05347641948164708;0.011152896263412714;0.0001469244391158965;5782.859496423557;5772.069019305075;0.9997590980795569;0.01385601292917352
b_ps[1];1.2112737672303189;0.4474415074084355;0.006020736317842007;5549.408883872409;5799.891993216058;1.000481810768361;0.01329665389445502
b_ps[2];1.3811937250216622;0.45993788420803067;0.006051421435365467;5776.171334109332;5655.568441709624;1.0001911132840522;0.013839987766612398
b_ps[3];-1.7297286865490964;0.5252903010598031;0.006803705509557018;5991.050875668858;5891.788184234736;1.0002915326042792;0.014354849610982824
b_ps[4];1.136095716065115;0.4473093638294887;0.0060214705724408206;5511.25761110935;5437.792357008331;1.000942046931027;0.013205241587274413
b_ps[5];0.6700801321370146;0.4347704491890192;0.005591171022977899;6013.589475770085;5921.653943012026;1.0005781938843477;0.014408853194262208
b_ps[6];-1.2233478737152594;0.4978807752184627;0.006575257255833316;5736.572713011307;5836.087417588369;0.9999382647032958;0.01374510754234774
b_ps[7];0.5628139557333025;0.445513760569447;0.005947584628441427;5608.461441680969;5655.583929666455;1.0001799519200836;0.013438146698318268
b_ps[8];0.1354670299974138;0.44130237376974696;0.005869797737329192;5659.543485763545;5633.700159766856;1.0006796493715693;0.013560541763198285
b_ps[9];0.7542489249174035;0.4369939222983178;0.0057498738941102944;5772.050113158654;5711.010188348738;0.9999079496189754;0.0138301131205464
b_ps[10];0.41518877771336854;0.439814380953917;0.005675895652406959;6006.204302382099;5919.36556139795;0.9996876784184566;0.014391157959229883
b_ps[11];0.049519894321942884;0.4426869789290473;0.005765832191879226;5887.931617163974;6099.933276626051;0.9996326092717096;0.014107770846580176
b_ps[12];1.2752415827115147;0.44263841716843333;0.005654158698548466;6102.588688171046;6009.320622317171;1.0011818881750878;0.014622099640674511
b_ps[13];0.3342843065074412;0.43987334615123047;0.005632914750299191;6112.721702691074;5929.641348664921;1.0001195892318047;0.014646378836855543
b_ps[14];0.2554454770959985;0.4424663355110221;0.0056614570278347666;6118.446444167303;5888.982903197248;0.9999219005641818;0.014660095596178481
b_ps[15];-0.5025777688670704;0.4559039899542519;0.005930590398233288;5950.294090960751;5771.821681791087;0.9999847100597433;0.01425719437031576
b_ps[16];0.6857157387070071;0.4295663558626646;0.005839593338406815;5416.127574932184;5637.175615532816;0.9999161953621094;0.012977305388575696
b_ps[17];-0.4824140848297175;0.4579526471468294;0.006013952415181598;5752.7946180318895;5926.342911324445;1.0011209475547167;0.013783976016644932
b_ps[18];0.2044539674542219;0.441722622780095;0.0056883035687430245;6060.076906872799;5571.960848571605;1.0007910913609688;0.014520239342724162
b_ps[19];0.365631454249168;0.44329420073550985;0.005654567694673649;6156.230289203063;5577.734553272596;0.9999438160666425;0.014750627528633898
b_ps[20];0.016196479993381044;0.4535591040721228;0.005840007651192548;6044.043790383065;5648.093266104098;0.9997814741486052;0.014481823214939269
b_ps[21];1.1747888514377538;0.44499567895264563;0.005935457577732159;5647.46825500567;5460.318381744846;1.0007467966047634;0.01353160892234207
b_ps[22];1.526988767455882;0.4598643032929743;0.006067975154015013;5721.157999057166;5889.92042421654;1.0001598178026614;0.013708173137149036
b_ps[23];-0.17515763727613604;0.44173210422135556;0.005755576720471317;5882.044173725663;6097.34881814598;0.9999135962665283;0.014093664245433898
σ;0.9696358567604669;0.0034432949073085056;4.4678505700937724e-5;5944.779085483683;5811.282158946967;1.0007946935209266;0.01424398014865916
