parameters;mean;std;mcse;ess_bulk;ess_tail;rhat;ess_per_sec
σ_aw;0.06519717508015935;0.01913438843782933;0.0002478874249218608;6025.503378800274;5473.631310651966;0.9997622466826165;0.013944413336331483
a_ws[1];1.0070605903754302;0.502261450248003;0.006287202546242558;6363.696506865776;5889.600301035005;1.0000307210903008;0.014727070729213277
a_ws[2];0.5440374751895577;0.42708854815044983;0.005969365581725;5111.158613674362;5972.1952573484605;1.000007208391656;0.011828407330644823
a_ws[3];-1.0033626079307414;0.5145370659148915;0.006539280888434149;6215.317239369702;5866.22527692988;0.9997800736446834;0.01438368666543746
a_ws[4];-0.6686326810852838;0.457572504191303;0.005853785031663809;6113.76674411597;5887.648781573699;1.000097876842732;0.01414867524957644
a_ws[5];1.6853402096673833;0.5335921087570716;0.0069700452723834095;5825.03442740495;5979.869341005402;0.9996215427494551;0.013480481654010541
a_ws[6];-0.38936243989413016;0.39248675257380083;0.005129459556153714;5858.54904928845;5848.761746427181;0.9998219637447103;0.013558042267784096
a_ws[7];-0.7850654130584759;0.4913705376889668;0.006311964601725512;6049.660881823795;5647.92792245998;1.000194566289287;0.014000319405278162
a_ws[8];0.12630392895398942;0.3360381707207321;0.004295488245609892;6097.920112247235;5788.9834327726385;0.9999518207425484;0.014112002465432998
a_ws[9];0.4097089229245512;0.44182653965889035;0.005667106886333097;6078.210079482362;5732.66634447617;1.0000762790573914;0.014066388874921535
a_ws[10];-0.4971565252595676;0.5725647964423114;0.007316010930532155;6133.336229641569;5749.167188480541;1.0008334773871679;0.014193963581155242
a_ws[11];-0.8252419467801803;0.5748740103113904;0.007478577004841009;5918.168134847909;5970.872323222993;0.9998298860634716;0.01369601466934314
σ_bw;0.023978921477198413;0.013165551249599164;0.00017083280947269842;5716.594583366666;5770.376040892686;0.9996448964463492;0.013229526686045982
b_ws[1];-0.10358155067195045;0.7429638388564125;0.009857051098350188;5654.133413227018;5999.04830562986;1.0000299079880295;0.01308497704112128
b_ws[2];-0.5352073460654938;0.7696274525460205;0.009840903550660536;6103.368039146016;5794.788657600385;1.000959062710206;0.01412461023273921
b_ws[3];-0.028767628630378017;0.9051683594288418;0.011705512925619995;5977.586733033138;5941.830273785773;1.0015408314935543;0.013833523096585148
b_ws[4];0.7310468642023702;0.7852633087290701;0.009969018263187546;6167.074340019615;5784.901775312975;1.0001984181843908;0.014272041399176802
b_ws[5];0.3906508354418785;0.5424713100142073;0.007102186614758346;5843.062083965002;5763.035036336368;1.0004032273546752;0.01352220183550496
b_ws[6];0.3744312112675202;0.7949859041399996;0.010140725265371665;6161.6976184812875;6014.634641867878;0.9997885622062602;0.014259598417601422
b_ws[7];0.046077231419038724;0.8141225988988344;0.010625857523887365;5871.006573953604;5816.480331918967;0.9998509338375927;0.01358687187124754
b_ws[8];1.1616840529363455;0.602625103562385;0.007724117635194888;6087.697230080332;5564.167353438495;0.9999297115034234;0.014088344343370456
b_ws[9];0.6286101268733213;0.8237932731569986;0.010754372123826622;5874.231735996324;5932.402459303297;1.0001340918622772;0.013594335644773674
b_ws[10];0.5326796156974204;0.9409954638975552;0.012101871389990826;6053.287545562997;5849.120218542364;1.0006365896078337;0.0140087123469184
b_ws[11];-0.062002269144528714;0.8759302943601177;0.01131695501433018;6001.654306502712;6053.785018119005;0.9998422467773259;0.013889221047671365
σ_ap;0.2143455025512851;0.03386503506519912;0.00043489840854703406;6090.882889940609;5973.404195820496;1.0004862811634845;0.014095716699677973
a_ps[1];0.19485571684466121;0.1458174188519705;0.001879153550575887;6025.04732322914;5744.9323799489775;0.9997630676114497;0.013943357917889499
a_ps[2];-0.8433784648258882;0.18636304183215904;0.002449609836145682;5862.744378672844;5756.356913239627;0.9997622332002137;0.013567751233714455
a_ps[3];-2.0091743416015904;0.3262484815192872;0.004184361287039938;6068.129932372038;5966.911664061171;1.000192797355277;0.014043061074908688
a_ps[4];0.4036839623026574;0.15708567802662307;0.002026113363676061;6014.579439945982;6097.9216193386155;1.00040722615816;0.013919132806379247
a_ps[5];-0.5705203389644796;0.16590240474241774;0.002156557636355934;5901.875883772939;5852.82824433657;0.9999487468568569;0.013658310618928367
a_ps[6];-0.42033593885221504;0.15679567355952026;0.0020610976553900547;5836.732192813281;5675.825730874162;0.9997110581231244;0.013507552998213766
a_ps[7];0.49030707233739546;0.1599349454951698;0.0020280300883952743;6225.404132836564;5634.945125332831;1.0001498968439975;0.014407030078085161
a_ps[8];0.40200962076791835;0.15731825545586153;0.0020362554616411856;5954.684021902711;6028.636233042198;1.00022453856898;0.013780520907315965
a_ps[9];-0.24543434147033608;0.14934952650299269;0.0020171335900974943;5496.299396836346;5718.539100781959;1.000566190461314;0.012719712493958573
a_ps[10];1.3429184881691754;0.24653880525330302;0.0031120758385496583;6250.128975907554;5999.226468168683;1.0008509793203684;0.014464249103581165
a_ps[11];2.2682484797250475;0.36465284960490846;0.004686784593316285;6048.186644075251;6071.217919238515;1.0005178715929017;0.01399690767695783
a_ps[12];0.8061619358801847;0.18762976476308849;0.002382028661233249;6194.984404574629;5180.350092513607;1.0003736865812713;0.014336631766475922
a_ps[13];-0.4437755197216774;0.1570058047983261;0.00202355135498825;5988.614042884916;5694.871396206298;0.999740979530998;0.013859042851017947
a_ps[14];-0.35343877794594286;0.1513671174334526;0.0020082968718244465;5696.339018602232;5682.4552821046145;1.0006562248089663;0.013182650607869698
a_ps[15];-1.1383127381971068;0.22034820699781346;0.002847018106620643;5987.261577236463;5847.593824190883;1.0002043856095146;0.013855912931600498
a_ps[16];0.9824285985285348;0.20580756993438104;0.002641730864836333;6078.201906860468;5837.463551678903;1.0001948146005795;0.014066369961577608
a_ps[17];0.5439020809222102;0.16420701693667364;0.0021346876720221143;5866.717163718126;5478.187084765093;1.000073905991759;0.013576945180391629
a_ps[18];0.03182911219501692;0.14398557840648973;0.0018995579282527933;5767.698772015815;5862.644618001277;1.0005039728357994;0.013347793639849182
a_ps[19];1.0645915454702715;0.21494060987328908;0.0027630089415308203;6043.679752121087;5922.44156574756;1.000148031157877;0.013986477682927429
a_ps[20];-0.49258681734905263;0.16174457490937244;0.0021643458919136066;5617.075946951998;5810.882564822087;1.0004459381016089;0.012999217463132472
a_ps[21];-1.0066531678797332;0.2035991846323492;0.00269471629773117;5708.61200697112;5930.426874231842;0.9999694440240778;0.013211053151512756
a_ps[22];-0.9839276905494977;0.2013371894979791;0.002610781036789751;5957.812241624397;5800.299606743512;0.9999954448514583;0.01378776033381094
a_ps[23];-1.251716429050316;0.2337436028122762;0.0030479276472479815;5887.5368257831105;5720.203644642692;1.0001755851324228;0.013625126710648224
σ_bp;0.04113037434027357;0.009495027649973464;0.0001284843383274462;5463.8473239486575;5768.52615075589;1.0006923043394165;0.012644610865178672
b_ps[1];0.38152679088813873;0.5337717180492739;0.006788185642310266;6174.752958598358;5842.454477199477;1.0000825576814087;0.014289811504773414
b_ps[2];1.4306979402533058;0.536181083563907;0.007043420232132511;5790.709346834125;5811.057807222919;1.0007471557785073;0.013401045450727261
b_ps[3];-0.543471199800736;0.5332988986636967;0.007008064132726356;5786.5917176082185;5874.474701056532;1.000370968561743;0.013391516300997826
b_ps[4];0.5139861647130713;0.5261041619677047;0.0067736310160423086;6042.495141672284;5749.100409226676;0.9998579044041904;0.013983736219401117
b_ps[5];-0.26273925612734883;0.5425380629781774;0.00712194946795564;5797.034393735789;6037.535328409966;1.0003067844234252;0.013415683077299474
b_ps[6];1.6847202374393737;0.5480668997505975;0.0071096154263355265;5941.787145881633;5863.40287186081;1.0000927195751619;0.013750674542841575
b_ps[7];-0.056090839114962834;0.5372679990143211;0.006992102491230511;5906.748088996872;5852.196771555553;0.9999334176695734;0.013669586032654129
b_ps[8];0.8417793006044811;0.5304243590457013;0.006867287406936567;5971.360589118413;5730.935155300488;1.0000195969014554;0.01381911435448007
b_ps[9];1.3754353986411938;0.5416627198101538;0.0069767999924299825;6028.261948343378;5970.067013786163;0.9998233360617255;0.01395079730651751
b_ps[10];-0.6306791812498563;0.5461445808137078;0.006982777878737771;6089.733346415366;5804.691211857627;1.0004907518710562;0.014093056389151804
b_ps[11];-0.9544994448347581;0.5631400972995388;0.007509907556893462;5613.543286022722;5678.125330082304;0.9999520167702822;0.012991042065812433
b_ps[12];-0.771244791508581;0.5524282994558947;0.0071593079187096354;5968.33069106419;5913.441057028857;1.0001738200417958;0.013812102467144037
b_ps[13];-0.4617943233628401;0.5567303767281085;0.007267240419136944;5865.909491229854;6033.318288865138;1.001049755803832;0.013575076038793191
b_ps[14];1.199346758436116;0.5326802891292383;0.0069724760285195175;5858.35193273084;5845.320423378619;0.9998936226017225;0.013557586094319085
b_ps[15];0.9829822518368271;0.5310275099373863;0.00704922395015676;5670.097693660131;6108.400165008813;1.0003354548767671;0.013121922091348895
b_ps[16];0.6749201137027779;0.5306792409310159;0.006850612410222511;6006.056879222491;5517.072994928796;1.0000766917701331;0.013899409622780934
b_ps[17];0.6831273185476557;0.5268840208268758;0.0068418118701043685;5944.500118099693;6055.892650360097;1.0002624173049413;0.013756952990234323
b_ps[18];-0.5529534215604546;0.5396512862162524;0.0069605846187140935;5972.374109184225;5710.324080501217;1.0006342899044132;0.013821459875150105
b_ps[19];0.7285726425454022;0.5300743973159957;0.006855347655224391;5977.607247332697;5695.166501983821;1.0004411660722787;0.01383357057143569
b_ps[20];-0.7369028665592722;0.5536543453154974;0.0071115552766198645;6063.480143721878;5891.910779586212;1.0005444278728353;0.014032300384757466
b_ps[21];0.3782908942553315;0.5345132365005419;0.006960539852980909;5918.327965639976;5927.603943111647;1.000848529311336;0.013696384554892669
b_ps[22];0.2716861041422266;0.539762335117761;0.006965223902754471;6011.274123165917;5567.313526796682;0.999942474125158;0.013911483536187002
b_ps[23];0.1619119315929723;0.5298937686137641;0.007072937178182173;5603.636047541534;5756.403643537331;1.0002886287584718;0.012968114416499456
σ;0.9750812852237839;0.0035223747125341723;4.7074924689039765e-5;5590.388311223595;5519.974932988823;1.0001850112478161;0.012937456079863546
