parameters,mean,std,mcse,ess_bulk,ess_tail,rhat,ess_per_sec
σ_aw,0.05545561558492623,0.017434663723461346,0.0009883701277525355,312.746743542416,595.2995910865724,1.0167289627147995,0.003178047136131723
a_ws[1],-1.1736281981776053,0.6031052823442975,0.027518946336840384,504.67359118253773,631.9817564696509,1.0019261705155578,0.005128355432169197
a_ws[2],-0.11258873123890335,0.45999461264271535,0.014427169505772207,1014.6248605594179,727.5876291816803,1.0013596548869086,0.010310341191167617
a_ws[3],0.5438932868688902,0.5923324056275624,0.02312062513230096,653.7365668403734,807.1242835496508,1.0090190673524368,0.0066430927481419474
a_ws[4],-0.9911648754757874,0.5987860709442497,0.02380541110143688,628.3074871436579,641.4879380483527,1.0036518320433305,0.006384689373612001
a_ws[5],1.8283223821181582,0.6027310152426608,0.02946176733822225,423.66914373348817,572.6383447712861,1.0080074102538605,0.0043052103234033565
a_ws[6],-0.3896789935993379,0.49846352593880655,0.01877860119541582,703.3732783918656,670.1039459019796,1.0029930069233952,0.007147487477265072
a_ws[7],0.6404257317005465,0.6028142211128182,0.02602414372558099,548.2472449542532,694.7211896768979,1.0055258598216477,0.005571139021253042
a_ws[8],-0.18118222470253875,0.4017456363190357,0.015263945781330076,684.776919909085,821.4454175753173,0.99911979514743,0.0069585163527402715
a_ws[9],0.05340332628706785,0.4981918266474584,0.01807734672012938,775.9385453985261,712.1916585328047,1.0102176098126783,0.007884875935354241
a_ws[10],-0.34894160876932084,0.6439861525680018,0.02310424986408523,777.4135643613412,741.8724545039255,1.0098716982153553,0.007899864675884096
a_ws[11],0.18482366016856341,0.6404107852496421,0.02605635592279944,606.1260640737994,630.4426524583914,1.0019859977388357,0.006159287800236612
σ_bw,0.03856942639348362,0.014820137709858983,0.0007219682946457301,404.3827536025852,607.9100388620902,1.0095433296706853,0.004109227285410436
b_ws[1],-0.27861224997001155,0.6101552084183085,0.022904396765471007,711.3776549978013,686.7741061563804,1.0064417411554647,0.007228825769906842
b_ws[2],0.0061231700801916405,0.6095738981894294,0.021789106646010734,793.5987254859215,682.2086138293445,1.0036060491855667,0.008064333870278209
b_ws[3],-0.7881546402801949,0.8414128368367589,0.03111418392740674,736.2443038476459,576.0989076521796,1.0049264000644045,0.007481513875520079
b_ws[4],0.9592346382479672,0.6623011030406254,0.023477327211787826,795.4407227408311,681.4039781193896,1.0033268984458408,0.008083051744154118
b_ws[5],-0.8716316071907091,0.5430460374259951,0.023888751801521245,522.1750193379414,692.4463325232803,1.0030834140330573,0.005306200173244662
b_ws[6],-0.8652667583441803,0.6755580454822682,0.024444484801224856,754.4733157456318,743.6624422532997,1.0037468992461667,0.0076667521242088236
b_ws[7],0.38871810751621394,0.6791056290107501,0.027132209686776883,628.8429083625782,611.2309640385836,0.9995012410364259,0.006390130178053769
b_ws[8],0.6151184989591305,0.4924869377931544,0.01834140712830961,724.3491787417655,688.3628445602858,1.0010179092567926,0.007360638857451202
b_ws[9],1.1118638597236614,0.7020840728263175,0.02420796752641912,847.5025082258275,633.0822491349301,1.001777942405311,0.00861208941338266
b_ws[10],-0.06953789415998518,0.8456463024179427,0.03575213617779254,561.4134814658208,631.7889095966967,1.004800343496586,0.0057049307268525135
b_ws[11],-0.12788718207001254,0.74768408599528,0.02878110047797854,671.8389919657209,588.3636707352478,1.0076773711720528,0.006827044656561569
σ_bp,0.05588409392107181,0.010102829770847529,0.00047056895288231573,473.0934770254903,715.3692791312263,0.9987750508504558,0.004807446922559389
b_ps[1],-1.250130882794272,0.44882968146031665,0.013294147920894898,1210.7436897054029,749.8284744107066,1.0023657489161597,0.012303247260305865
b_ps[2],-0.5564370529831946,0.44516249946604797,0.012149895735057148,1343.5866676787598,759.2278524897957,1.003789189058414,0.013653161382261154
b_ps[3],0.2001041431803544,0.44875773912583944,0.01165740725485597,1454.608846321007,751.1974707661426,1.0034007065369877,0.014781338490948603
b_ps[4],0.12444505328633998,0.45669511454525225,0.01331184316587299,1210.3216178089726,657.7956925177424,0.9986766619427041,0.01229895828077406
b_ps[5],-0.5637893079572452,0.4475284238320657,0.013035644276234987,1188.4583467352775,871.1814185282932,1.0019650314619466,0.012076789681238171
b_ps[6],-1.24578031077661,0.4707107380243934,0.014275627887099199,1103.214473425543,556.5376638734481,1.0039459095362486,0.011210564682773767
b_ps[7],-0.46513170724419256,0.43007326408575897,0.01331355385589328,1038.7660653242635,764.6762890700765,1.0028675862882914,0.010555657531784546
b_ps[8],1.0531180382977268,0.4339409569654463,0.013288715910188072,1081.87658507175,807.2906286837232,0.9979715817970426,0.010993734879189662
b_ps[9],-0.3448177522617171,0.4370788475809877,0.013501859480538657,1033.5648156831678,897.6433321196649,1.0051891538853404,0.010502803851074844
b_ps[10],0.7876817991289881,0.4422693629509936,0.011748544205731527,1425.6815668731354,874.2517081957592,1.0049375528461342,0.014487387364346634
b_ps[11],1.2841319055398237,0.4559032648211204,0.015589385692025389,846.2036183809372,718.6708312280837,1.0069562334224031,0.008598890448926795
b_ps[12],1.3751703128985768,0.4390081109629709,0.012700477880931184,1192.5551354269155,777.2889522006188,1.0004557463348134,0.01211842013091552
b_ps[13],0.8006041390671371,0.4612323213518639,0.013682417172504348,1136.0332824263298,634.488843417187,1.0010183987874888,0.01154406047165017
b_ps[14],1.45265163881755,0.4722157555042385,0.014054931254669356,1130.836382945073,866.1690716929253,1.000550421681698,0.01149125099607866
b_ps[15],0.405593858881472,0.44784723020716244,0.013624647845150283,1148.8884583255349,672.633118150726,1.0051773587844186,0.01167469126411883
b_ps[16],-1.1921817437767246,0.4725838179446233,0.015611092342159582,934.4922088855317,817.0964184801174,1.005004661996045,0.009496055033370114
b_ps[17],-0.9206281357011418,0.46078743138904393,0.012970394706386966,1284.1790091279513,726.334250823032,1.0006927010976496,0.01304947695382175
b_ps[18],-0.26475052405614385,0.42776190792841406,0.013688065027979696,982.8083072554653,666.68007753637,0.9997209520409603,0.009987030051413109
b_ps[19],1.1148694928822511,0.43341525821246996,0.013840139662546417,976.8651603747115,692.0524608470719,1.0039553917384392,0.009926637413235479
b_ps[20],0.05405020683649992,0.44420939333933807,0.012899858732401334,1194.1569563679197,780.3440071509897,0.9999810157623471,0.012134697398574628
b_ps[21],-0.8384549904500675,0.45710700734639753,0.015190755928831071,909.9787442187355,842.8664274708095,1.0003899227352615,0.009246955889127826
b_ps[22],-0.7387492202936861,0.468665009946175,0.013763835917971971,1163.5155528261612,679.8898202542339,1.0013181484340958,0.011823327810293894
b_ps[23],-0.12669303644105967,0.4606509185885492,0.012577876735204184,1319.2159510922872,806.0440532572079,0.9996471365550305,0.013405512805090237
a_e,-0.006390232488754436,0.019670701328146214,0.0008022716557652419,588.7418732784322,616.8283685997723,1.0067416191056944,0.005982634393248566
b_e,-0.030894277739963557,0.01886358581987472,0.0008455164705146172,492.00014957216285,646.4385007050722,1.002917679395152,0.004999571373992994
σ,0.9926224217863702,0.0034656715847313168,0.00011733895449257675,876.5531313925891,699.5800327664058,0.9992843160806686,0.008907293925225794
