parameters,mean,std,mcse,ess_bulk,ess_tail,rhat,ess_per_sec
σ_aw,0.02968615354216247,0.010598032575323995,0.00044583831152659504,541.2809192717391,617.8703977989641,1.00994179179716,0.005220501475455989
a_ws[1],0.18750000668596753,0.729039606435037,0.02241633003668972,1065.1339925008817,621.2822136970307,1.0017741556129898,0.010272916301743177
a_ws[2],-0.9391823466180876,0.6507711881830556,0.02076446513889202,1023.7419222466589,628.8829524966332,1.0017011820480874,0.009873701483446828
a_ws[3],0.12534640593393936,0.7391369349845912,0.023037061304989045,1064.1570067821124,581.4979403073577,1.0074532207986586,0.010263493550626812
a_ws[4],0.7299303660106413,0.6308567826433072,0.019204848491691885,1146.0328789523348,704.2560101064585,1.0026630704488277,0.011053163195815816
a_ws[5],1.5183259133476734,0.6305028678988135,0.020954734013100162,937.0635690498469,818.6827847647313,1.0048874797941405,0.009037713266158714
a_ws[6],-1.055820438672568,0.6306870660002684,0.017858723280555964,1259.0493455261535,685.831020521668,1.0032610603020906,0.01214317507226115
a_ws[7],0.03606860486041865,0.7061387466229945,0.02097470548743717,1130.1897280360263,671.3214532426146,1.007631737539986,0.010900360483232226
a_ws[8],-0.0476610469486327,0.4971615807552763,0.014932088416130968,1112.7886377823104,911.3774913065395,1.0031383662809774,0.010732531886084761
a_ws[9],-0.32257926777357376,0.6816806539426171,0.019345460672811256,1237.247033927043,758.9772411651153,1.0016683452518733,0.011932897939225232
a_ws[10],-0.07843158417646146,0.7853599096316826,0.024768908716944284,990.8741726775859,698.124733079057,1.0062471188549067,0.00955670132879308
a_ws[11],-0.1878657887284005,0.8057365923068373,0.02631036253381823,937.0436796000157,742.3690808456621,0.9985694948198106,0.009037521438036768
σ_bw,0.01300307108116504,0.010254679737560618,0.0006935737226131771,169.29773370061315,211.5994217943437,1.0178583082042307,0.001632828790204782
b_ws[1],-0.08729201765510552,0.8797976087599658,0.031743934339138816,782.8570081683795,728.6499409106895,1.0083857260725828,0.007550434572334034
b_ws[2],-0.13363935565310225,0.8847575018267162,0.03157735677156872,775.8680567638519,743.8949745541363,1.000162116176359,0.0074830281114369535
b_ws[3],-0.20416896026834408,0.9486405338284202,0.03727180743314955,648.3981603288053,649.3056634575413,1.0055705401608048,0.006253616989185101
b_ws[4],-0.11943911769799052,0.8505016831223942,0.028926266193956957,864.284588655802,717.222640542997,1.0046720890746668,0.008335780570950312
b_ws[5],0.6816228942982044,0.8065527531424531,0.03274315250040806,620.1315744474628,610.6403041021315,0.9999820443411143,0.005980993757798721
b_ws[6],-0.2143894401385744,0.8835024307610962,0.03378029223874176,683.7884624858291,670.6811386912777,1.0043226157692358,0.00659494645056008
b_ws[7],-0.2501725873896345,0.8798647770443909,0.033071088368498376,705.7757244744117,633.1362217059262,1.0021235929948495,0.0068070073778269576
b_ws[8],-0.1799850460426021,0.7670880140309217,0.02630423042336173,868.8774919187064,701.5538733517824,1.0001177104442318,0.008380077824755007
b_ws[9],0.2914503514051655,0.9092537356417799,0.03509695974597686,674.6606753040685,635.537430411104,1.006230535622705,0.006506911523125095
b_ws[10],0.38092672341399386,1.0450522450591246,0.04800677732120897,484.07839533457525,654.1150144689444,1.0156224315298157,0.004668799300150136
b_ws[11],-0.24022252539107677,0.878297458613991,0.03464767002008035,647.9363839778713,819.8419707905034,1.0077336985366043,0.0062491632867996095
σ_bp,0.048648173219500344,0.00990004338438168,0.0004937437116447693,393.94148972591717,696.3819103352466,1.006490098564887,0.0037994543223959843
b_ps[1],0.8547667795299403,0.5136396098312606,0.013469704556193157,1524.841869185015,551.1251590361353,1.005300709103253,0.01470666883774091
b_ps[2],1.045100049573652,0.5466162506069763,0.011473476343701118,2289.5999368942003,603.7076389065361,0.9993854820975833,0.02208254424494025
b_ps[3],-2.2806018367040526,0.5436092331451576,0.019161118177731865,794.2061395628252,760.8039520711162,1.0036498876827136,0.0076598937368461744
b_ps[4],0.7671144390078805,0.4923021009922818,0.012476598519591035,1546.6233241417283,701.1575201055983,1.0077370537032426,0.014916744814355955
b_ps[5],0.30046998733641933,0.4736281463156266,0.012906426015451585,1350.1257191146778,817.4739133358145,0.9998463986781234,0.013021580953144186
b_ps[6],-1.6421378381616578,0.5455030875915478,0.016435212211769336,1100.0166088873732,785.2271256429465,0.9995296681112937,0.010609349277356754
b_ps[7],0.13987889241780924,0.48659319818704255,0.011263502661152155,1887.26622883572,740.7432513248582,1.0019961029979305,0.018202149348754155
b_ps[8],-0.03546284076989475,0.4674382506566148,0.011122904817856289,1819.1585255648342,580.6962294600198,1.0050973354822184,0.01754526980108054
b_ps[9],0.40875907247250554,0.44905956482427,0.011854767902893113,1450.200064694725,693.7465516958188,1.0021974093341939,0.013986769730644116
b_ps[10],0.06951699362974399,0.5022986817358138,0.012371978543786166,1676.8459569281704,707.5599312647981,1.0059267101686507,0.016172705300666928
b_ps[11],-0.288541615210976,0.4709645396449476,0.012600724254517399,1410.700066189837,729.5108439695751,1.0024135569547614,0.013605803409583474
b_ps[12],1.1462460201944449,0.5368296891335328,0.01315667803246063,1666.965430825418,662.5977894563296,1.0037857200260651,0.01607741041909767
b_ps[13],0.046042825948613655,0.48260709720734685,0.012993297540433399,1359.2848041430573,752.0216042507412,1.0055134073753393,0.013109917739463597
b_ps[14],0.08417850549634856,0.5108744786332443,0.01304499100504705,1522.8151555341888,629.8713690324875,1.0052297142802473,0.014687121757421323
b_ps[15],-0.9269932958163145,0.5156368841891574,0.01400145507876656,1370.219231573368,632.0239813868249,1.0018578328770678,0.013215377201456097
b_ps[16],0.29150087345267484,0.49352226661671145,0.010930024686209473,2042.8338116662749,746.3452722372416,1.007654249541563,0.01970255471459029
b_ps[17],-0.9286402849015081,0.5092624919905541,0.014350199818720415,1259.3562246002166,711.3777609032164,1.005744439256076,0.012146134834192326
b_ps[18],-0.15424229467016562,0.46962719525992713,0.012205799652072247,1448.8054725171555,778.699466452128,1.0021817182480335,0.013973319283267446
b_ps[19],0.17808432827879586,0.4920830110400967,0.01074937679960407,2026.9244848958183,758.785014838782,1.0035470852276325,0.019549113754597787
b_ps[20],-0.359827620364329,0.4870166178142034,0.011941154011529825,1674.5834160847642,804.3111972924025,1.0135465880012917,0.016150883733730536
b_ps[21],0.7794189404137019,0.4831984075079264,0.012219602274331106,1554.8140449221096,700.3331889614358,1.0060618130115524,0.014995742001207764
b_ps[22],1.1821836050694845,0.5046282139317378,0.01445260997565374,1242.5005194530977,723.5467342361783,1.0015230092129108,0.011983566322247036
b_ps[23],-0.5531731904051848,0.507527167183577,0.012770083298319473,1595.3480120673285,700.4603706913421,1.0045114454553432,0.015386680657557234
a_e,-0.007058507005813826,0.011844389502584743,0.00043130295697774027,757.4847085803375,786.2756528892088,1.0090322523279538,0.007305725914187916
b_e,0.03421759392345757,0.01352994112537011,0.0005211473962378071,683.9546235447192,497.6060456744592,1.004667886044917,0.006596549027008306
σ,0.9959264004595886,0.0035371156077533246,0.00010903852534408484,1062.6909919522361,871.4917354890111,1.0066123354798189,0.010249354251955974
