parameters,mean,std,mcse,ess_bulk,ess_tail,rhat,ess_per_sec
σ_aw,0.029285051183130222,0.01116153076577696,0.00045927037808745925,541.1836027414289,497.68828727899836,1.0012704781687134,0.005207804005088415
a_ws[1],0.035629863982523706,0.6893076960921558,0.021320511522419327,1033.4747988579165,667.898604463485,1.0002716547077068,0.009945116905586885
a_ws[2],-0.46865388958522963,0.6830128653196846,0.01964227689710735,1193.3570392640158,835.6190217064528,1.0030312259215577,0.011483661990307821
a_ws[3],-0.37367105711982274,0.7236647399031993,0.02466932647384042,864.2218334049463,640.9279183366875,1.0036218985020333,0.008316397434239176
a_ws[4],-0.32979109572358417,0.6432519773738387,0.0189028831301959,1154.3762712752884,793.7712800651814,0.9989198608364741,0.011108550478013702
a_ws[5],1.6240987914328844,0.6230124939308609,0.020120301515907,987.9969656116333,742.5027034164764,0.9996714024559541,0.00950748420399911
a_ws[6],-0.14173322549072395,0.6181533122169697,0.01857942286987177,1117.9477758645664,825.5699064763864,1.0018943348655447,0.010757999457365086
a_ws[7],0.7134764909509554,0.7144991208758412,0.02284133540946356,973.0113509506725,735.9211235053588,1.004636913379055,0.009363277794834583
a_ws[8],0.1640444186243084,0.5515898749462631,0.016331038879329702,1111.2505284804286,830.7969658850519,0.9982702764974329,0.010693551917614246
a_ws[9],-1.1542697191316085,0.6922977318757773,0.024944749899813844,775.3293057117373,728.2905839613436,1.0011892882179907,0.007460985593603066
a_ws[10],0.11024328093982828,0.7783310620040494,0.026186546393500012,875.0296300417561,711.3397538628602,1.010625256092777,0.00842040074536361
a_ws[11],-0.057325941592547815,0.7817926550002923,0.026329139947308792,888.434666618398,605.8962435668841,1.0020957842466292,0.008549397268574137
σ_bw,0.011513248268038458,0.009593800322303597,0.000513340741874407,324.56095073039035,414.2816886864254,1.006049042372767,0.003123246548023392
b_ws[1],-0.16164219078233855,0.9208873326473183,0.03486167851159265,703.146197696322,691.6237670394969,1.000928391490157,0.006766368319320982
b_ws[2],0.21460103280486084,0.9163823932503009,0.03529199414322674,686.1109989186366,677.291382459766,1.0048185742721594,0.006602438784182618
b_ws[3],0.3824360564748049,0.9862143275767681,0.04356985745077644,510.7084152192896,554.8114863995138,1.0029799609772203,0.004914541602403523
b_ws[4],0.050928472433683446,0.8862012969555553,0.03684736811024421,584.5120105402717,721.5550214891028,1.0067035572768954,0.005624752808647654
b_ws[5],-0.254038021802259,0.8319968820119649,0.03003796463098805,771.1113011444829,685.019027614299,1.001072809378046,0.0074203957808896825
b_ws[6],-0.2605644483616298,0.937436870455398,0.040277818153555835,534.8489008995642,729.2290437837885,1.0083125801436044,0.005146845237202637
b_ws[7],0.290244182834913,0.9172964954350027,0.03566183049113575,661.112964621857,696.6833518713019,1.0079972445637144,0.006361882968243924
b_ws[8],-0.44139672519618633,0.883982627067884,0.03701354990619219,594.3218230924577,513.4571402905051,1.0050171188231318,0.0057191525296289465
b_ws[9],-0.12047456297230792,0.8988197954033563,0.0333756496402295,724.8859837108593,592.3194073853715,1.0030003931246565,0.0069755700469837575
b_ws[10],0.473733811787939,0.9932861305505092,0.04353017482952825,526.9154944873891,554.5708453352524,1.0044216523197247,0.005070502152382567
b_ws[11],0.015311114410671985,0.9881807127070159,0.037146336582858513,709.4827211983659,607.0813897447972,1.0073124269414508,0.006827344617023127
σ_bp,0.049862657723157296,0.00968372431790459,0.0004973642056436452,335.50648768382183,653.543228459503,1.0159616460625303,0.003228575332737438
b_ps[1],-0.14602668821154818,0.47668659002556496,0.012127066106487425,1546.561339016791,662.9997992358216,1.0028482259661904,0.01488254317877909
b_ps[2],1.4379867423798054,0.5344874380078782,0.014006048389516048,1483.3418942923688,754.4449783308182,1.001174792202645,0.01427418314021263
b_ps[3],-0.6275503438770661,0.46581097783728237,0.010963710118322824,1782.7747235079953,728.5274705944316,1.0058266832289826,0.017155622044393828
b_ps[4],-0.24601244883652806,0.4646611242015713,0.010875950159177309,1847.1963601221457,906.6684038120488,1.004601245783346,0.01777555076262186
b_ps[5],0.655997661316582,0.4915738070329255,0.012768675052437383,1529.061963918376,692.9086598328397,1.0067466792536508,0.01471414687988455
b_ps[6],0.6840547084571587,0.49689694665484796,0.011151938426768905,2044.4782145546499,748.2743133195409,1.0033947019816587,0.019673991932015064
b_ps[7],-0.4675019380427844,0.4715908087283907,0.011543613310098368,1689.2686758602176,458.22434120176024,1.0079681365359643,0.016255814350714038
b_ps[8],0.6527286182604173,0.49329807240623025,0.011290805609207479,1904.1337367100016,871.6070020145993,1.0023851927542153,0.01832345852688414
b_ps[9],-0.9414335357341649,0.5158008036990458,0.01259350088108655,1682.4013891552033,799.8081470168348,0.9987231048235576,0.016189730524402042
b_ps[10],-1.3804250385382542,0.479272118762576,0.013215615417860076,1476.8770345581745,700.7411082568339,1.0094145140243365,0.014211971864324883
b_ps[11],-1.8270922567594625,0.5208696397152724,0.014815814317015254,1293.8403995806689,665.5749066427678,1.00291593470998,0.012450612288969832
b_ps[12],-0.0013225893534140063,0.47477838413266493,0.01145451208995938,1692.1609486851771,806.6312350811922,1.000913214915309,0.01628364666108954
b_ps[13],0.14571793276239986,0.4879330698300279,0.011437150394907602,1824.2968659912822,810.7767482112988,0.998563647722585,0.017555189176193326
b_ps[14],1.1813975606803513,0.5009192920753169,0.012937332003733313,1588.1658710333688,702.3985943192113,1.001118901217412,0.015282903144173838
b_ps[15],0.5828713695183576,0.5116659912177659,0.011932427779602071,1819.0533853141308,638.7467247931525,1.0046303643031806,0.017504731217872445
b_ps[16],-0.5707663966990515,0.49927905862568167,0.012181010185037054,1667.106489134687,714.377121025155,1.007061958947498,0.01604254786553954
b_ps[17],0.6011270443786471,0.4654876130716361,0.010497030226320482,1964.3578179092674,805.3442843848692,1.0006623481971286,0.01890299421437273
b_ps[18],-0.5913302141292454,0.45369217470138395,0.012090395105845681,1417.0842046818518,839.3296396517165,1.006090889254889,0.013636586103691884
b_ps[19],-1.0113872096219345,0.484149845569302,0.012066534564876424,1613.3703652292222,904.2757192644614,0.999907878244784,0.015525445721507075
b_ps[20],-0.36779690564810685,0.4851786637177763,0.011836464278041893,1632.5645142434944,660.2448812955971,1.0017588513179378,0.01571015081161778
b_ps[21],1.3460424801559738,0.5217439913610636,0.015104802187009022,1273.4969716461708,590.4589964817205,1.0020173131550858,0.012254847700135595
b_ps[22],0.26830207631338027,0.49886051400100295,0.012497013438237524,1605.62780781331,803.4820915410329,1.0094469612484738,0.015450939174531225
b_ps[23],0.6120634030319461,0.4827523047362564,0.011092930784440654,1950.348369336228,761.9656964437024,0.9993850033211799,0.018768181441003076
a_e,-0.00758632248931414,0.012125649945796195,0.00048471948129296294,635.2466141713422,747.2852339468101,1.0046924411729725,0.006112971355270364
b_e,0.026583486284898202,0.013820015200724376,0.0005405208558586951,656.970636509248,680.2557379974065,1.0057663206583682,0.006322021389241978
σ,1.0007199223148209,0.0037075512884502085,0.0001247288982739929,885.2042908718968,865.1972383552893,1.0039487612732074,0.008518311397410728
