parameters;mean;std;mcse;ess_bulk;ess_tail;rhat;ess_per_sec
σ_aw;0.05475831064976359;0.016748186554404;0.00043038418015725177;1494.7049714767363;2153.8796375028846;1.001159044609766;0.030138418933694233
a_ws[1];-1.2863278961466513;0.559730276919925;0.01190829055382763;2221.243156768965;2634.278325412429;1.0013415236532304;0.04478794015528331
a_ws[2];-0.18954613341744958;0.46494421620605336;0.010526473292808177;1967.815602335679;2781.3066726640814;1.001492373676297;0.03967796464131557
a_ws[3];0.5777999031617648;0.5768285553040352;0.012098108445873812;2275.0984559454596;3120.157428524077;1.0008792727441416;0.04587384914692668
a_ws[4];-0.9663592777269037;0.5476249645485608;0.012336758409442636;1965.4922987451664;2585.670709309398;1.001271313103099;0.03963111881002631
a_ws[5];1.7587553569287853;0.5846665078891741;0.016436179819987743;1202.0552278699838;1398.4782030822798;1.0011795040685567;0.024237588507643973
a_ws[6];-0.46585749393809467;0.45835031010723337;0.011764884190518734;1518.9838201004407;2336.0734960251975;1.0013538037688436;0.03062796444602769
a_ws[7];0.6588100735394321;0.5764924213006389;0.01216067462453228;2240.2469389763637;2706.9848974051133;1.0018209686689932;0.04517112209447591
a_ws[8];-0.2594370121645983;0.36328086192932474;0.010729739103168774;1126.7833773992074;2257.324979421155;1.0019174166418987;0.022719847811858807
a_ws[9];0.017542505534081525;0.4686455400715506;0.010464424630174923;1997.176250572022;2298.892766097224;1.002189597329413;0.040269976799967515
a_ws[10];-0.27158999898256003;0.6447728083277133;0.011988335869546804;2895.2660286622004;2840.6684930596766;1.0002004565268352;0.058378571130398266
a_ws[11];0.2291808070028301;0.655478377901926;0.011842554250626056;3060.5965661626437;2822.9173957177777;1.002447737495033;0.06171220626027832
σ_bw;0.04064869340614544;0.015115845311932613;0.00042428455351234575;1207.7557835599687;2120.7428602815808;1.0029648265198612;0.024352531415320178
b_ws[1];-0.6185950525905064;0.5592172934796216;0.009903784891774212;3186.5263785474863;2549.8364341189176;1.000375928675897;0.06425138657634176
b_ws[2];-0.3136508938200774;0.5875652764899085;0.011540007619236554;2626.2183692788717;2458.6264590704354;1.000360088799775;0.05295364030701749
b_ws[3];-0.90130780319782;0.7684013691662287;0.014232867379644581;2917.8406986178115;2643.439232700688;1.0017868916576054;0.058833754509991835
b_ws[4];0.6786161777938776;0.6089602279530552;0.011734302278648924;2713.6128424542558;2938.198563000584;1.0008756268086019;0.05471581498048965
b_ws[5];-1.2427571172784537;0.4538545951956646;0.011124550358005475;1742.0258865239437;2276.567726842169;1.0037851201182981;0.03512526348897331
b_ws[6];-1.1894377995349659;0.6044860312316257;0.009987718290284948;3637.680144850655;2745.170697156558;1.000310191192648;0.07334820599678249
b_ws[7];0.09949328849061963;0.6516058857272882;0.01202716119518922;2931.6306173270877;2804.802591012898;1.0005733785867816;0.05911180693843271
b_ws[8];0.18573702467675396;0.3999548899139692;0.011511947792379674;1254.1311506635252;1847.865724066909;1.0017651203083744;0.02528761912068184
b_ws[9];0.8455878901274803;0.6477090958120603;0.01160359466624674;3085.9261655759037;2730.3040458770647;1.0015421533767348;0.062222938540632794
b_ws[10];-0.16040241075988235;0.8086099523836418;0.013549586561129522;3567.024550266537;2657.9927950136926;1.0010592948674188;0.07192354497656687
b_ws[11];-0.3319184191341285;0.7423808965730644;0.012602792618572773;3476.09049151031;3149.499368900766;1.0008462775566243;0.07009000002258932
σ_ap;0.2042728140091113;0.03395543033109858;0.0016277999848198792;432.3806781760346;858.1304014911844;1.002194403964296;0.00871828907134064
a_ps[1];-0.29733047266715584;0.14971174572072174;0.004234180461324975;1261.6546113103927;1829.8233216814249;1.0017939088547168;0.025439318093478082
a_ps[2];-0.6462722995962306;0.17085951570591001;0.00628154523976254;753.3339895412794;1186.312680852359;1.0008310708270862;0.015189817259626127
a_ps[3];-0.4587302081567611;0.15804684065497723;0.004871841741970461;1067.994854386376;1908.9932035256568;1.0006053004850484;0.02153446797512531
a_ps[4];-0.18274689732837357;0.1443827801428328;0.0036620025317447374;1568.5197584556056;2217.849750578213;1.000270548641722;0.03162678019288817
a_ps[5];-0.3631754505636162;0.15068846441761952;0.004493149596390788;1139.453194951557;2043.3720107809709;1.000986260225658;0.022975315129150808
a_ps[6];1.064895219604241;0.22567177561844357;0.008404632220575862;701.7288468935575;1221.1150918874528;1.000398272749881;0.014149279201661756
a_ps[7];-1.363354348954053;0.25412465148419683;0.011034944957033003;531.8329554215647;1083.7446750176148;1.0011909405907595;0.010723590754772114
a_ps[8];0.5075172857494905;0.16478748498727203;0.004850039536953996;1161.214788645278;1765.949016710022;0.9999992303352532;0.023414104080764605
a_ps[9];1.0110165950540186;0.21653319820736502;0.0082968494288848;679.1984076582604;1383.7207690076025;1.0027540653117706;0.013694987666280927
a_ps[10];0.31976597490307285;0.15189470295015278;0.003676387625432152;1733.8706895069852;2098.159249645884;1.0017082195166211;0.03496082652724897
a_ps[11];1.9467124055661356;0.3397494722270218;0.014641169195159046;525.2585414789752;1171.640313160865;1.0014059531856865;0.010591027844079764
a_ps[12];2.2072991472165766;0.37568119775444225;0.01658795428719618;503.68922596610946;1173.7895235091676;1.001859093636291;0.010156115885235118
a_ps[13];0.1480135747170172;0.14634331147729512;0.0034772692556522085;1799.4918926144162;2188.364035878587;1.0021239697720101;0.03628397681304139
a_ps[14];1.3859494425161905;0.26491582682595194;0.010576737360093473;613.4277216885409;1338.7528413053035;1.0006382337846642;0.012368823289271158
a_ps[15];-0.5663735084568708;0.16934572814404047;0.005985173762275683;816.3872269795302;1287.9512729122796;0.9998587660436525;0.016461188480906146
a_ps[16];-0.3220771422572308;0.14896445505688363;0.004306511722899008;1214.8550413298615;1897.3848907157171;1.0006510681348315;0.024495676991785294
a_ps[17];-0.9205309607436657;0.19994973722793494;0.00807640208253181;620.3019466963574;1062.2468787044638;1.0011199291327244;0.01250743142738778
a_ps[18];-0.005179118660366295;0.14452035375957528;0.003440986832244483;1768.0343676558086;2206.779066035412;0.999783041664019;0.03564968437144807
a_ps[19];0.2283309720571528;0.14673476030080157;0.0036476808109483457;1649.2979151470279;2192.3635518819424;1.0005266141311242;0.033255547055590466
a_ps[20];-0.33209541935208786;0.15382091041477272;0.00432979599171831;1279.0067668555585;2046.4483139806996;0.9998366999558355;0.02578919753002411
a_ps[21];-1.4352006837812263;0.26754163095366096;0.011772184830094767;519.260499576274;1017.5829132029173;1.0021122284666006;0.010470086586042157
a_ps[22];-1.2894162325520182;0.24518738791815947;0.010772518512083343;522.6151883424463;1222.8079876934924;1.0018672826998758;0.010537728707635672
a_ps[23];-0.7676652083737117;0.18415850108645196;0.0068923409008722954;726.547889081222;1399.8918001136853;1.0017736559669923;0.01464971688351803
σ_bp;0.06126517913026202;0.011102917975476183;0.0003460210065553863;1026.676353052456;1706.5376584341293;1.000269401424482;0.02070134416361903
b_ps[1];-1.4299680032732398;0.424206610278823;0.00824908027103395;2705.4973951444017;2801.8814062485976;1.0008109840218056;0.05455217951026233
b_ps[2];-0.7836095566186599;0.39903553623147686;0.007337419989045387;3003.714068394201;2876.7149775088465;1.000704846762761;0.06056525848098077
b_ps[3];-0.07679321182395252;0.38506664073892455;0.006894874473874256;3112.704976365854;2658.3436224234115;1.000384089107741;0.06276289193179352
b_ps[4];-0.12050979658045168;0.39953608187476675;0.007601346378805296;2769.046772026507;2423.0671956106225;1.0008388363906624;0.055833554617723075
b_ps[5];-0.7724454159409604;0.3858317980146693;0.00700920715495952;3014.5108363448;2851.296922745155;1.0000741490960028;0.06078295864377847
b_ps[6];-1.3569608148484582;0.4325061867561903;0.008751181645890593;2497.239421433734;2685.650768020895;1.000078056090251;0.050352978880205373
b_ps[7];-0.7504580870681697;0.39980926977618764;0.007458165693170722;2895.1745147305382;2733.1418962416906;1.0011835392093145;0.05837672589320208
b_ps[8];0.8126914184814886;0.4169686466212436;0.00862086375982606;2394.4939462636676;2646.404534512279;1.0028150413601582;0.048281274943101596
b_ps[9];-0.476507418818166;0.4024673176472818;0.00734926444296284;2977.7760825370187;2695.256912157136;1.0013452212122134;0.060042259026922846
b_ps[10];0.526745625268294;0.4026653281542284;0.007984703768283327;2522.0944456559655;2663.265302825183;1.0005004177213082;0.050854142084256704
b_ps[11];1.1347556709225195;0.4338526574761931;0.009353059275275187;2165.2174310583705;2681.7228885998325;1.0001211138288855;0.0436582678622542
b_ps[12];1.2281982322867635;0.43886236792973965;0.00907118833021944;2381.0684656135118;2423.359793074932;1.0003740258788663;0.04801057084567638
b_ps[13];0.5178793563930169;0.39866307110925814;0.007628215170254554;2729.0734719146562;3006.7377079133603;1.0001711692945179;0.05502755471277662
b_ps[14];1.250770028147668;0.44823627797960847;0.009504299705944488;2214.411060635661;2443.6305578483993;1.00162748680833;0.044650181480902676
b_ps[15];0.09919227163243917;0.4013511129971945;0.007468100677867432;2885.0674991118467;2721.8109820984214;1.000783894733407;0.05817293352166499
b_ps[16];-1.3544294483967232;0.41506426347546405;0.007828046097369753;2837.1023963605426;3150.5204040721305;1.0016142843159124;0.05720579125044589
b_ps[17];-1.1455819760642294;0.41036804554156825;0.007753413648394081;2803.3090600392397;2373.915904663985;1.0016530038997722;0.0565244007776408
b_ps[18];-0.4776367795153739;0.38673904143026283;0.007005899928125463;3053.4712015356763;2459.6361135711604;1.0006698787672734;0.06156853427933167
b_ps[19];0.8543886881415803;0.4156984892236712;0.008648686011770611;2334.512414102359;2463.7877372804082;1.0017372096045638;0.04707183991809037
b_ps[20];-0.17672551182026544;0.40282041414085296;0.008186230529481834;2442.994226652724;2182.801153655125;1.000252631183724;0.04925920824543274
b_ps[21];-1.0792599424421518;0.39657254023018157;0.007800321233616898;2596.1779333318545;2704.2835241383;1.0048021006617882;0.05234792127831344
b_ps[22];-1.0081290319030858;0.40342318107467023;0.00759098808411625;2868.0832475223838;2855.5186905807345;1.0018686119735187;0.05783047230059019
b_ps[23];-0.40503100832179745;0.3871853776315058;0.006710932671801442;3329.1121380843356;2940.3774486988837;1.0011284441327302;0.06712640836117928
σ;0.9731564017335468;0.003481626821325683;4.1123787985393243e-5;7165.599092930733;2697.0351149723797;1.000691006471383;0.14448324685792818
