parameters;mean;std;mcse;ess_bulk;ess_tail;rhat;ess_per_sec
σ_aw;0.06487909058679939;0.01931295177439178;0.0005516311747093657;1226.5985417638724;1970.4987310164665;1.0004046256940105;0.021926430709149847
a_ws[1];1.0158546358319132;0.49354581133944553;0.01213245103432268;1656.6134553640895;2463.4297484328067;1.0015293505652045;0.029613291475670555
a_ws[2];0.5587411770599361;0.425679188371768;0.01147367399548812;1371.0529410543534;2122.0783421700385;1.0022024042125897;0.02450866871843352
a_ws[3];-0.9904560997056113;0.5094770793134639;0.01266189451872122;1622.5467085155142;2549.5885495128296;1.0016730939452851;0.029004321108571235
a_ws[4];-0.6686497133396304;0.4494891195209948;0.012934577140356509;1223.7506094102935;1934.1940022614554;1.00294204178902;0.021875521638831455
a_ws[5];1.700573628833647;0.5356083351822327;0.015134638192319593;1226.4115771297638;1790.170785451597;1.0006243386322553;0.021923088566667803
a_ws[6];-0.39250407493671546;0.395051285128027;0.011961491274730209;1088.1162430582767;1913.6293949433107;1.0030985901873644;0.01945094877791781
a_ws[7];-0.7844620510499628;0.49404599351394607;0.012299221319620836;1618.137607526995;2440.7308264127714;1.0022409279022935;0.02892550489933672
a_ws[8];0.13150604046433;0.33719728605848504;0.010658975700932844;1000.7493389420905;1890.776775062202;1.0037646606226507;0.017889195437968648
a_ws[9];0.4157125805901653;0.4349820149922845;0.011049688405007089;1544.2803212446934;2594.457528355914;1.0018241006998754;0.02760524679132857
a_ws[10];-0.484299907358469;0.5586528311966176;0.01201012354851949;2165.5697754992034;2589.3092784031173;1.0026292758723199;0.03871129306906781
a_ws[11];-0.8368035852636274;0.5935439542835821;0.013000774338720891;2094.170679370179;2160.4813741437715;1.0006698941489454;0.03743497707759621
σ_bw;0.02415639987287441;0.013014193184681855;0.00038457229876125653;1033.7849275907006;983.3449408089688;1.0010739839215763;0.018479733026899817
b_ws[1];-0.10337406344010071;0.7424066118031986;0.011809439256905823;3905.284914273452;2932.822612400232;1.0007789225562698;0.069810093650665
b_ws[2];-0.531895499544914;0.7474977134649154;0.01179877127247593;4081.91402707457;2954.993357965037;1.0001469962551397;0.07296748041674014
b_ws[3];-0.011691162824986211;0.8621628427066219;0.013592520328553055;3970.5868328581482;2920.876773363889;1.0005352547620885;0.07097741771332275
b_ws[4];0.7242105947597786;0.7744158207283725;0.014107845278299384;3154.383396490147;2111.814595994411;0.9998646375625961;0.0563871279952561
b_ws[5];0.4042132576538722;0.5391858692728771;0.010890440473964858;2528.6081208835794;2102.0900843566137;1.0005554542841741;0.045200894070376765
b_ws[6];0.3781756003541512;0.791521469652467;0.013154826697013712;3651.346376226793;2460.421777296593;1.0008955635403431;0.06527073902950586
b_ws[7];0.05223723584619428;0.8414851085404497;0.012580957405905034;4435.427902839697;2683.5791793122257;1.0007168323985824;0.07928682390017568
b_ws[8];1.1688014090509065;0.610077049083758;0.012706532382555428;2459.167496962673;1900.7420468077357;1.0038541285157652;0.04395958733719544
b_ws[9];0.6128628847317641;0.8272015564127028;0.014582807621422542;3336.117157774466;2294.7225456386636;1.0009801949410326;0.05963576443875262
b_ws[10];0.5568284144168634;0.9461996310914625;0.015768172868629308;3625.340358312287;2521.546442523492;1.0012812951703058;0.0648058606439476
b_ws[11];-0.08593839194875523;0.9017989519635751;0.01302949115912241;4777.821934570615;2861.2635415772315;1.0005726225030662;0.08540739127112537
σ_ap;0.21383390928331902;0.032907921889768973;0.0013355867632415311;591.7978482863384;1057.6810287296423;1.005481164237722;0.010578860215840966
a_ps[1];0.19388598724576203;0.14674963236719465;0.00396176305770695;1372.0033717796966;2105.3509899231267;1.0025925499304116;0.024525658428378158
a_ps[2];-0.8472055923837379;0.1839606733320464;0.006232745883516748;885.733586574407;1182.177369531202;1.001655569996795;0.015833196805258527
a_ps[3];-2.0137329249827642;0.3225717842879376;0.01318860625999137;602.8434401922412;1094.036113279366;1.0057575421005314;0.010776309012101599
a_ps[4];0.3969748652882033;0.15231741720497374;0.004212611184524418;1312.6032219443039;2109.148023039432;1.0038331452965725;0.023463833205917082
a_ps[5];-0.5704418572292472;0.1622415746567649;0.00555540293387354;866.3064666426473;1609.659815738448;1.0066752599722755;0.015485921486922079
a_ps[6];-0.42432519250721745;0.15505119953813531;0.004467666713897544;1212.2307340417285;1846.7530958852017;1.0025319031149795;0.02166959464605707
a_ps[7];0.4873538940426249;0.15774053055588133;0.004457721242188079;1268.1531295545683;1883.1831211779381;1.0043617349278309;0.02266925222639194
a_ps[8];0.4028042642952245;0.15410297805397669;0.004139368278515996;1411.9763844022698;1715.8421624823166;1.002350483055946;0.025240208023590012
a_ps[9];-0.24829914559486294;0.14803672110605784;0.004037311524001778;1349.0965972618017;1920.4819589088954;1.0025585176973442;0.02411618149918299
a_ps[10];1.3390787439429086;0.2427283025952348;0.008476202209691315;826.2508424935122;1423.7864920380086;1.002500842158221;0.014769895144550287
a_ps[11];2.272026246334481;0.35770037811589045;0.013660831031930026;687.6944383958253;1467.3262959466917;1.004879378332173;0.012293088520120317
a_ps[12];0.8060964589643984;0.1870856354394253;0.006065483989114203;967.3280829212795;1860.5348238789795;1.0033314209301576;0.017291763736069447
a_ps[13];-0.4463360770667707;0.16053157572739346;0.004861553497299968;1115.8842010082876;1675.4273578870727;1.0029012027758868;0.01994732325187565
a_ps[14];-0.3584226868421729;0.15307209221114096;0.0046402832491957095;1104.2891495303807;1760.2373701278088;1.0027280529170146;0.019740052425975475
a_ps[15];-1.1407883543813757;0.2177250178335496;0.008243874874436247;712.7377194703834;1246.071955333725;1.005430914856761;0.012740757214085525
a_ps[16];0.978984216183409;0.2021136674593853;0.006590271414840814;956.7554459042086;1767.3533942972838;1.0042812022752772;0.017102769387001955
a_ps[17];0.5388761167721147;0.16332339852713293;0.004728881339036427;1219.977170568504;1630.1556100485243;1.0018006747671175;0.02180806839925665
a_ps[18];0.02820788874369177;0.14104595856125565;0.0035540496167009972;1580.6565600918252;1838.7434667503126;1.0008254321692762;0.028255501176430112
a_ps[19];1.0608094642561792;0.21335978206083653;0.007109126490957332;908.1383536792138;1796.6442851178879;1.0028055226759536;0.0162336999501357
a_ps[20];-0.4952554838994132;0.16204236650714346;0.005080447893576412;1035.3960374481749;1518.4023372947981;1.0039720200963143;0.01850853290514192
a_ps[21];-1.0102967664904159;0.2007988593394996;0.007406710114657588;739.8175454385911;1239.6276854406565;1.0048586538361837;0.013224830778084631
a_ps[22];-0.9887479686134917;0.19929997545281158;0.006996272903180414;815.6961554961697;1502.1134338334791;1.0046943049327544;0.014581221666452718
a_ps[23];-1.2565777023696532;0.22874672082921124;0.008758654531402616;695.3182172447446;1332.9700118423725;1.0046418923411289;0.012429369669152444
σ_bp;0.041087724630219515;0.009471050421747734;0.0003052386564642673;1027.4086281686768;1426.7592606378623;1.0024976063191873;0.018365751571111727
b_ps[1];0.37591117207444597;0.5223636115042529;0.008359756343071756;3914.834689747092;2846.474986154491;1.000061546363075;0.06998080353094056
b_ps[2];1.4312824240654018;0.5614903305525354;0.00972266530333619;3342.0499431717694;2633.9293361483283;1.0011981496240858;0.05974181772635817
b_ps[3];-0.5634457228493546;0.5572182826951555;0.00950921746748012;3508.9438183155034;2832.7441949752656;1.0019258625030238;0.06272517932717853
b_ps[4];0.5077052746964458;0.5279629880810924;0.00845016757651707;3932.1652576840024;2628.9730654841132;0.9994924639750221;0.07029060130427922
b_ps[5];-0.28632823720628575;0.5476477701557564;0.009718748311048962;3232.540567018586;2561.7464266782467;1.0004586601741408;0.05778424997581111
b_ps[6];1.6850311046808184;0.5578967326230846;0.008899066191801754;3917.8691496697797;3021.2896353038127;1.000330683185497;0.07003504693085431
b_ps[7];-0.06678793794163985;0.5373305281165082;0.008448096957190471;4091.714211441978;2917.1520478517696;1.0011316744923537;0.07314266655642025
b_ps[8];0.8279355070564397;0.5401098762152526;0.00839649400676224;4129.408925098417;2779.2995100423886;0.9995723483213699;0.07381648973405147
b_ps[9];1.3669441273708436;0.5664842713572602;0.008329402415904668;4624.744134866556;2692.5310534815717;1.0012242937154634;0.0826710030772396
b_ps[10];-0.6357646442228758;0.5647025177593699;0.010172518805470362;3159.2746134668982;2088.3952982202904;1.0019603984999077;0.05647456241366812
b_ps[11];-0.9620414420899838;0.5497079890349208;0.01022617865376644;2950.6810034736413;2951.185492487799;1.0004411700626372;0.052745784675752756
b_ps[12];-0.7766485876889739;0.5396844641065613;0.01024238485434151;2844.0713955526244;2526.9966292297727;1.001830377553947;0.050840052603343525
b_ps[13];-0.4827737231222541;0.5375797480819402;0.009266449690030593;3419.813841108212;2771.4309951274317;1.000381697075762;0.06113190964455404
b_ps[14];1.191150120169478;0.5514432995699429;0.008697552838180795;4053.1487725868055;2236.666489320971;1.0004761381193534;0.07245327846892921
b_ps[15];0.988711723253196;0.5404457903563478;0.007797278012894291;4782.322128759301;2918.012860608088;1.000393695232406;0.0854878358442243
b_ps[16];0.6642027451998663;0.5379117069544441;0.008622493290594432;3908.678691805285;2466.9101313081255;1.0023557710673123;0.06987076014044168
b_ps[17];0.6856759856465053;0.5203616455688497;0.008562440966323505;3685.244647363981;2788.9483047637286;1.0002140763306255;0.06587669775841541
b_ps[18];-0.5504644579988065;0.5524344421644479;0.009810029255918408;3250.0398075224807;2653.663942608685;1.0010515066061252;0.0580970629062909
b_ps[19];0.7186442561460955;0.5381543706790614;0.008086004930527238;4446.558766162741;2336.9565298520265;1.0012811406772821;0.07948579699126936
b_ps[20];-0.7402429409964749;0.5493827976164966;0.009627653341345388;3265.1706763300267;3146.519276588744;1.000181169348446;0.05836753929704285
b_ps[21];0.36403829157226064;0.5301714831617322;0.008722101141947046;3719.1663574060713;2812.662580222443;1.0032191401592017;0.06648307547651068
b_ps[22];0.2576998333675729;0.5515576862045507;0.008586627993447055;4160.036209552629;2445.196086511995;1.0010479395593777;0.07436397695789002
b_ps[23];0.15218026648987393;0.5320255731418414;0.00895951838927798;3572.9127785074493;2539.6025765867453;1.000637850690549;0.06386867569165984
σ;0.9750920660042895;0.003566476982732446;4.519689322324984e-5;6217.276312605498;2325.084517118018;1.0018210985855094;0.11113879042441097
