parameters;mean;std;mcse;ess_bulk;ess_tail;rhat;ess_per_sec
σ_aw;0.030200668765111262;0.010669885360013799;0.00030499540107279684;1294.195780718989;1808.180209682197;1.002585769830174;0.04112499505777089
a_ws[1];0.09917108597903498;0.6908045932209487;0.012986537624915178;2842.9269288286914;2523.7925510056134;0.9995150193004261;0.09033822984087579
a_ws[2];-0.42120675063022217;0.6331797026032798;0.011292224628106619;3155.8219572559947;2616.783378601269;1.0006483913202422;0.10028093456096476
a_ws[3];-0.4854644551082746;0.6884221813912071;0.012205911287941544;3163.118899228944;2894.51803189496;1.003942192269827;0.10051280574077008
a_ws[4];-0.4118117672698094;0.6265671162838077;0.012562109834976274;2450.1399725436027;1964.361745239121;1.0024879463744576;0.07785684033502593
a_ws[5];1.6636117125592695;0.6068609062316092;0.01501274146400918;1586.6564583650256;2216.9419192455966;1.001474526901247;0.05041836790133228
a_ws[6];-0.20913830363332558;0.5780995174829426;0.011892206160703741;2366.0838856227087;2603.9270010443483;1.000971699811074;0.07518583320403614
a_ws[7];0.5919736892842045;0.7154587508515214;0.012104691825067584;3450.6849527484887;3083.650241828582;1.0003386058582016;0.10965064462570599
a_ws[8];0.21719260350473346;0.48488252204639176;0.010996504360779986;1922.4490688017822;2715.3177496774724;1.0012367273226397;0.06108867733239515
a_ws[9];-1.1555697445688482;0.6726596497497133;0.012367979613249995;2966.0249829217755;2596.7157102858287;1.0025154936601306;0.0942498535237987
a_ws[10];0.018784665281664528;0.8117104205469293;0.013975251779728776;3409.6955770320465;2619.994389240773;0.9998188690855206;0.10834814627199994
a_ws[11];-0.1777910710633188;0.7440072084384567;0.013858313124308413;2906.797696927606;2386.5954601545204;1.0006788040850716;0.09236781845608874
σ_bw;0.011813873248426797;0.01105662547059297;0.00037001371744098486;1049.5093931676597;1024.4337263700074;1.000515618152367;0.03334972130965073
b_ws[1];-0.032368747183077126;0.8899853600611034;0.013049831958107622;4850.120918957886;2170.804974517597;1.0000715122753223;0.15411980304164166
b_ws[2];0.3026608336457484;0.9211732342274116;0.013381207418367973;4751.322603063246;2819.5660489621196;1.000154542674659;0.15098033966723173
b_ws[3];0.419087853121646;0.9945492531923622;0.01595517569554905;3951.596564408068;2933.8212508049482;1.0002643431431317;0.12556785580872803
b_ws[4];0.1999808777368219;0.891589952302579;0.01564030319868424;3232.526255727363;3331.0797794354044;1.0007563819108316;0.10271832768381388
b_ws[5];0.02814811217279787;0.7723726743221028;0.012729018460976708;3639.721119834086;2740.3774117401676;1.0005709137659793;0.11565754988142878
b_ws[6];-0.14533398094009936;0.9009937422374266;0.01346743443621535;4452.204201913936;2833.896550282125;1.0002743865254868;0.14147540776108708
b_ws[7];0.3635227464169231;0.9504653306932639;0.016530620928156686;3299.7356147056653;2585.6442986865222;1.000006039302548;0.10485400498781737
b_ws[8];-0.15954185347901886;0.7924827884119565;0.013171885054107327;3562.583283306493;2774.2287056378614;1.0000263817257429;0.11320638044228715
b_ws[9];-0.009412597027154608;0.914195208371667;0.012522278538572075;5345.968987925336;2901.0717271512376;1.0006739361921007;0.16987611262747807
b_ws[10];0.5438167979911537;1.0277743539946818;0.01940034858609644;2814.3782444321478;2692.6992820398204;0.9998503610496082;0.08943105294986362
b_ws[11];0.06691524158502367;0.9025357881098102;0.012651003169391757;5108.336921878638;3137.041671267775;1.0054805551726602;0.16232500043307024
σ_ap;0.21356717652736143;0.03421575355621771;0.001487065564432252;534.5260524414018;1061.341391606052;1.0058035475943177;0.016985360014610887
a_ps[1];-1.065703821451481;0.19687824439511703;0.007084583746671231;768.6494007623694;1634.1375532523248;1.0032202645539627;0.024424977486752205
a_ps[2];1.0955480799869757;0.20456405831223812;0.0075730793132466525;719.3583438212548;1526.1897686468665;1.004456426416376;0.022858680869736893
a_ps[3];-0.87573146272863;0.17626249491327362;0.006087501671262366;823.7621765124505;1545.821378963104;1.003142498685509;0.026176267874272217
a_ps[4];1.219552686621149;0.21444216257486956;0.008159652291916644;677.9935602388192;1549.02635753932;1.003456616431166;0.021544253372957102
a_ps[5];0.7042720005047985;0.159946792580826;0.005082025518814468;985.509205401597;2184.9295239917474;1.0027853875078618;0.031316020192101474
a_ps[6];-2.8851688627586687;0.439567107431076;0.018327552076942373;573.6661069755268;1051.8139962564817;1.0050145466726326;0.018229093438299333
a_ps[7];0.042956993373975925;0.12300734807604241;0.002313459290090868;2839.1061108016015;2668.4063201201743;0.9999357359152171;0.0902168176675233
a_ps[8];0.3941893633097692;0.13748220952255574;0.0032231398950652627;1821.8361386730148;2414.897329103982;1.000889713270931;0.057891551892846345
a_ps[9];-0.2899719352126696;0.1318903067296852;0.0030210103368376894;1921.9881970411282;2572.7221432955726;1.0020746171538837;0.06107403244700645
a_ps[10];-0.2941437417359099;0.13256663598151827;0.0029620980689455774;2023.8112320782348;2402.6828683758854;1.00114207230033;0.06430961076912237
a_ps[11];0.556859519233399;0.14927639461599299;0.004295170821214244;1221.5228510317718;2073.1912550463994;1.0012874681056372;0.038815704671612945
a_ps[12];-0.2109632758511151;0.1286434775488094;0.002794656762437117;2143.7370675498696;2475.7709696447905;1.0005234336572368;0.06812043248910207
a_ps[13];0.37069764636140756;0.13308452145658992;0.0029839694757458506;2012.1351905317617;2530.433605963117;1.0011440012216768;0.06393858718981023
a_ps[14];-0.14864681330682453;0.12624108773687004;0.002507327908327597;2550.2643608905864;2477.6651228863543;1.0005007974508984;0.08103844163312668
a_ps[15];-1.0758769276998035;0.19750846914045575;0.007318305012151033;716.7919276202321;1103.1156642141448;1.003892335505484;0.02277712917937007
a_ps[16];-0.5072725578076434;0.1442818370317271;0.004171399476898971;1217.53466899297;2256.202152853938;0.9999847781727215;0.03868897425796247
a_ps[17];0.055733148940190304;0.12411991202118285;0.0023125756547057517;2875.089795559528;2489.1891391203;1.0020993498850745;0.09136025274888941
a_ps[18];-0.06542685528898445;0.12410994321244606;0.0021906084724035205;3203.4060438776737;2661.973797126912;1.0010753899715434;0.10179298965826847
a_ps[19];-0.604543866164442;0.1539485084207879;0.004627056895064283;1104.9275817680216;2325.8294728971787;1.0004081533567826;0.035110716644556214
a_ps[20];0.7732635120147371;0.17015994833170384;0.0056833060897109175;886.381204594943;2135.0344952438995;1.0030917992548112;0.028166080589458374
a_ps[21];2.1516218499382243;0.3366064497622476;0.014040489456531038;573.8104485126179;1245.2126361315431;1.0056313970783095;0.018233680105237935
a_ps[22];0.28289371187672585;0.13201262808318814;0.0028119419556323685;2262.6603968850422;2470.3669128784863;1.0033280582861446;0.07189939808613532
a_ps[23];-0.6396735417025802;0.15439384186650437;0.004858465212128801;1011.341329731346;2240.731848363481;1.0023912748566652;0.03213687434818786
σ_bp;0.05512595295614247;0.010290844359306222;0.0002999517092085727;1178.8371301474158;2168.9582378551872;1.0038381994339407;0.03745930242818167
b_ps[1];0.09879571111012263;0.41412430362084507;0.006910855482832581;3590.7443377380678;2582.445459091241;0.9999633612234121;0.11410123981485963
b_ps[2];1.7611632370887869;0.459390626750661;0.008661308605080784;2894.4257764550034;2527.520168256564;1.0019758242823853;0.09197468228931167
b_ps[3];-0.3268651017213838;0.40830773272168613;0.006567593824469773;4019.5680985133463;2124.4817286531834;1.0020902718638438;0.1277277523605432
b_ps[4];0.19071761364526355;0.4016492483749717;0.005777314336100384;4830.382302493597;2987.668612199913;1.0002456098955022;0.15349257915740824
b_ps[5];0.9937115753509542;0.43381859624047636;0.007311496613011487;3496.329843427508;2391.849443381295;1.001457364351639;0.11110107888886231
b_ps[6];0.8507070387613139;0.42677807971011156;0.007931297555549888;2902.2310798149283;1583.2382783581286;1.0018507063429862;0.09222270740798652
b_ps[7];-0.10244372830842528;0.4066073644643177;0.006605869843357227;3820.348136552149;2436.393667439088;0.9999346738580114;0.12139724188204977
b_ps[8];0.9737278810904693;0.4209144203624812;0.007827123294934953;2919.64816573227;2301.111729012019;1.0011777204787273;0.09277616120759134
b_ps[9];-0.5836677547203742;0.43155733473162133;0.007253636886050139;3616.011385493107;2364.4096021146097;1.0028463096683613;0.11490413782266581
b_ps[10];-0.9910543687083445;0.4331009952296458;0.007597586785861592;3314.1992647803895;2944.0790132727484;1.0012607002799776;0.10531360897254827
b_ps[11];-1.336783252702026;0.4595125670002545;0.008568555501076925;3011.7716216768963;1689.8780130181726;1.0022598395631923;0.0957035209833455
b_ps[12];0.3259474641708925;0.41772023931479596;0.0062246419448106945;4453.853230104312;2742.0641458403406;0.9999420450754073;0.14152780808350326
b_ps[13];0.4976862180066961;0.4270760234860835;0.006812659894360188;3893.013699226748;2479.860235930781;1.0013080148649574;0.12370629817042898
b_ps[14];1.4480509750549926;0.4536552806475633;0.007742383919966782;3475.0367723163845;2520.408158429432;1.0018206565671959;0.11042445989716444
b_ps[15];0.7920445799184623;0.4222377532578452;0.007349051395648881;3266.7111211892725;2696.6663097642395;1.0032205657554454;0.10380460260768248
b_ps[16];-0.24596097530549363;0.406832607081137;0.006454919806813259;3976.0574821934856;2412.1838067118674;1.0014332882621164;0.12634513783824833
b_ps[17];0.9040578374407076;0.4202580724822149;0.006893526464093485;3722.446616398246;2837.114809986253;1.0002972088431368;0.11828627552559885
b_ps[18];-0.24821780978059638;0.4060035657563457;0.005610551341933635;5286.344124692487;2917.1866826180094;0.999876729482745;0.1679814439519173
b_ps[19];-0.6677049843559585;0.42632058448608773;0.006905457917978607;3883.8401994759124;2792.6701347465605;1.0022635283114665;0.12341479657728827
b_ps[20];0.020043503746319743;0.4164077680287175;0.006632492057629219;3940.104103737548;2359.7106436444265;1.00005039132234;0.1252026657846853
b_ps[21];1.769647736965815;0.46153898799918047;0.008671509882220804;2897.8103752555326;2265.2968882557775;1.000831512298744;0.09208223294819805
b_ps[22];0.5975019993142247;0.40396532387601436;0.006650337635761049;3715.73498570098;2604.0592873738437;1.004116954849132;0.11807300348178078
b_ps[23];0.8539619441445359;0.4244171243574984;0.007048121616473282;3637.33011872193;2535.484635960778;1.0003391298304942;0.11558157226630633
σ;0.980191145770164;0.0035143161906504455;4.412411344016783e-5;6378.962403393797;2773.511734464386;1.0007283390670711;0.2027010141908641
