parameters;mean;std;mcse;ess_bulk;ess_tail;rhat;ess_per_sec
σ_aw;0.0308792968623397;0.010771831662327655;0.0002673694624621501;1639.8883262751535;2383.004788817779;1.0028674750712885;0.03248547070146164
a_ws[1];0.38256942502342417;0.7139333004734321;0.01279635553611538;3110.4541444116658;2578.2967269261344;1.0016350298674115;0.061616736553054184
a_ws[2];-0.8046184168531413;0.6341231435338901;0.01297632527397738;2354.897664670063;2857.3386049290243;1.0006865905995885;0.046649493056848554
a_ws[3];0.006623022639507243;0.6836227195014253;0.011930416756812631;3293.1116189219692;2930.8725927365895;1.0007125678934328;0.06523510125602472
a_ws[4];0.6123261456551362;0.633003995894881;0.011718113988481785;2917.1018716147096;2812.77670963189;1.0007552194979465;0.05778651257233134
a_ws[5];1.6142004850584386;0.600105706366686;0.013354251014255107;2043.3029098338156;2775.0585069813537;1.002615228659748;0.040476937208515966
a_ws[6];-1.1183649717649442;0.6116330594112981;0.012708099300811489;2332.9550355007955;2650.346402351846;1.001904959886258;0.046214819167431725
a_ws[7];-0.10871327341776477;0.700140415721162;0.012259269544436286;3272.462510532711;2869.7758659768497;1.0005915478414844;0.06482605144766722
a_ws[8];0.1356187112567174;0.48827007998839717;0.012371656195686465;1573.6861050605596;2064.232629613684;1.0047241316466806;0.031174033646157225
a_ws[9];-0.249226749164667;0.6637723131373879;0.012144758276144075;3001.772174314012;2541.4440774874547;1.0012184139175127;0.05946379424666931
a_ws[10];-0.02326904139762255;0.7892046920926072;0.012139883222776855;4203.444050978744;2455.0633727728855;1.0006671824526265;0.08326838869172584
a_ws[11];-0.33181653446309567;0.7893381116132442;0.013520385563630865;3417.971722682088;2873.096622468122;1.0012295081658247;0.06770852531636541
σ_bw;0.02112809984636594;0.012321480201531863;0.0004162120114239694;811.932303614994;1167.6767662692835;1.0045382906741067;0.016084023916778323
b_ws[1];0.2544649061418705;0.7830205463910778;0.01335357330998513;3515.5161514340402;2361.2231469221156;0.9998582247789753;0.06964083779858786
b_ws[2];0.09686909836094533;0.8147590650168959;0.013081113856930397;3885.2113699726433;2824.966770626812;1.000962419027925;0.07696433842840524
b_ws[3];-0.23000163358927414;0.8900101120447803;0.013992380876815395;4062.8762425216846;3148.6488147121954;1.0000352072410197;0.08048380186954104
b_ws[4];0.11175307422322199;0.7776792310161552;0.01371060483323184;3249.2995494818447;3034.5512637230836;1.000470772070964;0.06436720331726668
b_ws[5];1.277203957456975;0.649226875664877;0.013493028550910249;2393.8508224758543;2109.3460273161954;1.0027064418177443;0.04742113808069216
b_ws[6];-0.04260894339651856;0.7987983576711315;0.011794229934605528;4594.019843262115;2421.3269733767897;1.001186235386708;0.09100552435738501
b_ws[7];-0.10774710756107843;0.8247973597406715;0.011829128671294818;4830.506941715247;3181.6458516348953;1.001082488329667;0.09569023037363109
b_ws[8];0.3439227642986926;0.6166882393187091;0.015056194715796547;1767.9176104418939;1671.9299988413316;1.0023523700920047;0.03502167483993168
b_ws[9];0.630590193738096;0.8577914195807492;0.014484969290332156;3612.298348686527;2791.5906260092524;0.9999804631664249;0.07155805080809202
b_ws[10];0.7544254361033191;0.916191517956113;0.0149527301828862;3798.255700533685;2939.445232704178;1.0018223890870588;0.07524178463823251
b_ws[11];-0.23015213543641314;0.8651024728910226;0.012037934251251617;5218.912457220748;2996.5929991742364;1.0005209229963017;0.10338437380527533
σ_ap;0.2394835427905305;0.039439710676288715;0.002356949059290091;267.12979251941704;597.2867192537253;1.0117099567780956;0.005291724387164771
a_ps[1];0.5439470255852259;0.14092004873219913;0.0056240347500186765;630.2757553920072;2077.888621541687;1.0044083014519536;0.01248548712590398
a_ps[2];0.5024639538678634;0.1368358006293248;0.005679569596046154;588.7728459750622;1430.0440671962722;1.0043029057586517;0.011663332637523675
a_ps[3];0.9869872732395196;0.18585527260308826;0.009397039089597539;391.0325090361555;1292.4095495413676;1.005926901970452;0.007746183024832189
a_ps[4];0.48531974665172256;0.13279425954461718;0.0051965090775954225;652.5335042100271;1676.3827075642553;1.003603224567176;0.01292640339777636
a_ps[5];0.5412001063156011;0.13647241480689912;0.005793035355336932;559.991575457421;1443.5595210311058;1.0056736295532687;0.011093188253195154
a_ps[6];0.2762380838267437;0.12195554437969221;0.0035617704055078605;1223.6876735518704;1748.8081538795996;1.0025831880388565;0.024240717754971764
a_ps[7];0.8592460964091178;0.17181148089189668;0.008625071250397595;399.5958298974383;1319.2743963509376;1.0068183072370087;0.007915818666777567
a_ps[8];-1.9523879541346376;0.31684804266566524;0.0183184780967895;299.0654476563142;791.1713188867033;1.0106837234422608;0.005924355751544387
a_ps[9];-0.02004835543341359;0.10974845920577732;0.0019815240790328967;3063.3681223734707;2564.706270697609;1.0013768010666388;0.0606839830448659
a_ps[10];0.09571121127632609;0.11364499826779224;0.002159151371685885;2857.257883354764;2518.41626180192;1.0012421515136853;0.05660102933171775
a_ps[11];-0.5579458401355991;0.1385225378228472;0.005182344905577707;730.1414806788418;1459.5899116853366;1.0054276288218054;0.014463783477494293
a_ps[12];-1.9678399128879256;0.31712916520256074;0.018106886969106516;304.74576488404625;752.4943755832182;1.0097452867236427;0.006036880352104009
a_ps[13];-0.7396021253614206;0.1580859446883776;0.007328500134359782;478.26322783190676;1224.4148892867602;1.0090477102210875;0.009474185422497498
a_ps[14];-2.2472141357673903;0.35727972590313173;0.020740329244709827;297.6879200783001;760.1549712065078;1.011149677587396;0.0058970675325486
a_ps[15];0.30706724488112713;0.11911925982176677;0.0033991013448665384;1252.1156518293521;2590.1580240151866;1.001839786017491;0.024803863574499947
a_ps[16];0.6803468557353167;0.1533059156373109;0.007091423596693924;471.41627687148133;1411.6631615283839;1.0068985952025362;0.009338550317804445
a_ps[17];0.541965201850518;0.1379456804243409;0.005635702998291037;599.0223756063299;1483.6886128113651;1.006883198123248;0.011866371337906766
a_ps[18];0.08455366192272341;0.1101371829583912;0.002218233815140027;2528.2125459629497;2219.3478323234863;1.0019466533088766;0.05008278507323595
a_ps[19];-1.577913241172754;0.2606575013909629;0.014467644857069665;325.7968192717491;825.1826689179577;1.0111955906179537;0.006453892534939594
a_ps[20];0.15644033593720788;0.11454181468596533;0.002531634753541143;2108.524255468231;2053.9187458046235;1.0017554247877147;0.041768943547465416
a_ps[21];1.1076011668971495;0.20043295958832671;0.010822193021260187;344.8083623608639;1061.9371410382087;1.0098323344927382;0.006830502890727558
a_ps[22];0.6805566714993591;0.15090046621056896;0.007126255716460062;451.34942181832173;1256.6750725616128;1.0057585417333026;0.008941034693444476
a_ps[23];0.09396734952433351;0.10882842096690623;0.0023311694551337095;2212.6346513888398;2384.7872838514745;1.0027966431415989;0.04383132496832629
σ_bp;0.05409928525236425;0.0112140517035471;0.0003310211835741183;1135.9760620140346;2220.398348087597;1.0069844578995453;0.022503189082356368
b_ps[1];1.2099315008556133;0.44479097704186193;0.008038195236359218;3112.217824386087;2532.2548099228547;1.0016422766442343;0.06165167428217746
b_ps[2];1.3868127804134367;0.44316722960559596;0.00795945055481344;3141.372993239555;2864.3367896066193;1.0006354113245335;0.06222922542905146
b_ps[3];-1.7112884114656275;0.5118702780973203;0.012813112403991482;1634.6732810725937;2408.884729292186;1.0033803645079864;0.03238216293628024
b_ps[4];1.1219477969378282;0.43093337562038403;0.0077938500672392365;3021.4897026454214;2903.902125189682;1.0015953457702518;0.059854389861414704
b_ps[5];0.6760431391293591;0.4450242495918865;0.007870532837620495;3200.5564871561173;2880.4509515020577;1.0009619625723833;0.06340162456552415
b_ps[6];-1.1993359599893434;0.48334813843564517;0.0108813056481477;2054.7800826519933;2581.046594912831;1.001613856475616;0.040704294983644106
b_ps[7];0.5555650422358592;0.4247346114014984;0.007057890645427854;3643.3620396167194;2718.315937491894;1.0012058445218797;0.07217340894280364
b_ps[8];0.1542081622573105;0.43589499211247756;0.008199059041595812;2852.014455489468;2203.7235049445553;1.0011328902331165;0.05649715931839788
b_ps[9];0.7549109738381918;0.4332428551338855;0.0066937415277606;4193.2917947324195;2799.0100874754526;1.0005678330497298;0.08306727693456564
b_ps[10];0.42838169578788415;0.4280302979646999;0.006801120486370221;3994.8531165190425;2732.936182672928;1.0017597945978918;0.079136293486577
b_ps[11];0.054437468226308364;0.4347522696838075;0.008359016278373696;2736.5986262050324;2404.588345888439;1.0017176618387955;0.05421082220590639
b_ps[12];1.26956843985792;0.4494195720178576;0.008787149443300463;2611.5356313567745;2606.5846480749105;1.000390569710074;0.051733378961823895
b_ps[13];0.32985419194573706;0.4250719216442044;0.008060438570224508;2800.1492064869235;1818.698863040405;1.0007140330947075;0.05546973141376538
b_ps[14];0.26406105912966193;0.4277613375119011;0.006976081437949769;3760.410792337475;2528.5493875789584;1.0011108195357756;0.07449209355457198
b_ps[15];-0.49944335854765337;0.447244384346185;0.009563859250585902;2344.940754282963;2047.911578354213;1.003286776692431;0.0464522510157445
b_ps[16];0.6897292625124022;0.427914867636603;0.007460506171463904;3359.5364909768296;2621.151034357103;1.0028030790881624;0.06655094892712062
b_ps[17];-0.47608417521388646;0.44774308179066563;0.008622970641366957;2698.619806670752;2627.6108312878114;1.0008132360949369;0.053458478397191485
b_ps[18];0.19985069840909728;0.4222249713240019;0.007954571820039858;2830.347775747889;2312.756665102307;1.0011779999026253;0.05606795186648452
b_ps[19];0.37629233155535996;0.422789571843531;0.007678812949571824;3126.2133238312026;2704.5641299343324;1.0008813185649563;0.061928919006645565
b_ps[20];0.02867283060460001;0.4273906028097031;0.007626330655932052;3166.9309497481413;2666.2543962196464;1.000491169377909;0.06273551737225638
b_ps[21];1.1759309675852714;0.4473938409027334;0.0075096176053755246;3564.483497612334;2983.016060025171;1.0002723411965395;0.07061085951538151
b_ps[22];1.5309761560940525;0.46275126729996996;0.007953211133632695;3390.6739229373643;2788.3959538378954;1.0019430301565522;0.0671677678394
b_ps[23];-0.16891743473310916;0.41546161397799136;0.00789489384607679;2826.3676075673843;2382.8831439778874;1.0005449117237095;0.05598910647515939
σ;0.9695812167173474;0.0034279626170744693;4.1784823912590034e-5;6699.215227653962;2853.1304311258627;0.9998381364724507;0.13270852442437792
