parameters;mean;std;mcse;ess_bulk;ess_tail;rhat;ess_per_sec
σ_aw;0.04312239057523475;0.013873796140887119;0.0003629171853651668;1472.171433829186;2174.9918733374416;1.0010986061486693;0.02759744134453598
a_ws[1];0.6366957818129665;0.6057094517747708;0.012486366422622784;2376.558392507225;2837.8490946464144;1.0007852400722705;0.044551150315753796
a_ws[2];0.7419242356291305;0.5365080306316447;0.012864645184928176;1761.6216531055534;2113.0396601715984;1.0011455594094945;0.03302349789276368
a_ws[3];0.3999425633216355;0.6020849037861802;0.01306900590179203;2145.362362381511;2904.6719021082863;1.0007212611462606;0.04021713137348414
a_ws[4];-0.13074442839725714;0.5398729637685338;0.012574081629135443;1841.8167244278407;2536.3388676010277;1.0009667240849405;0.03452684099947044
a_ws[5];-1.7758235801182392;0.6071668298768889;0.015570190126796297;1466.583599740759;1501.8700125301193;1.0005691013796554;0.027492691367763736
a_ws[6];-0.15200596373810663;0.4740294183546358;0.012001050196891431;1554.387920452438;2511.8994577448207;1.0012537775668378;0.029138678061266274
a_ws[7];-0.4432738425711674;0.6071057043990237;0.012755544094732355;2290.34657509965;2376.5561430730263;1.0008147995193122;0.0429350168142886
a_ws[8];0.4684018356571003;0.4173277375371005;0.012117510820050402;1184.8510458869157;2151.3007772321125;1.00153464220971;0.0222113107818055
a_ws[9];1.1121615464023717;0.5638689046349123;0.012087390024110042;2162.418476061904;2865.453131290047;1.002118163655133;0.040536866620374555
a_ws[10];-0.6142466598096157;0.6828978708569607;0.01214111724165243;3154.2500655202844;2692.793276247017;1.0010652182264306;0.059129819509386713
a_ws[11];-0.207602033950823;0.6988681193107671;0.013516236922113244;2714.242426475598;2570.251252980576;1.001645065325411;0.050881401743190315
σ_bw;0.022311403682495946;0.010567757163847448;0.0002646534960958934;1434.8076058571933;1435.0671389389495;1.0018476936840124;0.026897016090268993
b_ws[1];0.11996653284231086;0.7684921951179382;0.011645992626058584;4359.288047363191;2883.7648155259894;1.000425284181922;0.08171955617840176
b_ws[2];0.5718984890687093;0.7701699129688236;0.011981891988157837;4153.539662485736;2823.6037795446655;1.0012523025167461;0.07786258079298791
b_ws[3];0.1506239857562657;0.8963758829560727;0.014224646917968925;3986.468696192741;3134.614697983448;1.0011375648769;0.07473065533465108
b_ws[4];-0.05245302695341098;0.7728964000773292;0.012239644622298719;3999.5738304340566;2858.2244592243806;0.9997625485290598;0.07497632521060857
b_ws[5];-1.2463227974670772;0.6215694457622608;0.012219750323807625;2714.6216745267166;2447.0072607225893;1.0021396768598092;0.05088851115694829
b_ws[6];0.31707185714156055;0.7861495295021595;0.011853983280207812;4396.9641484065905;3008.368982788099;1.0004374553567876;0.08242583532819586
b_ws[7];-0.4113521801998014;0.8225644367267725;0.012811158205813983;4123.15181965152;3041.69980912826;1.002769534052372;0.07729292790411006
b_ws[8];0.10061350511074732;0.5562624662260461;0.010641696511227308;2767.579957536011;2448.881707019327;1.0024081442787325;0.05188127129036216
b_ws[9];0.9657430282327665;0.819809436578812;0.012343104786957118;4478.123776839031;2393.5310660016735;1.0003146062614543;0.08394726009826003
b_ws[10];0.3725155204114049;0.9147154573784056;0.014240982158757482;4128.148585557328;2808.648850826259;1.0008098728360164;0.07738659767029975
b_ws[11];0.19563894044228738;0.8969716202841026;0.013983410738089754;4134.882543295972;2787.1156838461543;1.0013496684498495;0.07751283297105235
σ_ap;0.23700295002608607;0.03923391386418299;0.0022138465869768484;321.8050359998263;545.1876391946355;1.010506757063874;0.006032582484148341
a_ps[1];-0.4239206704084674;0.136061942551619;0.004550871925188764;903.4505037316341;1930.8137631392617;1.0016615851058526;0.016936154113229577
a_ps[2];-0.9321438066103701;0.18697204545523421;0.008513685903740707;478.8194373102737;894.4381497697532;1.008982970411736;0.008975986785331977
a_ps[3];-0.5692261622458236;0.1492751200992814;0.005820333049188057;659.4840036710035;1681.9990637720664;1.003250142114371;0.012362738938379645
a_ps[4];-0.5692648055697741;0.14943453731822273;0.0057436656183921485;675.1432814755009;1458.3201437547184;1.0050315214917556;0.012656288990212502
a_ps[5];-0.549401469323453;0.14570412183887763;0.005537109984729196;693.7179097825723;1412.3969659037562;1.0043599304820945;0.013004490431581075
a_ps[6];-0.6554324124992852;0.16053562744639;0.006558687874413125;595.0202987813124;1680.2068972466152;1.005034311404968;0.01115429726259099
a_ps[7];-0.30160586221667723;0.1281760559331702;0.0037733444346535936;1213.3551840663608;1617.450236541381;1.0011236421732226;0.022745651595251184
a_ps[8];1.3510217817550105;0.23238321403509726;0.01117139790185867;424.1425906037895;759.2590023644697;1.0092270166088677;0.00795101032184935
a_ps[9];0.17649924888130236;0.11869246437325913;0.0027423504436049797;1874.5085291743121;2207.784214969551;1.0013537453564665;0.03513968413934245
a_ps[10];-0.11394921333253319;0.12246572635027743;0.0030885599347199337;1627.6506861797209;1656.0527796582564;1.0006770985117024;0.03051206762272394
a_ps[11];0.9900424307726069;0.1895061516840991;0.008464142222824671;490.4564901230573;928.9905923682832;1.0064274208069497;0.00919413589150552
a_ps[12];1.732899364356712;0.2829859119599886;0.014429519537214682;379.6528569511831;620.4052325270658;1.009574624925278;0.007117002279920253
a_ps[13];-0.3494861123737536;0.130074889378964;0.004311107888630455;934.0604907127488;1477.7397198249148;1.0012202806466506;0.017509971333735663
a_ps[14];1.0218756218946194;0.1901448471344403;0.008639819470559583;476.4937826654448;1037.0038767157062;1.0086472724230475;0.008932389880668929
a_ps[15];-0.4630502372894256;0.1391264303565936;0.004716600760602732;867.707543734137;1622.8913220765266;1.0030654506960688;0.01626611377733927
a_ps[16];-0.059566268968518986;0.11698230019511122;0.0029313873088169006;1621.5542286131615;1927.27931940629;1.0001477706539128;0.03039778295027587
a_ps[17];-1.5170292871604938;0.2609994770242776;0.012878330602039714;407.0554473805656;671.0334668448662;1.0088941752850826;0.007630693392711518
a_ps[18];-0.27238856232857933;0.12507653292673973;0.003972625653322956;1014.3645272281301;1607.8996734111097;1.0028773655891248;0.019015357110511884
a_ps[19];2.8528583060717994;0.44321139740162924;0.02387403812798563;344.7547159227629;543.4314740170668;1.010199896115051;0.006462798986788755
a_ps[20];0.3877087854350921;0.12930515979502782;0.003954423506003001;1113.7518203924692;1798.8050750580755;1.003650281718016;0.020878479115508823
a_ps[21];-0.4504413233965992;0.13767432300463758;0.004765071421903152;838.8065840909327;1687.3295237070506;1.0034624224314361;0.015724334117561772
a_ps[22];-1.070193810897279;0.2035547981037825;0.00948074810047522;455.1020093489626;895.7020517511239;1.0069393698273468;0.008531378017653982
a_ps[23];0.22550718101888179;0.12157163221274576;0.0029983374618148665;1656.8570739852814;2288.024317914953;1.0001745500745385;0.031059572862825787
σ_bp;0.04280147017528694;0.008921300020161612;0.000228992332420272;1530.5971775846954;2048.7983248882774;1.001799498457067;0.02869269492659308
b_ps[1];0.43915565998584527;0.5039174646462129;0.008003080343175118;3988.1101740343497;2596.7872642983393;1.002637987164522;0.07476142660721566
b_ps[2];1.1195349883795682;0.5314724150205117;0.007999164388129552;4433.043908282856;3012.638301094397;0.9996638442014976;0.08310218934107078
b_ps[3];1.1520400461756215;0.5289802020743706;0.00796760197662268;4416.664634155743;2882.6798748072506;1.0015559685248399;0.08279514218161507
b_ps[4];-0.5225971565370452;0.5178322871733184;0.007901941891090825;4312.623165068795;2210.291114800663;1.0031970163706965;0.08084477262916555
b_ps[5];-0.45381139550479976;0.5042473936676036;0.0086130506947812;3481.0654804075734;2593.7640492195223;1.0022444195395388;0.0652563269497482
b_ps[6];-0.9803425354509502;0.5294904577114744;0.008133680946746144;4288.724811740308;2975.372991494203;1.0014865943407418;0.08039677222034193
b_ps[7];0.7206513190311832;0.5126735600301883;0.007177252926908113;5138.020975470661;2860.7187018694635;1.0027904279970692;0.09631774482182999
b_ps[8];-0.857201056310059;0.5241848322186787;0.007745551444135539;4622.1363279383695;2768.9714724510445;1.0008676664013714;0.08664693069402987
b_ps[9];-1.3424015688077438;0.523197998514813;0.00850102716587436;3805.811108494901;2883.0849836246593;0.9999032725401311;0.07134403400416615
b_ps[10];-0.12798234728193902;0.5186850587803263;0.008010978160893047;4243.566193335704;2806.3409153506877;1.0002391537981146;0.07955022521230785
b_ps[11];-0.02684402669326379;0.5112452488369881;0.007439431187833046;4806.689730338297;2795.1921945058953;1.0008649710057524;0.09010658327295465
b_ps[12];-1.6368218211361003;0.5408511124346513;0.009512256425609059;3217.474429642901;2831.8990736077553;1.000287398642792;0.06031502840579976
b_ps[13];0.3434157988769534;0.5299410669103521;0.00751902184026205;4976.2228262389945;2592.16762815152;1.0004506861670834;0.09328466400632933
b_ps[14];-0.845628731311888;0.5375435010005011;0.008251759161016982;4293.3401563974985;2654.9771420923885;1.0010887198758724;0.0804832918338426
b_ps[15];0.906560863788433;0.5041352223958504;0.0073022722890144385;4803.289690120626;3086.562363385487;0.9998861775501344;0.09004284585194508
b_ps[16];0.37055134846324156;0.5192918703095866;0.007780779735472782;4453.312548055785;2731.4564733135157;0.9996352748525053;0.08348214685445085
b_ps[17];1.6094808449149467;0.5350212741153489;0.009185044029719801;3455.9629841496676;2350.9217790390567;1.001177147394588;0.06478575358297863
b_ps[18];0.49393237267453294;0.5014982821897794;0.00801977604074852;3945.2581139651893;2820.1922719680665;1.0003050544602454;0.07395811852292879
b_ps[19];-0.29928652783395554;0.5085397782796428;0.007333724976171823;4824.882534919082;2671.280588743918;1.000755940947834;0.09044762701675622
b_ps[20];0.643909196457408;0.5227905750972122;0.008342945300874248;3977.13149762221;2736.2001289333693;1.0005792984843773;0.07455561947676714
b_ps[21];0.841123871292913;0.5141851985259882;0.007939699503956624;4209.563789670751;2614.647949070302;1.0003173029467527;0.07891281348215629
b_ps[22];0.523665574391775;0.500718758026937;0.0073835614680462765;4648.924214136544;2919.959315290753;1.0001821175325536;0.08714909851301501
b_ps[23];-0.04468842097586513;0.5046464877164363;0.007858531754479174;4131.302885836355;2342.985516514133;1.002897634277881;0.07744572843111548
σ;0.9734109957088313;0.0034816612370904766;4.4352335024829336e-5;6155.351553525409;2729.383204608479;1.0030191161647366;0.11538870375413486
