parameters;mean;std;mcse;ess_bulk;ess_tail;rhat;ess_per_sec
σ_aw;0.05907489262973258;0.01692407278749213;0.0005259897204639975;1075.1180794437432;1481.0277097737965;1.0010579593367404;0.038471092648102924
a_ws[1];-0.34923283395129195;0.5030685162393378;0.011598347262539605;1876.539273781208;2734.221037278327;1.0032982613545876;0.0671484534022462
a_ws[2];-0.5487222800231976;0.45380775493594944;0.011423191199629042;1594.934057382919;2068.728669802847;1.0002981913051723;0.05707173664211797
a_ws[3];-0.16935505699218686;0.5538891954160846;0.012758157790004016;1874.7215173460995;2380.7458285717726;1.0006437476015264;0.06708340838294663
a_ws[4];1.089763583355211;0.5142934679724204;0.013178108528845118;1537.1400546365078;2328.1756252324803;1.0006816239813592;0.05500368618638359
a_ws[5];-2.0255929901741907;0.5564179913543594;0.01589090668080342;1211.3524228521164;1820.6064607735475;1.0026525684339156;0.0433459842040413
a_ws[6];0.35074184410348935;0.42637355486380657;0.011246657547046544;1415.2381141227208;2191.235130327693;1.0036558321487972;0.050641652901708634
a_ws[7];-0.47876535923013147;0.5501045128375046;0.0119044669047748;2137.726832585366;2251.690813324143;1.0000601163537715;0.07649456241613743
a_ws[8];0.8316854877054629;0.40394512618480577;0.013131606912339937;939.3641136639851;1371.607341080934;1.0019807121305015;0.03361339050848064
a_ws[9];0.4363891841034914;0.46093078060800347;0.011870192930286386;1508.7885106078973;2259.3697367473296;1.000802592314235;0.05398917913092995
a_ws[10];0.36269075690337343;0.656346796995318;0.011668317886375363;3159.905853470317;2903.840523986035;1.0003767643582857;0.113071329719463
a_ws[11];0.1983458736331286;0.6307861900727487;0.012334824235812574;2606.42992626349;2910.8275360818475;1.0009684443145002;0.0932662273021683
σ_bw;0.04352348676833535;0.012929477532706147;0.00031325076504277766;1706.2924555631187;2176.121966637725;1.0031234724977371;0.06105648895486053
b_ws[1];-0.2654431183480983;0.5300592465113014;0.009696437528177473;2970.94302659329;2731.6501374442214;1.0001833398185722;0.1063096478550907
b_ws[2];-0.9138367312364926;0.5676229207072732;0.009977426466435329;3283.5168344525396;2576.847381229888;1.0010897070785303;0.11749451782560144
b_ws[3];0.14411127697048684;0.7584883928011881;0.013280705903657788;3262.7691179509548;2980.9870917036424;1.0009663673356455;0.11675209953775903
b_ws[4];-0.45372541047571086;0.5376851332181494;0.009866640592381511;2951.3995795589635;2992.143929236926;1.0002541783185568;0.1056103221011141
b_ws[5];2.0956890501652405;0.5932620357038252;0.013788154626548184;1846.5089226472035;2579.161253722407;1.0018218202146527;0.06607387336976354
b_ws[6];-0.17766361528122523;0.5552844185867426;0.009800901863441685;3216.9674566310587;2480.8410730186993;1.0010110772304421;0.11511317262380888
b_ws[7];-0.4710395149411934;0.637168901270897;0.011682311196528846;2967.3303986614237;2642.331066344273;1.0010197104364735;0.10618037671127191
b_ws[8];0.19412110039996866;0.33580639038873267;0.007444018841945056;2049.4898213422716;2471.1400683908732;1.001508116275879;0.07333716575485061
b_ws[9];0.16456460379985907;0.599329187984707;0.009710360988596027;3800.4150026320426;2942.899812806246;1.0023827861119234;0.1359907534464897
b_ws[10];-0.18525243641718453;0.7804607069410255;0.01287358310197475;3673.5902176600403;3303.3736286558924;1.0005760849842356;0.13145256536648084
b_ws[11];-0.3769051654526969;0.7161723674386948;0.012160681043636445;3467.563489716044;2889.772317968072;1.0008828667142262;0.12408028366992536
σ_ap;0.16220286647379248;0.026070069803413073;0.0010754519665934882;596.3545309700229;1194.5700638967749;1.0026162140192547;0.021339433175501913
a_ps[1];0.0945157682214106;0.18075160143614066;0.0045990675406966455;1537.6848607618292;2201.3399843441907;1.0015127292419912;0.05502318105613161
a_ps[2];-0.294519643336082;0.18226410791144354;0.004520938862626691;1632.616692726328;1904.8985730497686;1.001688996969522;0.05842013937409604
a_ps[3];-1.5479761857445156;0.28104704746568343;0.009842847514201518;813.9211741434898;1681.8134627917943;1.001821031858952;0.029124649187303866
a_ps[4];0.2705002570912898;0.18636446516746508;0.0047891846502342555;1533.246611221846;2090.122455667474;1.0001613710629262;0.0548643665849468
a_ps[5];0.41731418849378915;0.19436615660975887;0.00501155555506434;1529.704095714586;2002.82516251609;1.0016055247856284;0.05473760428330486
a_ps[6];-2.0638722579006115;0.34794893143534;0.012726579393207742;742.4584947044285;1297.4000257071036;1.0017712979938702;0.02656749066290788
a_ps[7];0.2214904096684766;0.18875315091935424;0.004756990423612555;1601.8411559746662;1810.838444635086;1.002445262697299;0.05731889426594862
a_ps[8];-0.06473304189644927;0.18213885423873719;0.004425526860597129;1702.2489779295788;1954.104501205509;1.0006256518936403;0.06091180065909591
a_ps[9];0.5073884781797424;0.19754474278367276;0.005452088501006577;1365.0905528986202;1792.5520047877335;1.0006375381222485;0.048847216075823464
a_ps[10];1.1908795652083886;0.25385661712514485;0.008645196690406495;854.745909972186;1877.4654778595304;1.0034962599272794;0.03058548611715319
a_ps[11];2.125594782505105;0.3654600069648119;0.014151333899390144;658.0750626234225;1332.4588204621948;1.003053118135581;0.02354798713522755
a_ps[12];1.0268683586817688;0.24335113362504152;0.008207728387929457;881.3424841350042;1686.465531946663;1.0021878298754434;0.03153719485343387
a_ps[13];-0.7439648374341404;0.20652394711133282;0.00588696143821734;1261.3027081991352;2223.620646668715;1.002253561576314;0.045133361881085465
a_ps[14];-0.6231058481938416;0.20249296861454344;0.0052896879887287095;1483.5176840603995;2074.5641034561777;1.0038398313596166;0.05308490979717832
a_ps[15];-1.7388469881142268;0.30286622658335594;0.010934863518050042;763.4073755294949;1651.0649233859212;1.0021748221502453;0.027317107240383887
a_ps[16];0.2433960489897467;0.18328383142885293;0.004907967113274315;1416.495484958895;1686.717377992184;1.0022353215895778;0.05068664556889223
a_ps[17];0.03382762686149566;0.18063591201656862;0.004374827829604589;1724.9070678447822;2369.067519859167;1.0011586020404477;0.06172257809184808
a_ps[18];0.5080195369455301;0.19728628148897895;0.00579255510582985;1179.6000060895656;1746.4192390896599;1.0021564206995142;0.0422097832690656
a_ps[19];0.7829879567664377;0.21491411063282406;0.006975269164954399;955.7870286175366;1561.3060010633592;1.0033568183402997;0.03420105384966163
a_ps[20];0.5256907494468772;0.20136543134376778;0.005878717049497649;1189.5238056932512;1802.4870075712454;1.0014629451352755;0.0425648879048021
a_ps[21];-0.44147793730047497;0.1866213882747131;0.00475112414763383;1549.728179179812;2604.694257088866;1.0016194227390327;0.05545412871435399
a_ps[22];-0.5686763290135056;0.19641412332427724;0.0052926702593539265;1388.7483999522724;2190.3650456037835;1.0021444933047394;0.049693767950689714
a_ps[23];-0.9005865336791176;0.22167938440284884;0.006623195037827992;1131.880527791526;2113.535662612028;1.001647365262648;0.040502230856150304
σ_bp;0.05537775460673016;0.01031042133585801;0.0002916602699165776;1273.377329129385;1755.8117593217291;1.0021433291620392;0.04556542964125066
b_ps[1];-0.38199441186224964;0.432025411359531;0.0074670572641223594;3403.4642656944197;2504.888495072997;1.0005639973599076;0.12178661264610323
b_ps[2];-0.645198816926076;0.4445052319486475;0.008023587240903775;3085.7422532178252;2716.3183363232656;1.0011879997744617;0.11041752378783297
b_ps[3];-1.0155965421075186;0.4361243800716257;0.008326046205422452;2757.839573277441;2773.4497031852147;1.0017656689953063;0.0986841387571631
b_ps[4];0.7394212794260322;0.4392120650859447;0.008020879467960219;3009.8138364197002;2644.5229684174487;1.0003065163750176;0.10770056719198094
b_ps[5];0.22195038131841618;0.43127118039758144;0.00711117572616735;3674.724883515717;2535.4392248793883;0.9999038362914662;0.13149316726509364
b_ps[6];-1.5259912355308698;0.4743267527555428;0.009291455484658595;2642.4569485405796;2841.796788997112;1.0006076130575867;0.09455538701248987
b_ps[7];-0.18988370290262718;0.4339436728524801;0.008029669760315076;2926.5973075451006;2824.8513518351597;1.00239944873183;0.1047228191163048
b_ps[8];-0.22534655064032372;0.4369722130803806;0.0074021180312150965;3517.288054321266;3060.209199865168;1.0019380330908223;0.12585958435176658
b_ps[9];0.5353252769688659;0.4413207303751482;0.00786287341028422;3211.1255601169446;2297.4858779221922;1.001264651622726;0.11490413126702005
b_ps[10];0.8598505567060237;0.42491386029426076;0.0077091766810416015;3026.2177375826172;2785.5248103530307;1.00169733413154;0.10828755016017307
b_ps[11];2.085657109995675;0.4874170053869076;0.01010679999888238;2346.3492618573996;2550.7204890840408;1.0004016114172105;0.08395972643714363
b_ps[12];0.771817235216197;0.43471092421658014;0.007939870328504349;3012.3733550963116;2734.5790252002384;1.000947243366593;0.10779215478782289
b_ps[13];-0.39521174710137247;0.4267396167792178;0.007035060158508488;3680.468793044202;2967.684255615254;1.0008162900344324;0.13169870234059622
b_ps[14];0.21183204824894503;0.43544658380377754;0.007341829269776761;3512.1499474080506;2597.4423683594687;1.0008427022704036;0.1256757267914915
b_ps[15];-1.211611218157655;0.45778716154709814;0.008987108586945087;2650.524823414455;2908.52044148507;0.9999906528026893;0.09484408084778168
b_ps[16];-0.864165009061598;0.4524835117017367;0.009036678172005803;2503.395284273224;2666.294778907057;1.0009356015027748;0.08957932505974438
b_ps[17];-0.03543406800348675;0.42412176974435456;0.007046098670143374;3601.431885519943;2897.6620609101687;1.0005870770858674;0.12887051420933673
b_ps[18];0.5708135243132978;0.4452396413824285;0.007471614020951845;3568.881792837808;2959.6876241796895;0.9999419249705083;0.12770576993126947
b_ps[19];0.5849183869937397;0.42501303316389916;0.007292009074430481;3430.194666039299;2996.4445405203237;1.0015679809394555;0.12274311010238338
b_ps[20];0.8273447696423357;0.4442400012585504;0.007762565274308187;3332.9619122253257;2438.270082781349;1.0014626144228922;0.11926381759309646
b_ps[21];0.8327194488786441;0.44054798694289676;0.007745033506533622;3281.881460526158;2730.5034610226376;1.0010689947115379;0.11743599902377024
b_ps[22];-0.9044549886124701;0.43719522127558597;0.008383991642426855;2718.6416760310026;3242.2134612219984;1.0024919636866416;0.0972815152077956
b_ps[23];-1.174419946277811;0.4594394996421844;0.00891689057952179;2668.602438059235;2433.389573425113;1.0003138083264247;0.09549095452719729
σ;0.9870727931026351;0.0035034165994102;3.9569740309321183e-5;7856.658597828444;2724.7742051999976;1.001003012528873;0.2811358553080571
