parameters;mean;std;mcse;ess_bulk;ess_tail;rhat;ess_per_sec
σ_aw;0.05915630485565225;0.017800304203823267;0.0004615958975663195;1428.2515271313248;2435.4712973759206;1.0013855089085033;0.02332905927780341
a_ws[1];0.9484830513218981;0.5215440531348612;0.010423884411389686;2507.9148401393213;2969.1669439040393;0.999647234691662;0.04096427895078558
a_ws[2];0.564074127956964;0.4704126680258696;0.00969349622064405;2373.17023435151;2497.5835985454196;1.0020100996820003;0.03876336066988458
a_ws[3];-0.90620432782555;0.5176941181514818;0.01057209990097267;2414.3041232350006;2177.2313570165793;1.001409633618565;0.03943524157731616
a_ws[4];-0.6568116257454185;0.4658151003372311;0.010288672381895115;2061.774612138441;2898.4662849616616;0.9999734958299237;0.033677024830952765
a_ws[5];1.8011531712940234;0.5705969842216536;0.014017953833179803;1660.2260883657825;2512.3118718008304;1.001193199479769;0.027118131571568588
a_ws[6];-0.34701702533067064;0.4176571845711199;0.008930629625169365;2173.7172644927286;2737.6794209815266;0.9994813938461922;0.03550549602309145
a_ws[7];-0.6860268044118794;0.5106889349742645;0.010537595381349641;2367.7429917009144;2576.8947435464165;0.999954633709263;0.03867471209286183
a_ws[8];0.12944581712486428;0.36602724645202644;0.008913272443546331;1685.0408878990097;2277.4536959878624;1.000320590036458;0.027523456486879695
a_ws[9];0.4548266751724557;0.4702628677783181;0.009175955158823643;2658.9806112723745;2469.7075244379726;1.0000486901181775;0.04343178713310734
a_ws[10];-0.41974446721739694;0.5747031804784842;0.010075950286241765;3270.6978246376134;2784.1293566432514;1.0027350878325318;0.05342357559666569
a_ws[11];-0.7043804542242788;0.5852325741560186;0.010182770332514449;3301.551134467314;2757.3683265836175;1.0001386853451992;0.05392753353422814
σ_bw;0.015360302268380704;0.010708265122210736;0.00026957162679127234;1379.0278763596684;1476.3058458232567;1.0037299866111433;0.022525040206296913
b_ws[1];-0.37322686475031297;0.8622439260438003;0.012362969148618858;4900.325627384982;2702.620657283061;1.0014537193203847;0.08004191479593073
b_ws[2];-0.6915720291766831;0.9389793388676286;0.014571210061627286;4210.193576326942;3068.828903211536;1.0011957244044813;0.06876929843753443
b_ws[3];-0.10237725373712239;0.9318764102984362;0.013084465129089408;5098.332887687416;2949.136046786182;1.0004022761120113;0.08327616522401109
b_ws[4];0.3702125343125576;0.891844800138518;0.014229083988707234;3956.475136445295;2995.989555865277;1.0008593254559466;0.06462506164770286
b_ws[5];-0.21041316807086577;0.7363530561489995;0.011940893190990575;3784.1901374529384;2811.8035371464807;1.0007984436668598;0.06181095861485561
b_ws[6];0.06286244407872744;0.8841525164849591;0.011960094206488253;5505.406641831992;2907.3435354715775;1.0003565440401745;0.08992530759177808
b_ws[7];-0.14656083691001323;0.904085888325004;0.013552783755030147;4450.03922471131;3048.994319225505;1.002337586169544;0.07268693706237844
b_ws[8];0.6230784529548159;0.7694841801517948;0.012877081470956725;3724.9290658079926;2006.7423907594998;1.0010821051149468;0.06084298831900171
b_ws[9];0.2718157140472489;0.8935321858329172;0.013215191706537729;4612.477770342296;3061.6608653697135;1.0008849831756954;0.07534020813406202
b_ws[10];0.3466112016104827;0.9544950398486348;0.013838401345648038;4771.95284382249;2837.4312038110143;0.9997776407913657;0.07794507385405464
b_ws[11];-0.15855642740456388;0.9492680953626443;0.013338494048366368;5090.48007239092;2769.775555961442;1.0014771986589666;0.08314789734537102
σ_ap;0.21960256425381797;0.03633426830138387;0.0013034260866892843;791.4392811603682;1264.533944911296;1.0099816348965225;0.012927368572156735
a_ps[1];0.25474918437654914;0.23775142076138578;0.010788870617620216;488.9063910908367;851.4264784770577;1.0016020008712994;0.00798579659281984
a_ps[2];-0.763825906174843;0.2603701423745852;0.01112737942487948;544.8991208086774;1023.5579173661564;1.0048721309383462;0.008900381794305448
a_ps[3];-1.9050322979007677;0.3772666515471827;0.014958992687257058;609.6661370949296;798.4680764395076;1.0092625971619176;0.009958286185434104
a_ps[4];0.45383087003333683;0.24169076960563093;0.010968401453131944;486.27081412056003;923.7299394119236;1.002715023412721;0.007942747080739644
a_ps[5];-0.49346522363665396;0.2457999076746723;0.01080026908781016;515.1883455914818;1042.8834357716414;1.0032129540968198;0.008415086016170624
a_ps[6];-0.35181435321824706;0.23782901253880767;0.010503905563647555;509.63479407510135;1016.990776946235;1.0038109026819004;0.008324374310237288
a_ps[7];0.5444525704610048;0.24750152320028226;0.011015777668469957;504.68548053201954;782.5085895258268;1.0032408096858565;0.00824353222686637
a_ps[8];0.456517244382194;0.2431897902391109;0.010902243112039637;497.82084794410724;960.0744841998408;1.0030378056856468;0.008131405323781307
a_ps[9];-0.1758250886673824;0.23453426685919304;0.010250793502043687;523.847035639053;1057.6748110207793;1.0020845326485317;0.008556517052336666
a_ps[10];1.371052253681396;0.3139481048714418;0.013801226971387592;512.3760934780805;802.61724699589;1.0040972966941704;0.00836915069244691
a_ps[11];2.2801922343278807;0.4199526452900276;0.016994873629265914;599.4332781571404;1212.587600938915;1.0055674686826246;0.009791142675900763
a_ps[12];0.8521366416720947;0.2681985106969798;0.012016489690743344;500.61778383632526;1006.1857698309109;1.0029362307746519;0.008177090472360721
a_ps[13];-0.3711668661492448;0.24111559895945192;0.01067978997430124;506.9299682608072;1199.2884835934558;1.002828665236884;0.008280193687595461
a_ps[14];-0.2853077317820996;0.23887776354722384;0.010216117796282986;548.5433211753578;951.4497186687929;1.0021138924371675;0.008959906160118826
a_ps[15];-1.0509930520827298;0.283009726788907;0.01138593159768971;611.6480330199851;1018.4391723075687;1.0060199828522187;0.009990658471855476
a_ps[16];1.0224511723714012;0.2802845039703978;0.012289594120312176;521.6253947519288;833.4507925852562;1.0040110791880765;0.008520228771900647
a_ps[17];0.5937441282751104;0.2463787846785008;0.01141646873885763;467.7547541622769;876.1219007098276;1.0025194306308258;0.007640305772501904
a_ps[18];0.09191792897838899;0.23207353708212553;0.010511497772202345;488.3173166607628;812.9370113468793;1.0017818521847828;0.007976174651560072
a_ps[19];1.1013883594478202;0.287901779343199;0.012721381659312902;511.3777796128476;898.73561335602;1.00390187603209;0.008352844234587452
a_ps[20];-0.4196016107611908;0.24266407820604163;0.010664107102201783;515.3357614170363;810.314988374234;1.00295084568418;0.008417493906144847
a_ps[21];-0.921234884762866;0.275775408716646;0.012373668004606793;492.57440079034507;715.8783115832455;1.0057916298408143;0.008045709860256186
a_ps[22];-0.9020975697638668;0.2709560410481513;0.012008156312084269;508.2402306597713;1009.80253980211;1.006307939340052;0.008301595512550136
a_ps[23];-1.1651022455173874;0.2943441809826296;0.012059025394042926;588.33244291891;994.3755147647911;1.0055302509125232;0.009609821642184834
σ_bp;0.03817796289771378;0.008487113833408649;0.00022096831254428382;1527.2237233461965;2519.1444879274472;1.002934611487831;0.024945671049953003
b_ps[1];0.10982187262346318;0.5653313851660864;0.008676479119413494;4257.813505307422;2946.510170034143;1.0001860452494493;0.0695471223186135
b_ps[2];1.1989186277292774;0.5766422608966161;0.00901956653731653;4124.029598317734;2776.3693388089114;1.0031244583338066;0.06736189609109651
b_ps[3];-0.8619818867310746;0.5610610124055299;0.009027639466525985;3896.808205645423;2413.1154091343265;1.00024868830351;0.06365046204874385
b_ps[4];0.2528724901420788;0.5707673569433841;0.008356737497605713;4710.10885076686;2615.1814506046844;1.0019385070161795;0.07693491412198793
b_ps[5];-0.5515003728483376;0.5900182929834278;0.010205929525959629;3412.1876270837315;2440.0483625555958;1.0010254380037598;0.055734669914275115
b_ps[6];1.4718530346785628;0.5837369880980405;0.009530809216926476;3765.0238789086848;3201.80796580054;0.9999353339076407;0.061497896963445604
b_ps[7];-0.33451943532676953;0.5680166265639173;0.008111135209188443;4973.501778489907;2756.6656436588028;1.0007889446335478;0.0812371739883204
b_ps[8];0.5957908694052243;0.5489337215112097;0.008876967347843916;3837.9814397764712;2836.8929293244714;1.0004955610003523;0.06268958570308035
b_ps[9];1.1636794622175863;0.5764014663274063;0.009387637599597555;3761.656775417395;3176.0783194260557;1.0004008060552554;0.06144289869776856
b_ps[10];-0.9231398823455633;0.5760177953452542;0.008497586438968401;4650.5236416185535;3419.884946027454;1.0009740869872155;0.07596164936441883
b_ps[11];-1.269007172428727;0.5809233127052424;0.009537758152731453;3712.4185079862978;2994.3721032766302;0.9998206018840136;0.0606386408777587
b_ps[12];-1.0692873552711641;0.5621761238919325;0.008649265542955437;4194.990215026771;2839.5827692618686;1.0032604534937264;0.06852096674647302
b_ps[13];-0.7482805557952339;0.5671967658224234;0.008414771801784467;4562.965079102209;3059.3927751563065;0.9999287191481849;0.0745314678757802
b_ps[14];0.9468630729568664;0.5494582934779629;0.007987196195207194;4737.260984813052;2978.9276065293543;1.000319182443753;0.07737841705732507
b_ps[15];0.747346476512489;0.5711689460046664;0.00915123712939577;3921.7614802560897;2648.062378807186;1.002153641917431;0.06405804881585676
b_ps[16];0.4154706607941209;0.5589465954944671;0.007960744089539343;4901.634372560948;2776.351425800353;1.001039479990521;0.08006329183856618
b_ps[17];0.42398568351385657;0.572120726339279;0.008085532835731813;5003.143629019022;2576.435871132732;1.0007902689973052;0.0817213439506564
b_ps[18];-0.8330060422067268;0.575332036729277;0.00841072206268274;4672.777910855141;2959.865562029523;1.0014684805590595;0.07632515057995565
b_ps[19];0.47241699268214576;0.5530834654169917;0.008294643682795947;4433.558007475608;2705.840708064305;1.0016503364019798;0.07241773287350961
b_ps[20];-1.0359738897673714;0.5877962354011596;0.009217221852108477;4148.412722089306;2758.8787146196983;1.002257118995282;0.06776017001486927
b_ps[21];0.10522073929904488;0.562231119323621;0.007991237191932411;4940.143405146642;3130.9156824348265;1.0020020581951639;0.0806922983453731
b_ps[22];0.003299851707548045;0.5623427972344074;0.008328890013142982;4540.664404846997;2691.060956320122;1.001116834219225;0.07416720868070709
b_ps[23];-0.11298764149736712;0.5641614543086328;0.008439518285561332;4457.678117586679;2492.3129203324784;1.0018503635194864;0.07281171073236653
a_e;-0.013293375832790083;0.05107250888325898;0.0024841748062273644;430.77103372657297;808.0785316434241;1.0021259533808513;0.007036213713107302
b_e;0.028287770695947977;0.012639411362392994;0.00029151715574194173;1875.9768900028596;2106.053442074704;1.0006670823263668;0.03064220498931903
σ;0.9750912255364046;0.003464221580102159;4.324919303547645e-5;6458.731987502867;2531.2911273303043;1.0027100189018916;0.10549692300944767
