parameters;mean;std;mcse;ess_bulk;ess_tail;rhat;ess_per_sec
σ_aw;0.029954610007264248;0.010718750587535814;0.0002336733609992862;2099.1903929852924;2878.470271131936;1.0012480117132945;0.03721062597584245
a_ws[1];0.18719431956254354;0.6952685348523006;0.010296128838816504;4559.244781903805;2746.1172666239468;1.0003207127674416;0.08081799196425844
a_ws[2];-0.9348517257578787;0.6698441202518964;0.009259516585229331;5263.877870630426;2865.101420584514;0.9999116264605215;0.09330844466565501
a_ws[3];0.11501393591982743;0.7012547560840575;0.010814179443320327;4233.354022153291;2656.6322426467027;1.0002982355225811;0.07504119381837226
a_ws[4];0.7249664225530773;0.6328717418064773;0.010429243775106043;3689.857736742458;3139.711245983701;1.001104340943457;0.06540708103695772
a_ws[5];1.5299594715831442;0.6087425312662612;0.01096681917353437;3119.2839954697465;2904.0874223075984;1.0016264025128836;0.055292988409112544
a_ws[6];-1.081183183276835;0.6055876229754009;0.009892667145125272;3797.427852438354;3352.691116258057;0.999813430863417;0.06731388823020411
a_ws[7];0.025195523577252743;0.6766259558996965;0.009603808762079925;4959.364815640295;2559.7433533335934;1.000961822848864;0.08791059155434922
a_ws[8];-0.03480103221239119;0.4944703057928867;0.009071692426458852;3004.162715167033;3110.9132951682936;1.0006408303640584;0.05325232791565801
a_ws[9];-0.336108450183904;0.6673990127507659;0.010228465631129438;4307.320771183416;3196.7425146497503;1.000835599532419;0.07635234169805306
a_ws[10];-0.0340146101966045;0.7907709344981299;0.010026002101608276;6202.976271558281;2678.244698561368;1.001591541964301;0.10995507160726516
a_ws[11];-0.19929339923154882;0.7813055879741712;0.010962685665846435;5091.833362961416;3156.044877137892;1.00148582123199;0.0902587528189973
σ_bw;0.013394604505466163;0.009731203954065189;0.0002344257252018543;1501.870993145957;1913.4285173058254;1.004847940142663;0.02662243500002184
b_ws[1];-0.04466011935428229;0.8741045160076848;0.011445114880542914;5897.406566198907;3205.9616711229614;1.0018451991699433;0.10453848812171197
b_ws[2];-0.150548205002517;0.9009338108031165;0.011830175558747429;5851.090555279626;2736.738692266754;1.0008772257984522;0.10371748219258352
b_ws[3];-0.2644327771884468;0.965131201275037;0.012338955547155004;6129.96149893805;3003.935722994406;1.0029137545299325;0.10866079863242613
b_ws[4];-0.16329937088443156;0.8893612972485054;0.012260219732131436;5283.500009704061;3041.2519292868756;1.0001209021859279;0.09365627022752634
b_ws[5];0.7874654959879789;0.7911111638952811;0.012871841899158772;3777.7021541316735;3026.9207789284305;1.001953323758201;0.06696422695876586
b_ws[6];-0.24109485659135604;0.8789900319895263;0.011506697899735869;5831.856063785147;3165.1522481727725;1.000924071974254;0.10337652814133201
b_ws[7];-0.2515704333854073;0.9061102571351609;0.012380704796065546;5410.533943118887;2779.8516439242003;1.001217244656484;0.09590809654987188
b_ws[8];-0.1880475268188963;0.7644508558187029;0.012237736755068524;3910.831281306631;2991.909687215588;1.0001949384963336;0.06932409778056055
b_ws[9];0.32553780745741756;0.899392321564982;0.01241401596317042;5275.565926498504;3061.6112280227985;1.0011619018648847;0.0935156292434547
b_ws[10];0.46782864554153214;0.9776857757411255;0.013784129537516806;5051.248425953179;3041.5731989152323;1.0003755109646826;0.08953933693546756
b_ws[11];-0.2983657085719458;0.9432115442072814;0.010600704754931186;7881.065784400175;3428.087045016102;1.0017803954005737;0.13970118774089635
σ_ap;0.24557869351965403;0.04130442653259571;0.0017280055555154532;549.8624355550756;1023.8120935988868;1.0070219864919652;0.00974696030239933
a_ps[1];0.5606704311974623;0.24942466066328212;0.014131253351806672;310.10171727800696;447.5835781234058;1.0139645558767896;0.005496918742891372
a_ps[2];0.5252509186194603;0.24977872060405587;0.014286863174165875;306.1851460315549;407.1721256044711;1.0166911520475097;0.005427492897457594
a_ps[3];0.9979487035495069;0.28857304180992815;0.016480000980032754;305.1652684228792;438.6753428769089;1.0166459191065322;0.005409414363769376
a_ps[4];0.5057911135751888;0.24561950777032793;0.013961256516722441;308.35663202544583;432.6498659387216;1.0163810305790897;0.00546598504824128
a_ps[5];0.5624215930504424;0.2483605225115036;0.01429414220772662;301.14915670591347;459.69949379620226;1.01832825621348;0.005338224046075189
a_ps[6];0.3023225746655783;0.23478174729374027;0.01320170278330497;315.6160215657754;492.75137954525223;1.0160021760228601;0.005594666291210383
a_ps[7];0.8706653030969042;0.2727955946684771;0.01570378813962813;300.6362821137337;432.97617156090246;1.0166474746575198;0.005329132738928449
a_ps[8];-1.8737820404112886;0.3544643399795839;0.013186204477910255;714.8430272714463;1229.723055558345;1.008534364466676;0.012671435906015553
a_ps[9];0.012841278409665981;0.22671081642898114;0.012458321608733369;332.26279449158886;666.4358926925152;1.0100684424125288;0.005889749978291436
a_ps[10];0.12682115890069848;0.22996391544034864;0.012928880400495278;317.51431195970173;558.6511473883588;1.0099329623292959;0.005628315727715985
a_ps[11];-0.5102403559202854;0.23340167102353243;0.01152114786501078;412.00157540707136;739.0452934345818;1.0102092716105215;0.007303213931980773
a_ps[12];-1.8893987902931717;0.3548414116664499;0.013530693106906128;685.4032983178977;1188.8124978837927;1.0094188954631187;0.012149581982435619
a_ps[13];-0.6893588845095685;0.2401506671566759;0.011291540479834303;453.0736974926723;987.5996013021619;1.010948589468551;0.008031265745703104
a_ps[14];-2.162914588873979;0.38982584077696764;0.014280720792529544;737.6179495873469;1127.5067314160704;1.010034169378386;0.013075148269962037
a_ps[15];0.33582827858339936;0.23892199730239044;0.013564575754610637;310.0312216340954;507.0979713042355;1.015518082654888;0.005495669124444524
a_ps[16];0.6973396709258268;0.2604833708470467;0.014857193775627235;306.397010849705;412.83974794784683;1.0169979765716;0.005431248451280614
a_ps[17];0.5659787185227222;0.25168070375673257;0.01422993907645508;312.32800627793966;449.5858899695778;1.0140794908770956;0.005536382341604215
a_ps[18];0.11408006221026797;0.22779350756111638;0.012758015760044263;319.9235211891229;532.7252571110652;1.0169518543175309;0.005671021803274023
a_ps[19];-1.5097416051802475;0.3115112353508317;0.012213042875126529;646.4970876187475;1073.0269402713614;1.010622361313577;0.011459923503004144
a_ps[20];0.18294484143158302;0.23301179602233604;0.013234967165815811;309.3545630384191;537.9164559075056;1.0113262552331719;0.005483674552631892
a_ps[21];1.1157469891999823;0.2973685520040766;0.016915939991171705;308.42993425923004;466.6825992109153;1.014664806822221;0.005467284416804348
a_ps[22];0.6977183989339658;0.260100975294511;0.014908779653938671;303.9800757366569;455.48418679015657;1.018789727141967;0.005388405425321633
a_ps[23];0.1279040979729651;0.22897712198908227;0.013003628921397411;311.2372515272111;553.6210791265249;1.011793528879553;0.005517047426964569
σ_bp;0.04889397501373059;0.009757646166953361;0.00025397770659704293;1485.9290876465827;2443.293810705045;1.0037361256106645;0.02633984591955457
b_ps[1];0.9110452414712704;0.48688770117824437;0.008206384722628088;3539.147585134938;2630.670002370883;1.0010893375088135;0.06273556581805721
b_ps[2];1.1018794167877373;0.4910495818318904;0.008286397627004154;3559.305598771445;2571.34363186498;1.0004238875006912;0.06309289038868718
b_ps[3];-2.1994687061178584;0.5459685913470553;0.01113844373283674;2411.671810734049;3039.565888993296;1.0015714191419258;0.042749727716735096
b_ps[4];0.82157129855943;0.4883067982470245;0.008346332397741555;3435.942879337194;2456.429808293386;1.000662011182033;0.06090614066480785
b_ps[5];0.34297779749346147;0.47011082533132076;0.007527656988598181;3890.618483200772;2655.347840356383;1.000218890821085;0.06896580209058613
b_ps[6];-1.6487765034636581;0.5237997275687918;0.009823538203867064;2857.054486140426;2499.5935204365314;1.000404408378677;0.05064466102342676
b_ps[7];0.23231487076775245;0.4753013134462486;0.0078090059897827375;3718.2974455693466;2905.570859873057;1.002738797601262;0.06591120842414257
b_ps[8];-0.2202295751919782;0.47940440815231394;0.00825187965127854;3352.949351717693;2560.252846750511;1.0035508098393044;0.059434982486405004
b_ps[9];0.4187933042566512;0.47922778270134014;0.0077509933147482755;3800.4989105175396;2854.543767099524;1.0002253367606215;0.06736832635735854
b_ps[10];0.08336860022879762;0.47240869567755867;0.00788462820578866;3598.607631521099;2690.1705127494492;1.0008707232345224;0.06378956528088592
b_ps[11];-0.31222478634413187;0.4805502484184684;0.007928804366273346;3677.0122975151958;2996.0294797109013;1.0015060491053558;0.06517938047383666
b_ps[12];0.9858757840137852;0.5044134704880726;0.008175596910489656;3815.236261420284;2781.263514490637;1.0004187934443765;0.06762956328667627
b_ps[13];-0.009449610070345891;0.47691094907992343;0.007625331836007678;3906.031862229127;2918.532593122837;1.0001826225789634;0.06923902241589086
b_ps[14];-0.10077010384711968;0.4790369741858253;0.007853528982407862;3720.921066052381;3003.1872690665873;1.0020215138852209;0.06595771519209605
b_ps[15];-0.9025167345773921;0.494382971787599;0.008591590978562939;3326.5479655478994;2518.3302127619054;1.0005409904006837;0.058966986772776155
b_ps[16];0.3648490318469619;0.47771370367350086;0.007810184557433257;3763.371439774882;2508.1197121126224;1.0014772673518229;0.0667101981419043
b_ps[17];-0.8759129061418344;0.49927575253161127;0.008474112857406969;3441.059458250083;2573.7223174125015;1.002122428954;0.06099683806168982
b_ps[18];-0.16045682592767785;0.47335379932497496;0.007444347075297015;4050.1809656968517;2782.040626377187;1.0000154005018296;0.0717942353169286
b_ps[19];0.03528924791686737;0.49346092103494943;0.00834621598527864;3499.95084780816;2454.367354894072;1.0010701973789842;0.062040757411438184
b_ps[20];-0.33776036119289476;0.4882173808867624;0.008398679618429652;3415.9308822030175;2606.7174003933596;1.000156666796523;0.06055140440892661
b_ps[21];0.8683456590833338;0.4765682044182896;0.007840750128028923;3696.8985377571294;2874.266774944425;1.0005577662682343;0.06553188754045676
b_ps[22];1.2514985934563148;0.4938502022496425;0.008671503365207424;3307.6686314618055;2574.995470863516;1.0008059264729363;0.05863232830554129
b_ps[23];-0.5605017342016275;0.47624442996761535;0.008407982969541922;3242.2608057612274;2696.4583641493573;1.0027421009254551;0.05747289743820769
a_e;-0.0033578198907957433;0.052678650065052846;0.003152147820107242;284.2146758444453;395.34744698187666;1.013542352470077;0.005038040396446811
b_e;0.03411874748372602;0.013300396004689725;0.00035065873581208704;1440.8414762760415;2072.62990773985;1.0006757737874716;0.025540614821479936
σ;0.9696427278753915;0.0035472655257423116;4.4651703616963315e-5;6325.06916782099;2468.578321027866;1.00300267725552;0.11211931221751209
