parameters;mean;std;mcse;ess_bulk;ess_tail;rhat;ess_per_sec
σ_aw;0.055031499041041584;0.016264534397976385;0.0003797239469945145;1858.31966832954;2477.3741132773503;1.000626555076682;0.03696380142446755
a_ws[1];-1.1876263475348774;0.5732326302735589;0.010550598617165851;2963.566025643889;3163.843786146541;0.9997468913023475;0.058948235842905275
a_ws[2];-0.12723905289494725;0.47461251325804604;0.008617721909442213;3039.4856782415627;2562.0246135581297;1.001511905424554;0.060458352218823286
a_ws[3];0.5369044480017379;0.5911355982866358;0.01110065127255861;2866.365898691308;2832.430962371413;1.00120243023832;0.05701482995352031
a_ws[4];-0.9928287243748182;0.5620613136016352;0.011396718991030435;2458.022429783209;2677.4490619010517;1.000110753292306;0.04889247772589455
a_ws[5];1.817010676986523;0.5817017418090425;0.012156172431550353;2275.905584808158;2545.736621967205;1.0001414951236325;0.04526999500215545
a_ws[6];-0.4286780068601538;0.4703941344048747;0.009226357956180002;2598.559668935418;2858.863826587662;1.0001572299088248;0.051687901295529796
a_ws[7];0.6140818852393611;0.5779622244161138;0.010057599859504837;3314.1384697839685;2892.203406974412;1.0018788490437278;0.06592146570799766
a_ws[8];-0.18304925713474077;0.38952081798790755;0.008040093803403538;2347.3762127099185;2795.5744124321177;1.0007391858804584;0.04669161591187624
a_ws[9];0.05607532738982274;0.4844613575999636;0.008508838583035229;3284.9337257249736;3003.209959015371;1.0003404724561376;0.06534055469551321
a_ws[10];-0.3215733020798738;0.6575320591171864;0.011943786636825078;3027.8827058153847;2851.0413207502265;1.0004020563853568;0.06022755771344072
a_ws[11];0.16524096752750733;0.6437853042666096;0.010821506741954876;3507.772438094334;3189.8440126616115;1.0004334153106615;0.0697730353144744
σ_bw;0.03833626976765322;0.015131013893243572;0.0003699818096853949;1539.0876240794323;2172.6958766455323;1.0020887296682368;0.03061396286165722
b_ws[1];-0.3241739098688051;0.6208997861727585;0.010183423957663416;3742.48414035253;2840.982675152634;1.0014040348190516;0.07444168135106805
b_ws[2];-0.02144876848126692;0.6445042933091922;0.010116776870066152;4079.1526817712356;2881.435366877097;1.004775934593786;0.08113834894973404
b_ws[3];-0.7613274052479353;0.7967399482484685;0.012310118187258603;4194.27338058803;3273.3977020321017;1.001470265023819;0.08342821259560237
b_ws[4];0.9623636660308751;0.6652284544397039;0.01127503760960758;3497.9574148964853;2693.9409698415425;1.0000719503232995;0.06957780487342335
b_ws[5];-0.8901262877770462;0.54822734606252;0.011542483258223935;2310.7440161329223;2507.7518335309396;1.0005996224200713;0.04596296558163929
b_ws[6];-0.9247928861284042;0.6601811186955185;0.010630731296377134;3844.6100102857176;2832.1774285130023;1.000593263255536;0.07647306510104723
b_ws[7];0.3337472766688979;0.7034417822389961;0.011251960660057575;3926.6340399720652;3059.6209818801153;1.0005273816596614;0.07810460352634206
b_ws[8];0.6104101063521007;0.5038258788422825;0.009939871160811355;2618.8455758406913;2708.77997342872;1.0005981914844708;0.05209140788664057
b_ws[9];1.098304203866832;0.6812088612955257;0.010720965330448395;4121.247898468529;2824.5442476979097;1.0013983352675426;0.08197566411000319
b_ws[10];-0.02982180102902634;0.7986951425827473;0.012813236279257808;3887.262165970409;3442.5219622753857;1.0017947416388986;0.07732145832419576
b_ws[11];-0.14752139238223722;0.7534931918848747;0.012063715940148302;3847.9467536422007;2946.1139790069906;1.000306425821787;0.07653943620012962
σ_ap;0.20796814119402093;0.03440775857397873;0.0011719486576100527;849.4599725177836;1311.7842409448272;1.0098818774563592;0.01689659226951308
a_ps[1];-0.29968096431978747;0.23227171487566994;0.009223539217627892;636.9980573450819;1172.582274881274;1.0088734320156558;0.012670516327602984
a_ps[2];-0.6436873803000545;0.2518279417603803;0.009933919625973285;645.4733858461145;1232.6900283034784;1.0097543408262157;0.012839098926742622
a_ps[3];-0.46048805277350463;0.24108660624387085;0.009534650530130572;642.3529125046178;1212.1761639413862;1.009158188706686;0.012777029650443613
a_ps[4];-0.18138341095966967;0.23322209554459403;0.008763474294085168;713.1732820904704;1482.7799448597939;1.008219247846977;0.014185716284284177
a_ps[5];-0.36600203531109093;0.2322377499075135;0.008965146655009812;672.420046028811;1171.7865387070722;1.0089836568028092;0.013375094435492287
a_ps[6];1.0392972518225005;0.2869271756791812;0.01059735373750248;732.2308506409908;1336.8860610890465;1.0062405124784477;0.014564790020380315
a_ps[7];-1.3452449173656136;0.30425035054086097;0.011199221150708089;738.6537960272954;1233.5611509238402;1.0125256901896218;0.014692548705748468
a_ps[8];0.4905993454414776;0.24599551385195606;0.009388019186338295;686.7843714126528;1582.3801970184359;1.0076330437461998;0.013660814960401788
a_ps[9];0.9843652473315299;0.27577445227983965;0.010146730085784636;738.4504328248505;1299.7511733079207;1.006019615019583;0.014688503612129578
a_ps[10];0.304994250097991;0.24017196961012488;0.009178305575463851;683.0484190467812;1605.2475876140325;1.0070414259854363;0.013586503202453554
a_ps[11];1.9025847039235422;0.372008756920992;0.013079270818733115;804.900409652885;1201.4644612882603;1.00640076043981;0.016010258846168444
a_ps[12];2.159809463974055;0.40240375283852864;0.01437053886035641;780.6130622728847;1126.4075452654686;1.0070546362370387;0.015527159678150495
a_ps[13];0.13803949446365546;0.23492005074202388;0.009247804278833194;644.9885873798979;1283.2404426953112;1.0064029117540023;0.012829455809607546
a_ps[14];1.3518161728564893;0.31455994778092183;0.011189118852353372;784.7693343609619;1401.1011187477222;1.0061486242115334;0.015609832007754499
a_ps[15];-0.564486768724528;0.24384218274155245;0.009399763515117045;678.6119570250131;1267.9275498042714;1.0097882114784815;0.01349825762017048
a_ps[16];-0.32312749807100966;0.2346424913349673;0.009278470703592443;642.6637095503507;1328.0005841339253;1.0094546652834024;0.01278321170861023
a_ps[17];-0.908541668820003;0.2670565287381304;0.010062744987371476;703.8510475987471;1089.4843781517852;1.0091975949489296;0.014000287894079314
a_ps[18];-0.013779901983210238;0.23261299068457678;0.009122410026399332;653.4118222720015;1379.291457943919;1.006951710589164;0.01299700221575587
a_ps[19];0.21721568409209763;0.23493620757419012;0.009377735387822895;626.7709372963245;1578.1681383238235;1.0068195718900808;0.012467088875873824
a_ps[20];-0.32884965675348726;0.23973491444647843;0.009137910960345772;687.7405093184301;1330.5413242746918;1.0091877196990615;0.013679833481426928
a_ps[21];-1.4163185254947122;0.31465342942951857;0.011522262309828411;745.318522732013;1209.0115178930337;1.0114815405077577;0.014825116658754625
a_ps[22];-1.2718457487443895;0.29798926089805106;0.011276218180147521;697.8397980170872;1049.6534698509972;1.0122894569889198;0.013880718242185609
a_ps[23];-0.760549817467044;0.25760635287006495;0.010039529899236144;664.8490148965607;1372.1535513552928;1.0096346259864917;0.013224499198235542
σ_bp;0.05963947671260822;0.011201291808182212;0.00032162591663711145;1222.690658841158;2254.4250948601266;1.0035436076363777;0.024320516801924836
b_ps[1];-1.2333491012498015;0.44051997891366107;0.008498422127878262;2705.937041040732;2682.508244605612;1.0008464628338498;0.053823742576029086
b_ps[2];-0.568301127485729;0.4179827746235802;0.007733973684394361;2946.949372260312;2675.356462064224;1.0000124589318153;0.05861771430429299
b_ps[3];0.16696141120370986;0.4150061928336457;0.0071867869929962275;3313.23674171218;2964.3361012425066;1.000247032871456;0.06590352945195276
b_ps[4];0.09557115465275828;0.42065433978887673;0.0070549077045018995;3559.605903318016;3011.824918893499;0.999492219120207;0.07080405379225466
b_ps[5];-0.553762577753136;0.4256955366689498;0.007603710571115582;3178.8033505613616;2911.6231634451615;1.0015405129554638;0.06322951740762915
b_ps[6];-1.150322640557498;0.44788181524330256;0.008789093351373222;2605.0527139670216;2889.581942660459;1.0007222545089474;0.051817054331618616
b_ps[7];-0.540396161608667;0.42093983194359624;0.007416185838600751;3245.6555869129716;2967.735045498445;1.0001826220460643;0.06455927397825394
b_ps[8];1.0581572757443896;0.4320444803604598;0.008357646770015652;2665.5984286458543;2427.9567208362664;1.0001313700060517;0.053021367998762114
b_ps[9];-0.2583438139548144;0.42198573258100025;0.007436769003011155;3247.6976744049493;2873.2552798884385;1.0001155084318731;0.06459989310198776
b_ps[10];0.7667620225725953;0.4311020994538708;0.007585237996913057;3248.246274933802;2705.4423650642216;1.0001019906313406;0.06461080530474568
b_ps[11];1.392063822543453;0.4686572216321001;0.009123639897323472;2664.31785291412;2576.6688883994943;1.000053206606818;0.052995896091068556
b_ps[12];1.4901974420752704;0.4557554480302134;0.008994236067666006;2560.439934799647;3150.2640089819406;1.000408567983727;0.05092966238380652
b_ps[13];0.7536843318676775;0.42568565268243597;0.0074503585181781885;3263.738975940045;3152.090187268233;1.0002855653382499;0.06491897032784862
b_ps[14];1.49979367302627;0.47335711017878196;0.009141226500973331;2695.325977733948;2559.931225415969;1.0017501912303364;0.0536126781162061
b_ps[15];0.3315944492886514;0.4260479167599598;0.007038345388795058;3649.3802644639527;2947.7271867909126;0.9998454201837104;0.07258975391423086
b_ps[16];-1.1669805561842814;0.4481139890167171;0.008482483998937298;2814.5650845388755;2372.97868119451;1.0007743997301515;0.055984460937581595
b_ps[17];-0.9491152958129065;0.4441408491439045;0.008207766495986087;2934.471864168341;2776.036560185862;1.0018116307741654;0.05836952442649958
b_ps[18];-0.2541007442038393;0.4187852425400554;0.007149615079827268;3443.7868046604262;2481.073119037167;1.000754666627605;0.06850029828834381
b_ps[19];1.0917483902472576;0.4471746666218147;0.008000473884936812;3129.170629106823;2858.3686272905197;0.999696872884615;0.06224227388259526
b_ps[20];0.0490483711881311;0.4343124032452272;0.007383851121233045;3448.59533351418;2940.477625197973;1.0008139832082343;0.06859594464495464
b_ps[21];-0.8831215260439818;0.42270325535171066;0.007825928877326995;2930.0066173388186;2527.361366820235;1.0002346805293063;0.05828070628614913
b_ps[22];-0.7974986859508174;0.4415270617058713;0.008036535921768834;3062.2870040526445;2443.97078393761;1.0005633607539854;0.060911892959880524
b_ps[23];-0.19059968907090796;0.41973639635191695;0.006982111954263624;3635.1525016839687;2632.955024988392;1.0011052996228842;0.07230674975349542
a_e;-0.002368473286373682;0.047374327753448624;0.00197939790401375;574.7253526203822;1052.8296352354737;1.0085950038803404;0.011431851134074984
b_e;-0.030401416298579547;0.01951501731761108;0.0004868368304726487;1600.7232216146033;2105.9571642092656;1.0002385199119617;0.03183995536811141
σ;0.973103577151767;0.0035022748918823302;4.59231062104818e-5;5743.538186163755;1711.1044377330832;1.0039440662255859;0.11424460958218488
