parameters;mean;std;mcse;ess_bulk;ess_tail;rhat;ess_per_sec
σ_aw;0.04345825660593437;0.013893223950715036;0.00033563215701835924;1698.6175409757318;2178.2778143015;1.0009108973342835;0.029828685282325202
a_ws[1];0.577493921986897;0.6072581052777938;0.009717220077077118;3929.7659583029786;2916.4414250024606;1.000770061147462;0.06900891411734772
a_ws[2];0.6981632460656174;0.5485346445569242;0.010274145374539145;2879.958835774265;2782.6004919453258;1.0012606981975607;0.050573706950545125
a_ws[3];0.4635719087143611;0.6072633905850825;0.010613886572638056;3263.954518253939;2714.02974345794;1.0004877149318951;0.05731688844146411
a_ws[4];-0.10873399958021712;0.5479862309053789;0.010466521155504368;2758.552676642142;2737.04454196931;1.0007495071377754;0.04844174609135857
a_ws[5];-1.7835920355307198;0.6089993039710451;0.013001695364239715;2234.7806148362906;2460.7816151398083;1.0004832529073566;0.03924401227877424
a_ws[6];-0.1472622291936767;0.4961640582528347;0.00923948296069894;2883.5031142897783;2713.9541268520866;1.0002008907484663;0.05063594648701631
a_ws[7];-0.4346660877701752;0.6324857244690496;0.010451378967682952;3751.2875914505557;2862.395831102778;1.0003340999934465;0.06587473299292215
a_ws[8];0.41939050946127243;0.4336754800834946;0.008487262216846586;2592.19487841896;3053.6516985386065;0.9998164011228763;0.04552040901120018
a_ws[9];1.092287920549103;0.5753586549794598;0.01050643086947108;2975.144716884332;2819.7666289018657;1.0009010907689582;0.05224522488937558
a_ws[10];-0.5677153716688377;0.6835000096406495;0.011227685244296794;3703.4779785994547;2996.046702420085;0.9997285808375048;0.0650351691353712
a_ws[11];-0.17284283455744395;0.6794320906014575;0.010523265249589752;4176.371713345793;2984.333421114031;1.0013272163238731;0.07333945073229216
σ_bw;0.02509242777884117;0.011343179737134364;0.0002635173999452745;1638.8156856690464;1668.6167647181646;1.001763977367388;0.028778530860737395
b_ws[1];-0.011659753152268436;0.7415675945665413;0.010673484091315305;4823.4417380836485;3101.627820913718;1.0005213569559899;0.08470236654937757
b_ws[2];0.4741473876489865;0.7142564913773602;0.009215093845261755;5994.586093843814;3428.8366185378663;1.0009003581674982;0.10526832419754516
b_ws[3];0.12759214895954588;0.8716242814209875;0.012491230731229595;4876.919500128411;3447.6945634660624;1.000390893755095;0.08564146631442532
b_ws[4];-0.16288541073735538;0.74472040013195;0.01228987414013496;3673.6193270327917;3157.7619381030786;0.9997830863052451;0.0645108343165838
b_ws[5];-1.3811546118589042;0.6416645861181421;0.011675747946292503;3029.8308991941467;2427.7215200709516;1.000634112710778;0.05320554519813343
b_ws[6];0.20425553433917978;0.7477776114258453;0.011589001516315187;4160.982278032117;2870.870489210436;1.0016023195264723;0.07306920353916553
b_ws[7];-0.5011114895170927;0.8109122724191004;0.012613951964439618;4139.437571238558;2680.4326784704676;1.0002786784840296;0.07269086629552922
b_ws[8];-0.11504427451277062;0.5857916670501827;0.010237417809497273;3255.3310913635473;2810.5805272223156;0.9997457135793151;0.057165456185194766
b_ws[9];0.8731956018702072;0.7921765222503926;0.010274915155622748;5957.56980965956;2815.7704916111443;1.0066423663800912;0.10461829729942483
b_ws[10];0.3308643071676036;0.8774182306220787;0.012709953475130861;4776.59202790723;3239.186640833107;1.0001961987313892;0.0838796591260115
b_ws[11];0.12377757841125286;0.8309185321972701;0.012644479460004805;4324.493926975459;3115.6654995872677;1.0010383779249725;0.0759405606273087
σ_ap;0.24651739705827438;0.04001372486720582;0.0015461094893066858;653.3833104890438;1314.610800447997;1.004556987040968;0.0114737806876209
a_ps[1];-0.4352534413282533;0.23149746717882022;0.0111672985105962;429.59331320171077;815.2220070545533;1.010367023092309;0.007543901690503187
a_ps[2];-0.9252420305864423;0.26079262265957714;0.012214849975818474;457.0522613211537;898.6139146687522;1.0111212656622717;0.008026096358743847
a_ps[3];-0.577772501100698;0.2368777965800969;0.011355428380852616;435.04053391554334;802.1770638803862;1.0095910316879033;0.007639557968868792
a_ps[4];-0.5783615469857946;0.24035139894950536;0.011233165095743337;457.8669594020789;864.024168745399;1.009694861713126;0.008040402918089792
a_ps[5];-0.5589250091436792;0.23985148213352755;0.01131270368920685;449.5140025249136;955.5891705989187;1.0094284249963712;0.007893720268314097
a_ps[6];-0.66126448390067;0.24227552153737994;0.011087706930444308;477.8704551317512;883.495703175791;1.0101231245332332;0.008391675623259187
a_ps[7];-0.32043939661328236;0.23271558695790268;0.011144737176110366;435.72458602245086;868.8978964211958;1.0085074504635267;0.007651570310977267
a_ps[8];1.267998293468246;0.302151745579943;0.013011804420542523;537.6288529982633;1161.5226560400954;1.0020417185381767;0.009441066907604595
a_ps[9];0.13947724617219437;0.22850184360784698;0.010897994530370218;439.9322367894767;876.0339920129785;1.0054629675941584;0.007725459039593275
a_ps[10];-0.1397928674986829;0.2262879640381906;0.010930829999895933;427.878001277438;816.9608296114848;1.0088660722299894;0.007513779842402666
a_ps[11];0.9208621604008104;0.2683886805642375;0.012013481093943618;499.34057548367434;1003.3305014842573;1.00236397531571;0.00876870308677124
a_ps[12];1.6347443682717349;0.3423692804631229;0.014366817902447548;566.2437070923977;1234.7279570439966;1.0009982190546096;0.009943559938898321
a_ps[13];-0.36847717108167466;0.22983367002614452;0.010851390905573367;448.3390242231865;959.7169600368456;1.0064026148509977;0.007873086984405085
a_ps[14];0.9518475110048785;0.2720693931070735;0.012239217148661833;493.0236778371533;1101.1034057996317;1.0022042960041007;0.008657774789309704
a_ps[15];-0.4768233600732454;0.2316828848348659;0.010859970295564065;454.77178265997554;947.4794289424507;1.007860955750584;0.007986049862910379
a_ps[16];-0.09016893466537677;0.22547876208960893;0.010880392725469765;429.71807756198734;837.0046296122723;1.0064533388114483;0.007546092623274906
a_ps[17];-1.4894752543794427;0.31229554862401726;0.014082833614023738;491.58439151829094;1043.5110232931088;1.0105309394081752;0.008632500107045539
a_ps[18];-0.2915098466118622;0.22802958552130062;0.010915203265083087;437.14204744419317;833.1579959314859;1.0072778851289372;0.007676461735697102
a_ps[19];2.711599624117944;0.47433966077511924;0.018994067369975224;621.1052705668793;1263.6249767356808;1.0012264104667254;0.01090696004015749
a_ps[20];0.3385046012032781;0.23286681386769065;0.011003622876459397;447.00168747832026;904.2964315445971;1.004383048166999;0.007849602594354462
a_ps[21];-0.46376194279101324;0.2343235592170434;0.011434589501273655;418.2508674150309;853.8966632770338;1.0092220562698002;0.007344721923698022
a_ps[22];-1.0613328807157105;0.2696424996689643;0.01247189854612427;467.87702604255884;1064.4361344653116;1.0097840929676876;0.008216185353082463
a_ps[23];0.1860511749732686;0.22797494839875976;0.010797581619787177;444.93880830598005;840.6618151526745;1.0058162344666115;0.007813377268686476
σ_bp;0.043228572003651766;0.009070212101792204;0.0002510971040300033;1326.9844918949454;2060.682002177826;1.0012851530296423;0.023302598630015003
b_ps[1];0.36653600446711465;0.5371847093895171;0.008231567155114923;4252.12241332806;2717.526146969157;1.0022275036838728;0.07466967589197639
b_ps[2];1.0238327979436253;0.5331570883432741;0.008715445762213178;3748.1552527128406;2805.7283430883053;1.0024172636620001;0.0658197273520695
b_ps[3];1.07886139484072;0.5230333084568697;0.007993255935491488;4365.040282258166;2638.4314159712053;1.0011694374294922;0.07665257757161653
b_ps[4];-0.6076654255034125;0.5157482965296226;0.00801966289669219;4129.8527253948805;2854.383820193962;1.0029908027069352;0.07252255097836463
b_ps[5];-0.49840302862221897;0.524699476335528;0.007851428865658733;4434.811913206477;2505.6972070309903;0.9997997137901986;0.07787780689545608
b_ps[6];-1.0392656761041281;0.5320392044084216;0.00851960782592381;3964.98475745197;2887.5918777251222;0.9998399317672385;0.06962737616103604
b_ps[7];0.6377060652105518;0.5185680885592678;0.008623785328816823;3590.9146862414427;3140.3171338219277;1.0001980689806569;0.06305849402099507
b_ps[8];-0.9262018400301175;0.5351941063553991;0.008262259409578587;4258.27719830876;2874.633260613166;1.0003957655996403;0.07477775739928509
b_ps[9];-1.4256095741231511;0.5452466655106198;0.008985197962984129;3638.0369968672007;2763.7649994494645;1.0014140072816449;0.06388598846251856
b_ps[10];-0.20783687813500337;0.5378735311066789;0.007699219199386384;4898.372908606312;3361.0785640485583;1.0003921808704352;0.08601820030797215
b_ps[11];-0.11482699234085778;0.519627391972784;0.00760363194710103;4672.784738307835;2745.490444631117;1.0016374006066764;0.08205674437517663
b_ps[12];-1.688315801747809;0.5412984970445539;0.009426623751161411;3310.827933774643;3090.2852119629424;1.0003475662840038;0.05814001214409089
b_ps[13];0.2514609144206798;0.5286114091040257;0.00825697438184908;4099.725971142126;2351.6432209100735;1.0020195377003722;0.07199350812468777
b_ps[14];-0.912754376513664;0.5376865243516674;0.008751754546512664;3787.651813695483;2706.0276350301774;1.000015926768711;0.06651330931438024
b_ps[15];0.8196600927057478;0.540726324450489;0.008487988140883593;4061.808089411973;3246.8842018289774;1.0018127122081237;0.0713276486634394
b_ps[16];0.28270506751806634;0.5190827656954183;0.007994552740342123;4233.925047481097;2583.667064343037;1.0012371223723984;0.07435011984965235
b_ps[17];1.5211058242780708;0.5346861519720764;0.00921507502688597;3430.9246057633036;3112.497506589898;1.000046889477205;0.06024897766798781
b_ps[18];0.42553661195416675;0.513917604087979;0.008172451968455782;3946.497074127919;2780.788907033489;1.0013728194888696;0.0693027219795211
b_ps[19];-0.3975847471440404;0.5173403264250056;0.00803059916436957;4142.025492771906;2905.515678908756;1.000932978737354;0.07273631166218265
b_ps[20];0.5533704608317302;0.5273880069891941;0.0082805066674656;4066.2914482230112;3135.9014363823826;1.0034984420779594;0.0714063789813339
b_ps[21];0.7831893425949465;0.5234931408688791;0.008209635259473408;4134.548814724406;2656.454209725919;0.9993070383753837;0.07260501696454986
b_ps[22];0.46006908503652166;0.5160990527594679;0.007518678190664337;4760.327770565177;2885.019602400109;1.0006798296885682;0.08359404956299701
b_ps[23];-0.10769959075105487;0.5219499996640767;0.008099763343308919;4157.508986844464;3114.461268027149;1.0002263402348206;0.07300821058034393
a_e;0.009630578880430707;0.05295539526258794;0.00266349565258401;395.7769072197286;793.3954176338705;1.0063636301552699;0.006950066464454326
b_e;0.009412011076234744;0.014788108503965286;0.0003471801506146855;1828.583203381693;2451.3444931572876;1.002755726083117;0.032110955862899485
σ;0.9733952100564861;0.003470169538420797;4.198370165837733e-5;6837.754673462235;2416.4645487331863;1.000978428437748;0.12007484161225161
