parameters;mean;std;mcse;ess_bulk;ess_tail;rhat;ess_per_sec
σ_aw;0.029009893759979016;0.010826815219000727;0.00026746170318656993;1549.8726921918333;1958.112151388288;1.000514267894968;0.02697767363990344
a_ws[1];0.005118609068182239;0.6994491531624099;0.011724751529985358;3561.996672417019;2508.402476986216;1.001127594688284;0.06200146903613838
a_ws[2];-0.46244139414448066;0.6593400222559583;0.01183532986903365;3112.5619991366743;2682.839615377805;1.0020496394299148;0.05417843815153909
a_ws[3];-0.40236811809715745;0.6981023371200863;0.010844389820021104;4115.202433720325;3206.388292897381;1.000556649899444;0.07163077895258646
a_ws[4];-0.3354809126724346;0.6265467951567668;0.01088528685372227;3323.1803483222716;3113.8306295713874;1.000794027032022;0.05784454125505837
a_ws[5];1.6252547660739065;0.6319379196050687;0.013571493778701977;2152.629429567985;2733.27889201841;1.0003457514235645;0.03746948669468441
a_ws[6];-0.14640190305827677;0.594115769092034;0.011186840158308849;2811.9212551463957;3127.3900998994013;1.0010083392735445;0.0489453710002252
a_ws[7];0.6801301264493552;0.7198156938430015;0.011811401024828149;3764.6892347308335;2743.571600545615;1.000005295334558;0.06552961287845925
a_ws[8];0.16552006836539612;0.5260601327894358;0.010420083937060497;2543.428299836762;2748.662039071255;1.0007972471414515;0.044271880487457366
a_ws[9];-1.1536948155736464;0.7082256997607458;0.012323713325522038;3320.6831835932185;2691.5553209817394;1.0002923647205233;0.05780107465588228
a_ws[10];0.09380996817875963;0.7971115577871826;0.011473178156143824;4849.9547705474515;3068.3200325853304;1.0000520953519505;0.08442015762151858
a_ws[11];-0.1027220292372488;0.7873296825278753;0.010767555207563395;5334.275943993854;3162.8844216878388;0.9995822177205008;0.09285043619856373
σ_bw;0.011913639975424448;0.010554085891827244;0.000320115034484672;949.0654745157564;1361.5630012797005;1.0051395242662797;0.01651979466660422
b_ws[1];-0.1494589094475548;0.8840476449657658;0.01292887973458549;4657.238380092314;3164.8101431145733;1.0007702287080111;0.08106566282142866
b_ws[2];0.14095072501455527;0.9255058563519243;0.013180014089356817;4946.829491103263;2933.6930532709234;1.0011208016458295;0.08610639585790919
b_ws[3];0.36079630884815345;0.9874336585064316;0.016886910076726817;3428.504394196712;2604.948956164869;1.0009988803078314;0.059677851662003185
b_ws[4];0.05151881573462743;0.8935227997249393;0.013196189706429254;4612.6271780094285;3110.479332443867;0.9998359966438682;0.08028914326821691
b_ws[5];-0.2972698257976872;0.8142039102490778;0.015222880032036803;3062.1154982178136;2740.9354057156584;1.001298385277499;0.053300347167085725
b_ws[6];-0.23929336109059726;0.9365687847377241;0.014365345696665458;4315.799255928581;2467.537561156741;1.0019610616113541;0.07512244354542662
b_ws[7];0.2429447822555272;0.925790258835633;0.013488558631430817;4722.5056260005895;3013.589850336423;0.9996055047292873;0.0822017293308648
b_ws[8];-0.4668612011657358;0.8294738139129124;0.013473369486132808;3893.969771612073;2730.2837263859938;1.0004571465665204;0.06777991908073273
b_ws[9];-0.11802497951411177;0.9383466956668364;0.012755854021080345;5438.305944251952;2915.705631278184;1.0013802668452985;0.09466122195526554
b_ws[10];0.5123531701392645;1.0190991512666747;0.015615935127771638;4248.691992452643;2958.009714431764;1.0000567239080957;0.07395434899027925
b_ws[11];-0.01711245858254393;0.9440657161349063;0.013800280544115903;4693.144003840139;2711.2773553736165;1.0011938744742017;0.08169064976660549
σ_ap;0.22049812798990204;0.03495057095994399;0.0013601919388863772;665.7508682671565;1661.2405938234167;1.0058912567443556;0.011588312859551095
a_ps[1];-0.9914502235350848;0.2791388011257386;0.014683205632353516;365.2058093838478;965.985003330386;1.0092504191351923;0.006356911239607004
a_ps[2];1.1015491176515202;0.2895009415456303;0.01328735136801258;470.6278910645775;959.3294893634217;1.003336435354553;0.008191928095088159
a_ps[3];-0.806199769260363;0.26190525819780097;0.013155658324383103;396.10408305145927;839.6219302906538;1.0088568486713538;0.006894738344530324
a_ps[4];1.2264390005432924;0.30065615904263904;0.013722759198153568;475.5346429534257;906.4460472987769;1.0045332891982877;0.008277336884956006
a_ps[5];0.7221982017169845;0.25960678738552095;0.013064367873695944;392.1597430191377;1010.3177776155585;1.0031208528444717;0.0068260816615312225
a_ps[6];-2.7570774649657506;0.47325573699827356;0.020673827636018185;513.9650019819401;1216.067686864552;1.0098780840105628;0.00894627033281835
a_ps[7];0.07756941497045089;0.23838138814255827;0.012516275599250318;366.93528284027167;945.7107485566692;1.0066893021004233;0.006387015112467875
a_ps[8];0.4259234713033361;0.24433383183356067;0.012716427301791424;371.9824485421828;615.1921238862348;1.0066125947208733;0.006474867998578227
a_ps[9];-0.24041160225403804;0.23841397309545856;0.012211031528739357;385.226859556744;833.5163661106466;1.0085371896217281;0.006705405254769427
a_ps[10];-0.240834866492083;0.23867183709720913;0.01283677450438969;348.9807879699111;926.0637847030123;1.0096234671704654;0.006074492345003077
a_ps[11];0.5796238508174365;0.2532433236844559;0.012227294219585003;425.1670084686621;1072.7296702877063;1.004016340637398;0.007400618679654718
a_ps[12];-0.15797698718438025;0.23427617453188757;0.01272267327110313;338.8359946414304;881.5093749453805;1.0066737506847532;0.005897908213326443
a_ps[13];0.3964805435454731;0.24663944995966433;0.012513226976031133;386.511055268198;770.7009598415995;1.0064811694967528;0.006727758453821134
a_ps[14];-0.10868695508314377;0.23611970679958544;0.012629553892087945;350.0181583393599;865.0099510361875;1.0083590994429472;0.006092549208261387
a_ps[15];-0.9969549280036967;0.2788200662097658;0.01442895197007599;372.9996776948404;1034.3999639263563;1.0099508876671488;0.006492574276155505
a_ps[16];-0.4517643284469943;0.24317150111565206;0.013349024800289204;332.66125503819666;838.5015635636992;1.009398301428276;0.00579042834696926
a_ps[17];0.09869771842197544;0.2340114356567109;0.01256706627692119;347.716677682907;759.1154073021614;1.0076592112072598;0.006052488760489686
a_ps[18];-0.0240549953463443;0.23661793939018097;0.012616281936820486;355.4311129839066;822.6093690605084;1.0064514976376882;0.006186769155850544
a_ps[19];-0.5464306003605485;0.2477976788548559;0.013815311608766553;324.51141641025066;771.6493790810381;1.0099934869674247;0.005648569155675506
a_ps[20];0.7893857797420022;0.26581189842303876;0.013152498894187752;407.386969574552;1040.0211202485489;1.0050015734182944;0.007091132559274243
a_ps[21];2.126115908014049;0.4006575841988737;0.01676533321456669;563.3982521856509;1152.4190390932076;1.00308938611458;0.009806724289891062
a_ps[22];0.3168612433783666;0.2390769797029378;0.012200709165603894;387.17629762736914;957.0823547465428;1.0055751266851456;0.006739337915377927
a_ps[23];-0.5779818523481645;0.24865026957278305;0.013040959655310633;367.3682582884242;801.7980927407414;1.010577336675493;0.0063945516478189374
σ_bp;0.051524367320964486;0.009961408642926108;0.00026822480813028015;1370.08714336712;2389.912976086607;1.002421809672337;0.023848257988025038
b_ps[1];-0.23949021983515564;0.47758723261105107;0.009111986063720177;2752.7670190637896;2743.7981682931536;1.0017335162457486;0.04791570986515642
b_ps[2];1.4898631459808485;0.4933583705097224;0.009655295149010087;2624.399656037632;2861.394981009729;1.0020090240903388;0.04568129871436879
b_ps[3];-0.6887705444283756;0.4876585889419616;0.009732674052764283;2513.284241421465;2256.596210643421;1.0004385446435424;0.0437471815401135
b_ps[4];-0.1547644256075597;0.483452128292594;0.008893447767666741;2957.5028305173882;2794.102051295384;1.000200519981351;0.051479419279240574
b_ps[5];0.6905339174247797;0.4832822983042432;0.008823298244909279;3016.5747454442176;2759.1764154665443;1.0006892948586055;0.05250764750095757
b_ps[6];0.5548764031067851;0.4925790606207;0.00923394147328463;2835.8318240073813;2943.6616606445937;1.0020959404704455;0.049361567457215406
b_ps[7];-0.47130647904757744;0.47627021173078077;0.009005359734181364;2821.554148562054;2500.4895659327385;1.0026455893855646;0.04911304480729647
b_ps[8];0.6707667942688974;0.4784255744999384;0.009688140604639042;2428.9757450773227;2457.540703957992;1.002652416904861;0.042279675782445916
b_ps[9];-0.9572585321404132;0.48551877133092425;0.009346923623479745;2701.0638548041125;2354.897412080741;1.0000199130485345;0.047015744920567766
b_ps[10];-1.3834152724919617;0.4901096705419467;0.009977321567927737;2440.682163238744;2651.0465196796417;1.0009381675767368;0.042483442149994756
b_ps[11];-1.746410227127347;0.5103748924376815;0.010730778871719538;2289.3041564579735;2683.0765133737987;1.0022402003463;0.039848498980943
b_ps[12];-0.021413716456318573;0.47201834027791717;0.009360403782759678;2553.2110301705748;2257.9473329426714;1.0006593526873822;0.04444216241292284
b_ps[13];0.16247132477768597;0.4668918785373184;0.009057742503789053;2666.050884518812;2381.8420157877063;1.0011495728695545;0.04640629584111811
b_ps[14];1.1654659974283685;0.48356694125202165;0.009203650344556126;2770.587344388224;2534.9603968617953;1.001202240456569;0.04822589722646777
b_ps[15];0.4806987092454249;0.4684632824353842;0.009343115271092588;2517.6030340745187;2505.5763416486693;1.0007369884049466;0.04382235608786795
b_ps[16];-0.6000597639051806;0.47489238624178254;0.008876954093208066;2865.168219839016;2864.195975941156;1.002412187566955;0.04987220792239943
b_ps[17];0.5851948041226892;0.4635259667479056;0.009104160210121072;2586.7624981994377;2643.4025439678876;1.0011766269146711;0.04502617202815276
b_ps[18];-0.5916478704683462;0.4828926061925987;0.008918802149088493;2946.5968155851897;2591.5235653515806;1.0008681848424301;0.051289585034766806
b_ps[19];-1.0526945659544629;0.49184134743052527;0.010007180069754854;2436.0369224553992;2482.388002069604;1.0004536647036197;0.042402585321906106
b_ps[20];-0.34316757949511173;0.4703181935481404;0.008856674564935003;2826.2643066376936;2917.9444351387165;0.9996815282515954;0.04919503161046884
b_ps[21];1.4874487938709464;0.5010219626594041;0.009405483176038844;2890.21633778254;2710.5123566990687;0.9999412395793799;0.05030820499143519
b_ps[22];0.2637929555690129;0.4801442242926153;0.009157934390614365;2761.62920929087;2134.4408986455664;1.0006970194182676;0.04806996851935776
b_ps[23];0.5512203167066371;0.46436283216637736;0.008985142935681586;2657.867814464498;2492.1845669494896;1.0007277566524906;0.046263858210976026
a_e;-0.007662408746681866;0.048639130594305295;0.0028147368558795755;299.6633323897415;741.7958550221493;1.0082654544489265;0.005216053953195105
b_e;0.02707563772469234;0.014269234099183395;0.00042293696021122434;1126.1611390578746;1742.7853503762183;1.0027271878820911;0.01960238916944855
σ;0.9800502232158699;0.003472341037306404;3.8259162112679706e-5;8289.363313023256;2767.9445455965056;1.0012768909245913;0.14428781103632152
