parameters;mean;std;mcse;ess_bulk;ess_tail;rhat;ess_per_sec
σ_aw;0.060170094499937626;0.01728528145696796;0.000442533669267606;1670.1416191409862;1974.7937176374214;1.0009629898980124;0.027759436167910174
a_ws[1];-0.2642220276659398;0.5238184803417572;0.00926184198340442;3187.896491320053;2989.2729063058346;1.00007655325233;0.05298605109081682
a_ws[2];-0.4795314477840428;0.4604167354137219;0.008413216863342702;2976.527604855518;2702.065610103018;1.0018221465293826;0.049472887270186824
a_ws[3];-0.14969345745620025;0.561746293491825;0.009570952709845797;3425.0764691952695;3202.477658287322;0.9999711049072078;0.05692822125212314
a_ws[4];1.1053653086777617;0.5224527357876785;0.010337206617557586;2576.309090933839;2919.1225921070136;1.0006552477554618;0.04282085239895302
a_ws[5];-1.9403469435127063;0.587573548251833;0.01284218975154123;2059.009755762933;2137.842215254645;1.0001998239477694;0.03422281633434374
a_ws[6];0.3866549475496906;0.4531116160895504;0.009009712994063177;2534.303837312059;2903.870984353636;1.0012597381138095;0.042122682768745014
a_ws[7];-0.4411953045946356;0.5606358710251823;0.009487245667711574;3486.654313957277;3184.635574553461;1.000530826676821;0.057951707064007534
a_ws[8];0.876521738483171;0.43117476566704516;0.009677847632808476;1995.7124059303965;2484.422301188331;1.0028026524999232;0.0331707506160019
a_ws[9];0.4844078540283945;0.4769199738737958;0.008773024704598332;2969.6726996282932;3132.9762337630696;1.0012631967869745;0.04935895183985482
a_ws[10];0.3712975094382814;0.6503459755772979;0.010691800211714836;3685.761057886411;3005.196413473105;1.0013471291687963;0.0612610617231316
a_ws[11];0.19329057035104255;0.6368737322694685;0.010052800061288768;3983.0658601603823;3161.9495041581076;1.0000698250243862;0.06620256703414965
σ_bw;0.046549958294104965;0.014248397842929299;0.0003143839500453791;2163.415633902384;2735.9177690606534;1.0011246815761852;0.03595814720482249
b_ws[1];-0.21866777935053758;0.5425622898887698;0.009427636199720101;3323.121018351693;2611.347833730589;1.003115751091521;0.055233618951799374
b_ws[2];-0.8562886038231927;0.5954935548531939;0.009856140235443641;3645.730939226051;3017.4369631228674;1.002072266869331;0.06059572082568263
b_ws[3];0.13618016001069322;0.7601695667220143;0.01091092865027207;4850.484573321179;3356.610975691841;1.000983550127729;0.08061993986222313
b_ws[4];-0.3927049033230312;0.5584496322276559;0.009938841874742154;3125.0392415714587;3298.909927012341;1.0003435519674777;0.05194130027921562
b_ws[5];2.0352058281707084;0.618011545400582;0.013448405222902545;2062.2285837013405;2072.623313877161;1.0025956410141998;0.034276316497244705
b_ws[6];-0.1278545015288542;0.5784192590260702;0.009675144333005899;3595.6371151250755;2658.6036097852684;0.9999521636438425;0.059763111005892156
b_ws[7];-0.4308947113597444;0.6381822951563552;0.01045150642130362;3728.8264912561417;3138.2910212274865;1.000405286505574;0.06197685260874842
b_ws[8];0.2341338762096906;0.41224000273829375;0.008533933534447263;2342.2735702672603;2769.182032611011;1.0026653489025312;0.03893094628409973
b_ws[9];0.19103660173510081;0.6020832107122434;0.009443302548588585;4106.24254837207;2440.463219489046;1.0009194524916976;0.06824988767726109
b_ws[10];-0.17762387462047888;0.7719686062818301;0.011821384910651548;4265.325574448004;3283.118895687546;1.0004961776380812;0.0708940078267992
b_ws[11];-0.363380192628418;0.7028908449291302;0.01096401271280045;4114.634043807056;3116.558766040587;1.0000475177509434;0.06838936278476761
σ_ap;0.16587196664356343;0.028021549543574175;0.0009726700208272068;803.7465247318738;1292.5002955821055;1.0029696957774674;0.013359076914656926
a_ps[1];0.1117319685301641;0.2538147668179259;0.009024979029610481;791.21467963675;1325.3014197842765;1.0033914774759767;0.01315078502491697
a_ps[2];-0.27098874715912497;0.2556330612457807;0.008954042290383098;825.7042673206134;1408.4339392606894;1.001982907466653;0.013724036716147907
a_ps[3];-1.5020570293439983;0.3394928565602685;0.012012797782958617;796.2260364058358;1411.26528753522;1.0031854350470817;0.013234078822731319
a_ps[4];0.2810362640218491;0.25253975562393227;0.00880238607535804;825.339884770708;1484.1038599850888;1.005100287248668;0.013717980311098853
a_ps[5];0.42651241761332254;0.2593301768806586;0.009199034581737764;794.5152004545834;1414.5825492371257;1.0048662841685612;0.01320564300576929
a_ps[6];-2.009470153674119;0.397823391770344;0.014800563971873619;716.1004664777067;1320.2713459232837;1.0035713488252713;0.011902311134083857
a_ps[7];0.2313190664190807;0.2509543160754746;0.009058213576117854;768.9809809667095;1361.800635864702;1.0043259926208548;0.012781238555363695
a_ps[8];-0.04921972553947271;0.2501248460497251;0.00884961159072795;803.1773673621019;1713.2731263126316;1.0040451095707135;0.013349616945816795
a_ps[9];0.5130043403285783;0.25910119133526943;0.009084420897889928;814.4046551255168;1744.4499527828032;1.0051736604930819;0.013536225778526187
a_ps[10];1.185659679785365;0.31307485788976896;0.011346318736744335;772.1372102464064;642.6703306634723;1.0066943867558036;0.0128336982654966
a_ps[11];2.098022726839969;0.40901537982372815;0.014772043811322771;777.9786052017165;981.6152108819945;1.0057057025477232;0.012930788134125156
a_ps[12];1.0202061417063142;0.2902525611007722;0.010595744412997566;754.5336809072976;945.2263751318859;1.005097666776911;0.012541109874537118
a_ps[13];-0.715728601754198;0.2727240457696545;0.00999808079443507;752.5737341275698;1480.2849827514783;1.0014766413501446;0.012508533584657975
a_ps[14];-0.5953371584581615;0.2639189204635396;0.00943718592263295;788.6330027646353;1626.3589476447;1.001814941079234;0.013107874954587425
a_ps[15];-1.6913596930186214;0.3621998145218062;0.012977636711929542;774.3143328989603;1480.9234603978798;1.001152730811556;0.012869884237159509
a_ps[16];0.2495490960163172;0.25104733835709664;0.008782875164976297;820.9616668832217;1341.2541340983437;1.0045210316224218;0.013645209919304539
a_ps[17];0.05254390749865516;0.25097208576213054;0.00902954245802078;772.6540549314512;1398.582496260883;1.0037288667475202;0.01284228874481811
a_ps[18];0.5167454361799991;0.2619689572439596;0.00909441118099831;829.0828335278071;1508.7287848488572;1.0056957416750862;0.01378019188999232
a_ps[19];0.7873907465777762;0.2760570483708344;0.009947190499218992;775.8834253732753;1399.8412158806764;1.0041668734434115;0.012895964134746096
a_ps[20];0.5300730887143771;0.26532885320632077;0.009588266191217769;763.8096306134719;1579.9231646359676;1.0059238027331523;0.012695285503007312
a_ps[21];-0.4194028539496457;0.2551677442056123;0.009066408669120563;798.0667996675778;1208.264988001817;1.0021287294118346;0.013264674162479121
a_ps[22];-0.5405270059934337;0.265868586246609;0.009411020347875715;807.4738873103026;1538.7501674077682;1.0016679052736428;0.013421029435559775
a_ps[23];-0.8689228659617774;0.28090012543772197;0.010018006639963124;788.2620625721873;1399.3651835842245;1.0020762180280804;0.013101709554913313
σ_bp;0.05566052700299014;0.010827288488963955;0.0002817608951445989;1495.559089985213;1991.5730387559895;1.0007322062288426;0.02485769866338368
b_ps[1];-0.35919159965547204;0.4315942086692596;0.006897854652540805;3918.6883029840105;3105.469327386783;1.000322226888537;0.06513254718158011
b_ps[2];-0.6301016216351625;0.454574114998391;0.007710598125547874;3516.1298686443956;3147.4135535497758;1.0005397382890127;0.05844162047582447
b_ps[3];-0.9941966630782493;0.47966816061011003;0.00824108367943453;3409.017538472895;2737.154767933134;1.0035305238210885;0.05666130564616277
b_ps[4];0.7531596664331647;0.4534713360362958;0.008150071767134294;3100.665929449205;3013.1752245081034;0.9997004003357456;0.05153619127869491
b_ps[5];0.23923912142064666;0.43836846167136423;0.00725552700747171;3675.0146722285244;2934.176827369886;1.0005387696613386;0.061082445967864524
b_ps[6];-1.5032232286165716;0.48451506909967373;0.008419224556248092;3354.470894634788;2479.295000207489;1.0000013829930479;0.05575468547668489
b_ps[7];-0.17559246820462654;0.4533451937418495;0.00739754619401254;3751.3679491473026;2538.8884076083837;1.001786252528167;0.062351514346585445
b_ps[8];-0.1998756629625834;0.45739303747720467;0.007402147018938846;3853.8930093931017;2790.4806359393333;0.9998882908608788;0.06405558412898403
b_ps[9];0.5523630644574287;0.4645948518296607;0.007957449468220785;3465.056798758873;2802.2435762251043;1.001531136705411;0.05759273460462776
b_ps[10];0.8656525554836919;0.4587779052328136;0.008067872063248981;3305.43357404467;2803.430808896167;1.000580886139284;0.05493963580953938
b_ps[11];2.0899002388353947;0.5210415156479588;0.010668143090713926;2389.9648024988724;2563.5828900222177;0.9998977853818831;0.03972362260671202
b_ps[12];0.7853362052228509;0.4467848437637508;0.007865464347705648;3243.9909541419174;2789.6038223154196;1.0001525502615307;0.053918397571037856
b_ps[13];-0.3708165357483104;0.44035707022686793;0.007434672165370873;3544.7012982206666;2382.7743307799183;1.0009609562427144;0.05891650641750669
b_ps[14];0.2251963612233366;0.44621370847252506;0.007215656703023194;3820.4963514708215;2964.1428225363707;1.00032872823583;0.06350049803138
b_ps[15];-1.1963379811379669;0.4690042450553845;0.008220358502584672;3284.8320604567652;2621.024765526325;1.00106827375679;0.05459721790027255
b_ps[16];-0.8426386337116093;0.461269588939077;0.007598011764086211;3684.757410261442;3256.8604363210443;0.9995853570677732;0.06124438008855577
b_ps[17];-0.018346768264164745;0.45449396852363616;0.007458601392648234;3747.0910609229504;2768.7550065962937;0.9998895721802123;0.06228042815586932
b_ps[18];0.5863212468592415;0.44912949402563385;0.0075061981051296415;3574.286008843889;2814.7996843070146;1.0013894371567933;0.05940823411094255
b_ps[19];0.5940968154189563;0.4573399125805866;0.007718114538213962;3522.2883294892235;2696.2227668330015;1.0000819070579636;0.05854398029894085
b_ps[20];0.8453824353854075;0.46329627607831186;0.007827684837869504;3521.4551512000535;2637.91259496251;1.002454038602095;0.05853013203645242
b_ps[21];0.8432493999349192;0.4615044495827729;0.007959171206604528;3372.3624010643066;2877.8169190057333;1.0009077054163729;0.05605206033698771
b_ps[22];-0.8811140836343061;0.46054899832826657;0.007724424462836315;3549.1008508257873;2517.3695626022213;0.9997050877849393;0.058989631413800134
b_ps[23];-1.1583130950821114;0.4776026844872439;0.008336442309983845;3336.8612372718835;2689.769546259234;1.0008863033001212;0.055461995231796714
a_e;-0.0059986862126644785;0.03940810087159849;0.0014778950718146227;723.8873015617397;1279.3108827968338;1.0023441325646185;0.012031736177438225
b_e;-0.0038812855166677545;0.020847434925685755;0.0005042359718511777;1718.2112603275848;2343.174919906963;1.0002806434750058;0.02855840202855381
σ;0.987070507168397;0.0034806929654391714;4.94110558088679e-5;4967.886114878088;2604.073299435409;1.0008030749644576;0.0825712717501977
