parameters;mean;std;mcse;ess_bulk;ess_tail;rhat;ess_per_sec
σ_aw;0.04275339211594387;0.014107653929652799;0.0005945510546429938;573.4878133087698;655.7103630043091;1.0048208082802217;0.005382806016525986
a_ws[1];0.5861988461043947;0.6206682306653086;0.021394129677848088;838.9886459334618;562.2021293395632;1.0056491596448764;0.007874819702046785
a_ws[2];0.6943707753029634;0.5552249187217949;0.020023051587268893;751.5236953496448;701.4671642231701;1.0009460652020559;0.007053866141549357
a_ws[3];0.44914724671948636;0.615242198015555;0.02320098017805042;688.3278476694787;755.5809171882755;1.0046350614712356;0.006460704471470229
a_ws[4];-0.09546759340807047;0.5384357266992833;0.02016598443103182;714.5198390668195;723.4577409070073;1.0023380364439949;0.006706544758929824
a_ws[5];-1.8228233248755938;0.6124346357254603;0.02352132136494417;678.9559157326235;768.4255285070615;1.0040794624473939;0.006372738711003379
a_ws[6];-0.12741383180428256;0.5225441999842193;0.019300600763410718;732.6058402430718;753.035794607134;1.0000620514064358;0.006876301523916235
a_ws[7];-0.4351700027522821;0.6128665971700502;0.020877711104688612;853.0838461031872;846.5974025484289;1.0030654366914047;0.00800711846501437
a_ws[8];0.4339057189040163;0.45657949929796143;0.019002777990286438;584.7266272300161;737.1080842699732;1.0062406757105011;0.005488294492113399
a_ws[9];1.1320365086320103;0.6194296266593884;0.023084014373156415;712.5348063882745;706.6682925188945;1.003542462032679;0.006687913071216314
a_ws[10];-0.5693013117750197;0.717175966076192;0.027729532187198345;668.9832274248267;710.5243631476758;1.0023901726242288;0.006279134199489123
a_ws[11];-0.21212472670614838;0.7174016481057067;0.023391215895150797;940.7991240939441;756.8653584129561;1.0011335380718611;0.008830421620116788
σ_bw;0.024770746525433603;0.01158453176098772;0.0005426095227004872;431.3844922323743;378.7943304123605;1.012844745908278;0.004049012003981713
b_ws[1];-0.0069997841350786455;0.6903528934904715;0.022664390300995728;929.7598738153873;559.2971396068713;1.0123827332596227;0.008726806266070268
b_ws[2];0.5122881495994356;0.7412497027607633;0.027823347982344596;717.3947800784126;624.8104246188221;1.003261860509107;0.006733529202914912
b_ws[3];0.11554780585653877;0.8902010772446289;0.033563349807965784;712.0095850449981;744.9676115998379;1.0066698389357758;0.006682983298445234
b_ws[4];-0.14744555512816357;0.7709116541657283;0.028002020099891566;747.2710227517598;541.48437982374;0.9988680753731232;0.007013950190216168
b_ws[5];-1.3655877406655883;0.6242326737632;0.024271036950208817;681.6085338408086;589.1312206026139;1.0066658800175905;0.006397636413065963
b_ws[6];0.29184225655640755;0.7522923421273012;0.028495794805106566;733.1348327773292;476.79806768180276;1.0035118666476612;0.0068812666934107165
b_ws[7];-0.48096156225008524;0.7992855830135359;0.03203266125642666;626.7632603630628;625.1137627962036;1.0026558910904264;0.005882853951777508
b_ws[8];-0.12109194215038022;0.5762464474200824;0.02008807145145231;816.7121242355169;821.0845638851598;1.002155277193325;0.0076657303504681674
b_ws[9];0.8684203681989866;0.7921266254692522;0.028724804972375412;768.70456609566;615.1579502191877;1.0008044263738276;0.007215127274348728
b_ws[10];0.3404020645906551;0.885665785702216;0.037490660659642266;573.2924396999795;597.5881996546494;1.001934398103856;0.005380972223004204
b_ws[11];0.12154377247251237;0.8324728785897362;0.03108177825131945;714.9555680708872;631.0619095817722;1.0034907000975106;0.0067106345488961335
σ_p[1];0.24217466136567514;0.038856685529188036;0.001326565970622481;1009.1321147183776;795.3810963620377;1.005248885269209;0.009471800956389406
σ_p[2];0.04262838533460202;0.008613299835643793;0.0003252732378000624;733.5112458542404;639.4808808042925;0.9982190279712734;0.006884799738975202
ρ_p[1, 1];1.0;0.0;NaN;NaN;NaN;NaN;NaN
ρ_p[2, 1];-0.5580866182913115;0.16586991475544996;0.005061824577561844;1026.4962031738016;592.7295824501825;1.001135734113774;0.009634781786391843
ρ_p[1, 2];-0.5580866182913115;0.16586991475544996;0.005061824577561844;1026.4962031738016;592.7295824501825;1.001135734113774;0.009634781786391843
ρ_p[2, 2];1.0;4.456977315822893e-17;1.958803119882988e-18;1135.1787338355246;1034.3049892945915;0.9972055972936652;0.010654885381203918
ab_p[1, 1];-0.10607094391748977;0.056601136171455624;0.0016774959531376532;1147.0216448822443;914.4151660405295;1.0057258966059186;0.01076604396444855
ab_p[2, 1];0.01641715194083059;0.020122237241303055;0.0006183745049604876;1072.1589439466627;621.3474662493666;1.0043447944867177;0.010063376204719763
ab_p[1, 2];-0.22543590395494081;0.05691809479084593;0.0016301584833941969;1224.0705798148065;968.3137902366865;1.0049389054135418;0.011489231904797365
ab_p[2, 2];0.04458524427348044;0.020956600194006022;0.000626557197745132;1117.3852018399434;776.3600786262989;1.0070328386365568;0.010487873757140873
ab_p[1, 3];-0.14025440090369276;0.05839380700340135;0.0017763518895185057;1081.967916175707;744.8918714585261;1.0108346467075806;0.010155444063016184
ab_p[2, 3];0.04402493328548299;0.021472304672579188;0.0007235939420262535;881.1832430624215;680.0629649798574;1.0103141094046568;0.008270861825383708
ab_p[1, 4];-0.1378045226013446;0.05664265855401121;0.0017042345999162681;1104.0833792723702;806.0410829536596;1.007120070279772;0.010363021704689421
ab_p[2, 4];-0.01790996758228291;0.02169066076472945;0.0006875276436282794;980.3411825007711;674.0127068888877;1.0048305939423212;0.009201566786515453
ab_p[1, 5];-0.13507717608482664;0.056741689729378875;0.0016440861413094818;1187.0051511354195;952.0896840025238;1.0031879763797846;0.011141332598359796
ab_p[2, 5];-0.014275549269783845;0.021745875393536757;0.0007031755193924686;947.9753570728013;627.1900107874562;1.0045124191506631;0.008897778361024178
ab_p[1, 6];-0.1567138154650676;0.05775936904295031;0.0016046447258404011;1286.0115519492265;917.2630133196202;1.0061272212300099;0.012070615204907896
ab_p[2, 6];-0.033726286566621806;0.02179555543692675;0.0007240686001628891;910.073386615456;744.6421484136258;1.0040547836572722;0.008542027201398152
ab_p[1, 7];-0.07811419388304768;0.05748557326606289;0.0016259057665740833;1256.5377482275164;882.6269635990632;1.006495333309398;0.011793971544273196
ab_p[2, 7];0.02619655714324747;0.020507157220682158;0.0006773930860487118;912.0306156301732;640.4489375445222;1.004801669132409;0.00856039792152794
ab_p[1, 8];0.30550007574512966;0.05760497777923412;0.0016778552512573682;1173.1134585923207;876.9792342804428;1.0041012049132332;0.011010943975506077
ab_p[2, 8];-0.0445435946370646;0.02037084650495522;0.0006579562299549003;963.5905714835194;668.708897277374;1.00670370585773;0.009044344108593257
ab_p[1, 9];0.035150330701516366;0.05834312700040068;0.001762640678706071;1097.7275208457263;915.0803826829775;1.0006953009370734;0.010303365069996986
ab_p[2, 9];-0.054174046289992055;0.022303420147338302;0.0007147791791394224;976.667366199961;653.2417538629509;1.0005587080933445;0.009167084030249864
ab_p[1, 10];-0.033383846772193505;0.05608646356137206;0.0017238451467925873;1055.0578850791987;878.5921926256422;1.0054249289396884;0.00990286419308755
ab_p[2, 10];-0.007559795408372156;0.019597011688600514;0.0006274744300949582;988.3993121064942;601.6581880624615;1.0066688585153374;0.009277201085130058
ab_p[1, 11];0.22049752497254962;0.05877836120287179;0.0017751888267466419;1098.8821712395213;813.912328813561;1.004844043065847;0.010314202718055877
ab_p[2, 11];-0.011683101570246154;0.020858791971145558;0.0006391619882211084;1055.1830862894358;847.0208771231972;1.0034446215260173;0.009904039342431791
ab_p[1, 12];0.3952824159341583;0.057721637331854946;0.001686163161982661;1162.6860357701698;880.5878670263476;1.0012684151862354;0.01091307128666881
ab_p[2, 12];-0.0757985544243766;0.022651413477576356;0.00069602286615258;1071.158970539669;645.6547290358377;1.0041762210862122;0.01005399036818302
ab_p[1, 13];-0.08815761396013676;0.060599202090616554;0.0016957886198406883;1269.771937004895;806.0000907558347;1.002152572200229;0.01191818878014384
ab_p[2, 13];0.011921999546168887;0.020944163977365395;0.0006991467749550248;911.1758209946145;636.3383097686699;1.009769133522965;0.008552374745445726
ab_p[1, 14];0.23064372922984824;0.057487758640810516;0.0017488276483631955;1080.6806066749446;841.4998130447099;1.0079494342444317;0.01014336126515191
ab_p[2, 14];-0.04045568517569418;0.021009598578285663;0.0006706361229304559;985.9377103658103;757.2002137295071;1.0025171050120532;0.00925409627914718
ab_p[1, 15];-0.11644195133028581;0.05763519497361984;0.0017508325740206354;1078.8587277138363;807.9709392437333;1.005007914975815;0.010126260952284484
ab_p[2, 15];0.0332668251992592;0.021135793014207222;0.0006557169304959403;1034.1325534907485;720.4802150616156;1.0016990206553016;0.009706457228269507
ab_p[1, 16];-0.02181941112692556;0.05846169084360543;0.0017382048141409998;1148.8286415906725;820.9074176812301;1.0010147982626216;0.010783004591210349
ab_p[2, 16];0.010768899744431838;0.01935330373654827;0.0006020904002325947;1048.7316910080208;554.4586396955549;1.0029279280673806;0.009843485990590832
ab_p[1, 17];-0.35920180465336615;0.05708559602315864;0.001610265356634457;1246.8252354584306;880.3794588051128;1.0056979848293197;0.01170280906277706
ab_p[2, 17];0.06710843469100689;0.02062298317080161;0.0005950526503129959;1204.850470863228;809.0850063066823;1.0008864352274576;0.011308830306538575
ab_p[1, 18];-0.07201076356893522;0.05703812249803931;0.0016199193021405496;1248.2982807102826;848.5569333931497;1.0025851337637819;0.011716635192400524
ab_p[2, 18];0.017454131981700507;0.02109931832739901;0.0006644161309231738;1011.4904372347564;707.7628213035333;1.0015714048135684;0.009493936374676382
ab_p[1, 19];0.6495212585556697;0.058309922623630876;0.0017638390960943214;1093.5146251340627;880.5183799808991;1.0092724950695935;0.01026382246794429
ab_p[2, 19];-0.0354757574588779;0.020936447812892417;0.0006487026167604971;1028.8822017785833;744.8462454822625;1.0021242098407848;0.009657176974828614
ab_p[1, 20];0.07963092094858798;0.058433026764859806;0.0016638154818053835;1245.2382737504654;733.5592024595727;1.004060585599143;0.01168791370348364
ab_p[2, 20];0.018086548908509744;0.019907311332513843;0.0006289958240134382;996.9246265927064;821.7931913458577;1.005041701207809;0.009357220421276704
ab_p[1, 21];-0.11316540779169532;0.05758063232049229;0.001733512203744686;1108.3526562131858;820.2813433657956;1.0073813975696069;0.010403093505815674
ab_p[2, 21];0.032376972557764686;0.020756036969275287;0.0007045743871147729;864.1950483182428;546.3533171445347;1.0062964200699578;0.008111409166134878
ab_p[1, 22];-0.25568222771482757;0.05765613286626336;0.0017026469725639646;1159.0456861498744;865.2668301782477;1.00144947741574;0.010878902651549385
ab_p[2, 22];0.025276116351140892;0.019967742564447884;0.0006102563721902538;1079.7720230295295;835.1375308837682;1.0040903629974243;0.010134833220789745
ab_p[1, 23];0.04406179717757987;0.058658510633414804;0.0015926630600168025;1347.5482716837537;896.589272678717;1.006708494075541;0.01264820415717033
ab_p[2, 23];-0.006095286792200277;0.02060317826631736;0.0006688601855100961;958.9753945257163;508.95725673546247;1.003139645158571;0.00900102566011139
a_e;0.009707524421106452;0.05541330445554353;0.0017476496064086121;1009.6443764969484;859.6898202246855;1.0054760831629281;0.00947660908956981
b_e;0.009417176672633186;0.014385693887031389;0.000509372322012271;794.7030953807817;697.0825332883538;1.004302458098363;0.007459151709758017
σ;0.9733323686184396;0.0033791157288665234;9.891047201913667e-5;1161.9168135566276;850.1803996757128;1.0037103572497714;0.010905851300710936
