parameters;mean;std;mcse;ess_bulk;ess_tail;rhat;ess_per_sec
σ_aw;0.06158866636903454;0.01954543954061737;0.0008523420717818424;439.5160777611789;748.0091466355816;1.0068844629372768;0.003636915051633524
a_ws[1];-0.29010821124409214;0.5033787955842111;0.016674109556566816;923.3800489457101;782.3553442064459;1.002874915630681;0.007640800799586535
a_ws[2];-0.4964732117635144;0.4652317600974709;0.016589103818036452;793.8909468850417;750.6432049799242;1.0029567235248227;0.006569302194334485
a_ws[3];-0.14559897664322907;0.5603857135157502;0.020878112492690178;715.4423771814002;637.2646007993828;1.0061369567843466;0.005920154646905457
a_ws[4];1.0757093983850141;0.5171303876629693;0.017224457593168825;909.8709742904488;821.6591772814331;1.0013967893641442;0.007529015680831317
a_ws[5];-1.9154488119230286;0.6117119714203549;0.02801456699231111;480.0784663412218;540.1885782408444;1.0040832256260097;0.003972561388642213
a_ws[6];0.37070777946104494;0.44080488196703127;0.016060338016492284;751.7600548661685;617.0119661164588;1.003073307248893;0.006220676778621147
a_ws[7];-0.43476512308127;0.5297651259413854;0.019067725307421936;780.0878312137388;806.2447866956035;1.0040050347745828;0.006455083940021436
a_ws[8];0.8461222014744392;0.4417516112331405;0.018602229775624285;565.3637247363512;756.8618611648442;1.0006072189994215;0.0046782812829397795
a_ws[9];0.4592854690224154;0.476215991282047;0.015420479067906778;968.4179352465034;715.3681600675759;0.9986947487208638;0.008013481060603329
a_ws[10];0.35428693291667723;0.6386183242557106;0.024168077338924166;691.821889682285;793.6148745927694;0.9992697256763601;0.005724699438645402
a_ws[11];0.18342637036094475;0.6358775278216453;0.023172602494248688;752.3250305228003;699.1588866524899;1.009646757352719;0.006225351848711591
σ_bw;0.04630896149938384;0.013588126230161975;0.0005347222605852351;660.2860539001355;630.0333748233616;1.000619050636078;0.005463746172939696
b_ws[1];-0.25264590636500944;0.5399538669583989;0.017594875605114184;949.1167613782562;917.7270711839702;1.0017210127347627;0.007853767381610756
b_ws[2];-0.865698492698358;0.5421555118985519;0.017338261192475165;984.2647050888543;738.9538510438616;0.9986865356203813;0.00814461017891225
b_ws[3];0.14465984002615143;0.7451342988417311;0.0256918296393825;839.4437421015047;661.0311553112563;1.0034204038196695;0.0069462432323293575
b_ws[4];-0.4398530425072435;0.5746932605807791;0.01857961563698816;961.3170988285095;751.5478592759521;0.9996773789271544;0.007954722939673288
b_ws[5];2.018853532375907;0.6222981123627711;0.02475055451317253;629.6687126468977;624.4953954298011;1.006119283628428;0.005210393281250017
b_ws[6];-0.12916894086458833;0.5538763284083354;0.018090627764768757;915.243722404246;787.8374338771445;1.0021598390895965;0.007573474187521765
b_ws[7];-0.4265568034736072;0.6299195106642678;0.020486580715068953;940.6144937111725;698.1029212541531;1.0004457155586008;0.0077834126737489975
b_ws[8];0.2264234263061129;0.4209271889178078;0.01564680807516491;730.0504285394823;822.0805176598146;1.0091331716274445;0.006041033596612759
b_ws[9];0.17192879480805756;0.5549895548708651;0.019739158428875307;794.2031494208455;695.3629805088991;1.0048597358331246;0.006571885613142295
b_ws[10];-0.21047156022790678;0.7550226732948643;0.027140587146792308;772.4163376884759;745.711970675028;1.0038902836404708;0.0063916037360374125
b_ws[11];-0.35128673572535357;0.7186532828791018;0.02746293635188293;693.1058025117627;723.3192074491477;1.0077252111797659;0.005735323582176848
σ_p[1];0.15635078114369894;0.024703465714852383;0.0008495815350076652;903.8827548004573;732.9946191209942;1.0037127957094998;0.007479464261218701
σ_p[2];0.0530889756099025;0.010073202231990068;0.00040640053445041525;639.7872680858743;670.9476019528478;1.007103072710577;0.005294122474421418
ρ_p[1, 1];1.0;0.0;NaN;NaN;NaN;NaN;NaN
ρ_p[2, 1];0.855050573272536;0.08968572535409874;0.0044493547495208195;319.87521867250615;260.1430616913676;1.0213965583764981;0.002646908853392936
ρ_p[1, 2];0.855050573272536;0.08968572535409874;0.0044493547495208195;319.87521867250615;260.1430616913676;1.0213965583764981;0.002646908853392936
ρ_p[2, 2];1.0;8.604053672779704e-18;2.6988092104842034e-19;1026.8644541964075;NaN;1.0002131047063194;0.008497115301169138
ab_p[1, 1];0.019820661707301818;0.038078876477170204;0.0013222634466262036;827.0061576850788;564.5949541659456;1.0025145593094504;0.006843324499070547
ab_p[2, 1];-0.009249350059771221;0.01936222729355767;0.0005973646350889736;1051.2509451440474;916.337104712975;0.9994302130221602;0.008698909047681839
ab_p[1, 2];-0.041226936638873626;0.03728617822440509;0.0012333280052259279;953.4154683003092;503.7458948216207;1.0006435149868342;0.007889338394136653
ab_p[2, 2];-0.02649916094386841;0.020301999707028947;0.0006861469742321906;869.4636124292591;794.6718593364844;1.0048081067004946;0.007194652161529945
ab_p[1, 3];-0.23552880308813134;0.038038118565778954;0.0012501880983311485;932.9595933812925;635.8094007496395;1.0021751977030462;0.0077200697754179325
ab_p[2, 3];-0.0664186863341259;0.019965342139296155;0.000629502402152061;1006.8320179017282;849.1819465316578;1.0032292772332574;0.008331350559519352
ab_p[1, 4];0.057371061330150935;0.03887489368178826;0.0012201227805737937;1067.5067333098812;500.1048471279824;1.0058299111281306;0.00883342271771102
ab_p[2, 4];0.03454925063351334;0.02124847962367226;0.0007905182291950779;714.1462531323236;752.3465412057203;1.0053783283317754;0.005909429457768162
ab_p[1, 5];0.07336894781320023;0.03771220938527508;0.001225447156557726;978.9705384578228;732.1903080472008;1.0028981322479247;0.008100801919600479
ab_p[2, 5];0.01786724219501052;0.01951984000591192;0.0006297507074980956;977.2574347350433;820.8904656292491;1.005684371012383;0.008086626300027874
ab_p[1, 6];-0.31950377537260516;0.038509404303298765;0.0012445617341084458;976.5783258358528;672.4154192331707;1.0007444037487572;0.008081006798257323
ab_p[2, 6];-0.09598281601147424;0.022001685779458782;0.0006616140511549975;1096.7596670895407;861.7388117233354;0.9997388469029951;0.009075485387430903
ab_p[1, 7];0.042450184257439884;0.03816657542820451;0.0013324535862913336;827.5475819231923;634.8830500162506;1.0051653291423672;0.006847804685485897
ab_p[2, 7];0.0011679744728660829;0.0203560108784742;0.0006774339438490925;894.8934060798572;666.3650545158583;1.002732135499198;0.007405079046841861
ab_p[1, 8];-0.002490945257635762;0.0381063643114544;0.0011926180529375518;1023.3969408521517;651.7071714251559;1.0077703749519649;0.008468422263276867
ab_p[2, 8];-0.007084239256298448;0.0212810076591295;0.0007488414797638697;833.0725078232442;570.5198043529194;1.0005600172759015;0.006893522435488156
ab_p[1, 9];0.09089975272773981;0.03814390699043276;0.001323118724986921;862.4007802934727;638.9538300522976;1.0015149988661445;0.007136208519075163
ab_p[2, 9];0.030950683995199662;0.0198818829373648;0.0006456991469120165;918.8261065862189;832.4070167673543;1.0017944436306856;0.007603117760558996
ab_p[1, 10];0.19780182072458505;0.0398581921168794;0.0012846174638054882;988.302842037095;661.1242760049771;1.0020234842786655;0.008178025022624963
ab_p[2, 10];0.05630169533793978;0.020940686509084972;0.0006399831418045555;1076.1779360787032;782.7629117882246;1.002662423346947;0.008905175332601325
ab_p[1, 11];0.34978108133935754;0.038223097610201956;0.001359849469377174;800.6206706609;537.2481199240059;1.0020067580263583;0.006624989426115468
ab_p[2, 11];0.1205667495340303;0.022429650543724474;0.0007882575729133694;822.7080259546974;899.3866927849865;0.9996793173409207;0.006807758246150393
ab_p[1, 12];0.17146542757969038;0.03726683649225427;0.0012612719498412857;917.7545484942247;385.76154986248855;1.0051953246877485;0.007594250813590127
ab_p[2, 12];0.05063900690755197;0.02039376343239176;0.0006678496734827106;945.7732766791922;620.250197471463;1.0030408328832456;0.007826100658043162
ab_p[1, 13];-0.1070174674272558;0.03786167381315873;0.0012960215321210916;879.9516551158392;627.9217930899089;1.0028038943487851;0.007281438794008324
ab_p[2, 13];-0.02744078136451782;0.021061946323217097;0.0006625644326620679;1004.7380211985411;798.2463087444106;1.0003060708856448;0.008314023120289631
ab_p[1, 14];-0.08298041224170304;0.03884603747609644;0.0013101123282846878;915.1345306145705;573.8663292623701;1.003462376880178;0.007572570645459302
ab_p[2, 14];-0.0033835635509108244;0.02188356654044531;0.0007876349902850932;780.1716579867833;529.1352344433972;1.0072961491405772;0.00645577759121656
ab_p[1, 15];-0.2655380902802343;0.038917807420744355;0.0012749726347970189;971.5339107357271;555.4401211759852;1.0022190134959545;0.008039265187124946
ab_p[2, 15];-0.07818419843459422;0.02107527262204266;0.0006925984936592479;937.3790582629305;861.5814976637974;1.0018830045338496;0.007756640037944094
ab_p[1, 16];0.03932833778637538;0.039308786229999976;0.0012873513724200494;964.3064666374947;545.5278861316111;1.0032959854646142;0.007979459410827535
ab_p[2, 16];-0.022726731968105967;0.022694521227418777;0.0008679802875568757;688.2002155639692;752.1512501870892;1.0043066299644925;0.005694730748580391
ab_p[1, 17];0.013270415835175232;0.037948127298834934;0.0012686806030451768;927.1265307395788;581.9529032705558;1.0055731004382367;0.00767180225030979
ab_p[2, 17];0.0018047201950420132;0.020655247924554792;0.0006499554123505832;1011.0707691124887;642.0630794129286;1.0051378655834324;0.008366425449514438
ab_p[1, 18];0.09175288931146945;0.03761187349588099;0.0012111942231426793;1001.3855606670301;607.849507738089;1.0037090571478988;0.008286282123352348
ab_p[2, 18];0.03366952384452469;0.019906591911653636;0.0006332668092774277;1007.4264252360097;648.9799937840569;1.0057646081763754;0.008336269171352306
ab_p[1, 19];0.13252522618814128;0.038844213081666246;0.0013148839586030801;876.5721748630922;581.547505674352;1.003300607761441;0.007253474213826135
ab_p[2, 19];0.03942119577063975;0.020611952669500944;0.0007556038517825695;749.5400812622033;714.2364602677422;1.002485663571871;0.006202306903608572
ab_p[1, 20];0.09524090228624794;0.03837491455979072;0.0012418442501384971;1009.2896555381934;617.7062961432314;1.0012795845958964;0.008351687060875688
ab_p[2, 20];0.04264166301570743;0.01951579166920952;0.000685498166475621;860.3559323382718;809.990380618831;0.998973851270573;0.007119287776734053
ab_p[1, 21];-0.05036078793603972;0.03799348939348736;0.0012025401192041058;1012.5484457909965;571.829862124202;0.9996825978367709;0.008378652953411196
ab_p[2, 21];0.021034774894881963;0.023057051249763715;0.0008768855216685838;682.1399278979801;758.713169812717;1.0067544974576754;0.005644582978009774
ab_p[1, 22];-0.08487401671098717;0.03854490822403732;0.0013178031571915818;886.3817641648878;712.1892363302813;1.0021989626601553;0.007334646768795625
ab_p[2, 22];-0.04272417958300746;0.019865746937115472;0.0006482045607626691;957.4654667305305;770.1125581048993;1.0007516192400085;0.007922851389440473
ab_p[1, 23];-0.13814543652944036;0.03794670565416922;0.0013187174495975149;840.837506922513;644.2126279874923;1.0005814488271771;0.006957776380972708
ab_p[2, 23];-0.058737114724591484;0.021270536058011134;0.0007048810278632879;920.8895815535739;822.6273628309777;1.0021454353806216;0.007620192638014378
a_e;-0.012245952268969802;0.03782125278257355;0.0014428588473043022;711.3977851615788;535.5277437921459;1.0014537538781219;0.005886686388657579
b_e;-0.0033368015420178455;0.020104394581654132;0.0007549170915679803;709.2253359419504;851.0431376538756;1.0024875365463564;0.005868709769221899
σ;0.9870328400805788;0.0034614316520406186;0.00010596203998166671;1064.9137838446807;808.4719204469487;1.0099560450307894;0.00881196653575256
