parameters;mean;std;mcse;ess_bulk;ess_tail;rhat;ess_per_sec
σ_aw;0.029400132833372464;0.011003190156792514;0.00048387375961949904;445.92682669793857;614.0794814383135;1.0087757136357958;0.003679643444262025
a_ws[1];-0.004649488135537621;0.7138530705379846;0.02270529691739088;966.9330648896308;537.5141322737674;1.0022898381495329;0.007978817824457578
a_ws[2];-0.5007918797167549;0.651267745876871;0.018502330174875296;1288.3052984508774;727.838657421073;1.0029926251227428;0.010630677191493394
a_ws[3];-0.37986353930309535;0.6970210024082417;0.022905249916124866;935.4240232984966;690.5205267323826;1.0062148185287583;0.007718815439796533
a_ws[4];-0.3097516949478415;0.6508323462700076;0.022957760565760477;810.5686582559758;690.2851046024263;1.003747761035204;0.0066885494904217095
a_ws[5];1.6036755057658711;0.6180854278034353;0.02273031341812072;715.5942876155934;623.4321473230546;1.002451535639826;0.005904851808702014
a_ws[6];-0.13678229606302078;0.5851367082577568;0.02030882327893776;834.8015230702184;777.7711604180564;1.007616712758691;0.006888511225869881
a_ws[7];0.707188478655356;0.7251601934405115;0.02662050172883815;758.7287528804294;641.5294459720731;1.0015127720254147;0.006260783416380363
a_ws[8];0.17322622180459746;0.5062602145026858;0.01643505627939747;933.4447391202509;833.8028306505306;1.0023093434156662;0.007702483029152517
a_ws[9];-1.1609930015340695;0.6761070581643208;0.02073532579820906;1065.18094021066;709.2560164703733;1.0019713004020576;0.008789527404355945
a_ws[10];0.1348334165563335;0.8322346201729527;0.029882864047201724;790.6611742464503;621.2614929939334;1.0007779496173963;0.006524279393531976
a_ws[11];-0.08458236326858869;0.7666168511566169;0.02359777435097098;1047.3608538089136;851.0351621570541;1.0024195162727887;0.00864248183504153
σ_bw;0.012398805491848765;0.010927429029920369;0.0006431595204155231;236.80482654458035;272.8712119717732;1.0087348906637141;0.0019540365714633494
b_ws[1];-0.15334716323422767;0.8964554016098114;0.0315339103106831;825.2364795713682;669.1389806310166;1.0062567526204027;0.006809583591340133
b_ws[2];0.12677268328664523;0.8696868854235268;0.031449811598936186;769.8394861718982;689.7231948440456;1.0025556659219428;0.006352465581410974
b_ws[3];0.3549181032653272;0.9840426723572185;0.04130557393746897;565.8521836322354;689.3078756616793;1.0027871520500482;0.0046692285668072184
b_ws[4];0.0825716984564178;0.8732720282395203;0.032380814186535524;767.561452911926;528.6615515969407;1.000052216942748;0.006333667990306312
b_ws[5];-0.3201395439070465;0.794537417766919;0.03238505132061012;588.8958832531415;721.2910728622014;1.0115700215323922;0.004859377697034468
b_ws[6];-0.26379545396294246;0.905500907493612;0.036060591974247685;635.2548294024799;588.199830848779;1.0003983142013202;0.0052419166744368285
b_ws[7];0.20009675811420882;0.9323901733199969;0.03887141573869161;586.431585636461;721.3561339561418;1.0014421569273235;0.004839043112912057
b_ws[8];-0.5272376190657475;0.7957904271594634;0.032608037390768015;610.8361227127359;523.5913588057999;1.0064632034040266;0.005040421432148709
b_ws[9];-0.14830018345701956;0.8950366065429737;0.035352136180239246;632.1925404796401;694.99654226286;1.0019658235261815;0.005216647660139565
b_ws[10];0.5069409532544397;1.0454052140735433;0.044613176008590556;559.8415500576052;503.7818964628886;1.0041593986947053;0.00461963076935573
b_ws[11];-0.011083367855046959;0.8997215269757111;0.03335423141380577;727.7124590664179;478.7872780699981;1.0137615644755633;0.006004847026450316
σ_p[1];0.22635970730512434;0.039664510860363836;0.0015652678429613671;798.4981903685742;535.2754492184114;1.0036220670428915;0.0065889479069961435
σ_p[2];0.05266640798671484;0.010483747136309124;0.00040200784731270813;780.5058047351367;504.9897549424297;1.0168003996690913;0.006440480580343112
ρ_p[1, 1];1.0;0.0;NaN;NaN;NaN;NaN;NaN
ρ_p[2, 1];0.19394220446939753;0.2071051907557685;0.006816133931837621;930.495046303003;765.4613318281044;1.0029639896702385;0.007678143121374497
ρ_p[1, 2];0.19394220446939753;0.2071051907557685;0.006816133931837621;930.495046303003;765.4613318281044;1.0029639896702385;0.007678143121374497
ρ_p[2, 2];1.0;6.627541939896259e-17;2.7798830177219366e-18;872.2957551328913;877.501400053511;1.000818014937912;0.007197901459753495
ab_p[1, 1];-0.21403827424094504;0.05253885307295521;0.0017097717213245443;939.6511728170684;644.7721780650243;1.0037970623793488;0.007753696505663566
ab_p[2, 1];-0.0133449937719639;0.02387300826245806;0.000795307646248472;904.6125121783243;757.7384402355656;1.0105602759485515;0.007464568850191941
ab_p[1, 2];0.23768822911988835;0.05354109407674897;0.0017052651038850734;963.1323484251374;702.4202280194165;1.0015440197514247;0.007947455545750031
ab_p[2, 2];0.07519487314196029;0.02574120219222559;0.0008179799059883108;994.16966391476;575.6751566342988;1.0013742440097009;0.008203565399724444
ab_p[1, 3];-0.17307215051447028;0.052839679304499065;0.0016057349432883668;1066.9182429546083;732.5004373959877;0.9995243950540185;0.008803863062741436
ab_p[2, 3];-0.03547403622263007;0.02509095617533975;0.0007569588987735589;1098.1005410797823;841.4998130447099;1.003414602861082;0.009061169266368971
ab_p[1, 4];0.26335365921828224;0.05317146669718796;0.0016727147630044787;1008.1166305691454;743.78109286318;0.9988218112520035;0.008318651241940242
ab_p[2, 4];-0.0041852443690362185;0.024112390278261217;0.0007698002756775926;999.1752415925909;658.7749393369887;1.001498536307017;0.008244869802115671
ab_p[1, 5];0.15542072901855555;0.05357284699031967;0.0015891137858686745;1128.174119242644;608.0444560774193;1.0013623718808795;0.009309326672712758
ab_p[2, 5];0.03564093547631159;0.0243721485695444;0.000717695861545079;1152.6241624968416;841.8831519187263;1.0070346318597254;0.00951108049416018
ab_p[1, 6];-0.5931759584903754;0.05396298210715503;0.001673917376969147;1037.6454788833055;524.2663741583058;1.002682764082176;0.008562313714369621
ab_p[2, 6];0.02182312077179551;0.02554986197560621;0.0008351870564392748;934.4186408653269;743.9366844864822;1.0035188010854386;0.007710519350264123
ab_p[1, 7];0.0172712539456259;0.053525037503176845;0.001621687164748673;1087.5771365962128;631.547041847734;1.0007008711273866;0.008974333548038184
ab_p[2, 7];-0.021784236115436287;0.023788438870079608;0.0007841002618934537;910.1805775586989;700.5865075518368;1.0027903449061362;0.007510514718544007
ab_p[1, 8];0.09115045201011841;0.053588046157940245;0.0016449177577742447;1063.4429423250428;689.2452167312919;0.9994167850485043;0.008775186009887016
ab_p[2, 8];0.033857926668129916;0.024003808143804657;0.0007958449053753628;923.620676990839;548.1372418619668;1.0026491368263653;0.0076214180569502505
ab_p[1, 9];-0.051897705090404776;0.05331069655438342;0.001751035708733218;930.8887548661864;627.0052382678666;1.0005789531845317;0.007681391876656155
ab_p[2, 9];-0.0468343927955281;0.024482192681626685;0.0007691133887019691;1007.8437338985764;694.8012587255693;1.0017132562937616;0.008316399387185829
ab_p[1, 10];-0.052753658685028404;0.05331042046734557;0.0016399782211518894;1062.9492793551067;625.1589623049346;0.9986907531248997;0.008771112463281957
ab_p[2, 10];-0.06964442623510966;0.025441532441525624;0.0008205473097036312;947.9777247601484;613.8651419799171;1.0085207759981811;0.007822404509838914
ab_p[1, 11];0.12344469276265006;0.05269345961730608;0.0016445866423877354;1015.0333474196791;710.9537486436691;1.0002221794243087;0.008375725744506832
ab_p[2, 11];-0.08634481450913412;0.022776294591269883;0.0007360598148797579;958.8842605635554;538.118064992763;0.99935030603029;0.007912401703472209
ab_p[1, 12];-0.03497006015876471;0.05296480336791791;0.0016856701849392002;995.8666203999729;604.5216762415976;0.9988562366404007;0.0082175681338776
ab_p[2, 12];-0.0008830225162813082;0.023684341684643926;0.000767932428253906;949.8365537203204;766.6714149564666;1.0011169161874223;0.007837742963118233
ab_p[1, 13];0.08766330950346933;0.0536498765988197;0.0017380141286075046;936.3539400679515;613.253848026611;0.9995676816021463;0.0077264888111650415
ab_p[2, 13];0.008542749140425394;0.025024577444209918;0.0007994132364323736;979.7339043908655;558.4048978235364;1.0069723983472147;0.008084446197391675
ab_p[1, 14];-0.021063203398409978;0.05278119137791628;0.001723008849658706;947.5582162445048;614.7196175474897;1.001689419466693;0.007818942861723167
ab_p[2, 14];0.05769976734249251;0.024011658695383773;0.0007703836817119872;974.7466058237391;594.7224313201624;1.0050478483528154;0.008043292628289327
ab_p[1, 15];-0.21519115365065136;0.0544135268865713;0.0016527977170754109;1080.868051878553;672.5541919332213;1.0007588022437588;0.00891897235844315
ab_p[2, 15];0.022408466557571758;0.024274003180966012;0.0007744290205758919;991.7434461275179;734.3551183979137;1.0013004065368212;0.0081835450379954
ab_p[1, 16];-0.09584888000724698;0.05277484385423674;0.001690580040549418;981.4159149983446;695.1332086876783;1.0015387845641313;0.008098325603012593
ab_p[2, 16];-0.03275860960580446;0.023806873101542336;0.0007825619877654583;916.591123468184;599.1859906449663;1.0003756492226237;0.007563412462787494
ab_p[1, 17];0.0205708776188922;0.05295628603919632;0.0016365234807069824;1058.5704781949491;617.4495770259726;1.000227336078073;0.008734980017288492
ab_p[2, 17];0.029520259203011365;0.024747593037838606;0.0007343060832455187;1136.9671940118565;696.1756891920876;1.000528668188032;0.00938188427183508
ab_p[1, 18];-0.004824338814375816;0.054829461910720446;0.001639403566477306;1105.4581284523963;723.674153786351;1.0005070079090805;0.009121881689395189
ab_p[2, 18];-0.03070613595086687;0.025630165190671246;0.000824955884498407;955.0284141487075;491.16480494247475;1.0214582908949437;0.007880584510307272
ab_p[1, 19];-0.11792220083353887;0.05322474694323242;0.0016373319843534287;1050.8292616411431;847.8382685957463;0.9987185600525197;0.008671102010769453
ab_p[2, 19];-0.05499753659081212;0.024700306922246174;0.0007628620697635868;1050.4590851733474;783.2015725093552;1.0059367240815222;0.008668047434701377
ab_p[1, 20];0.17074104598827075;0.05265650900438002;0.0016217361478447958;1053.9431999762137;795.6851781646081;0.9970217171037712;0.008696797219253153
ab_p[2, 20];-0.013806451428267452;0.02524985160332296;0.0007938719977901105;1011.0647233085937;709.1354920865183;1.0045840002911373;0.00834297794639558
ab_p[1, 21];0.4591002251042078;0.05304754942921734;0.0016809223057644815;995.2894410889785;627.4377357209786;1.0014878512298244;0.008212805437532123
ab_p[2, 21];0.07787653793525358;0.024568993190480636;0.0007912734172328098;971.783141039739;658.327585259601;1.0030889546326647;0.008018839078711487
ab_p[1, 22];0.06855534163173835;0.05331529808079521;0.001569139989437134;1153.77091870048;683.0642131246273;1.0015406868239412;0.00952054315416234
ab_p[2, 22];0.013771969181180474;0.024954737988445223;0.0007904780520648632;989.9692566622674;769.3124450501336;1.0042044534738817;0.008168905002357648
ab_p[1, 23];-0.12304826482820644;0.05357036129306387;0.0017574127995082876;916.4212848812576;599.0591336879498;0.9988169310644286;0.007562011009890852
ab_p[2, 23];0.02744292523484292;0.025139706654981234;0.0007604440271951974;1100.1630063389644;790.0994409374836;1.0023951973547847;0.00907818806029569
a_e;-0.008231819757740556;0.049858235750307525;0.0015316370170101788;1046.640016627622;529.7686435019882;1.0043302343382394;0.00863653372057584
b_e;0.027795249728457597;0.015075713876495204;0.000492926363513021;924.4987994050794;569.605005610801;1.001844366613628;0.007628664038109863
σ;0.9799911106014941;0.0036838137931316547;0.00012305225085322097;896.6081294216351;626.0590385431948;1.0062303575583718;0.007398519281579721
