parameters;mean;std;mcse;ess_bulk;ess_tail;rhat;ess_per_sec
σ_aw;0.04297667421058405;0.0133733764139431;0.00018847054051156738;5107.89070566713;8592.317883470567;1.002173031417794;0.07427226210984951
a_ws[1];0.6361224535116765;0.6078964131565868;0.006395500092381622;8986.523620179567;10579.949969170215;1.000134902481189;0.13067026611078525
a_ws[2];0.7426880134457772;0.5422522128390064;0.006423626889636853;7092.327246757034;10389.814175162592;1.0001600056037603;0.10312734132222716
a_ws[3];0.4232107395975963;0.6023408698983083;0.00640538167169675;8869.85155943694;10431.053228353085;1.000286725254523;0.12897377368843205
a_ws[4];-0.11915597076654251;0.5456181085948996;0.0062984686297219115;7449.903549358742;10446.012968443629;1.000342645080163;0.10832674796607707
a_ws[5];-1.7639874029783889;0.5983934508887973;0.008471481136385675;4776.384442307585;6404.778811788656;1.0010757520954852;0.06945193185963891
a_ws[6];-0.15355945627357465;0.48859667673327795;0.006149429218265359;6259.9699473838755;10229.581154836407;1.0003674526035147;0.0910242907539172
a_ws[7];-0.44066085061400906;0.6087166326697845;0.006330053304831572;9205.427079490935;10978.198062975318;1.0003860173517591;0.13385327374418826
a_ws[8];0.4725905765992208;0.4223896455627654;0.006508965321247107;4168.108529704586;7872.707220341969;1.0005263253640673;0.06060717956965088
a_ws[9];1.1123940761737976;0.5646605310025697;0.006765006011704789;6902.819801683667;10222.310732032194;1.0007487410124252;0.10037177205825663
a_ws[10];-0.6065113923733613;0.6996819507076957;0.006231809088017949;12600.64331621951;10618.972932667577;1.0000770790507967;0.18322206504861893
a_ws[11];-0.21347755855513212;0.6923074341057498;0.005980817117218766;13380.692212894739;11902.09092085303;1.0005943317341315;0.19456451527921653
σ_bw;0.022181419649673576;0.010571764776646656;0.0001317893088516081;5773.632006812458;5372.138154378786;1.000119880360701;0.08395260087691796
b_ws[1];0.13623591066695742;0.754662759627227;0.006007211305855729;15873.713915349768;10955.258221436683;1.0000029070141259;0.2308147743391546
b_ws[2];0.581859489936094;0.7793378085384203;0.005756491216746932;18608.702817132886;10385.07243842636;1.000198652664719;0.2705834037570455
b_ws[3];0.16607137055626026;0.8995692168726266;0.00695233556902506;16760.26082186306;12323.703908875192;1.000627753999573;0.24370577925830378
b_ws[4];-0.05756654715900029;0.7523627031169762;0.006113140000981047;15149.140717244534;11790.325147225478;1.0001795363577144;0.22027897911790287
b_ws[5];-1.247098271680271;0.6201787000802613;0.006683215248988819;8723.895172988692;9835.379439252514;1.000321145442331;0.12685146692512106
b_ws[6];0.31360023345568816;0.780612869233201;0.005688987379915962;18864.740070565982;11994.895058525713;0.9999786326149537;0.27430636242876694
b_ws[7];-0.3950829983117927;0.8231292726364814;0.00631600429923785;16969.984944886597;10899.595234855471;1.00024579704849;0.24675531299611073
b_ws[8];0.10090887450590805;0.5503481204304338;0.005263277515402498;11137.664472611012;10676.144519870828;0.9999655811164451;0.16194934125813146
b_ws[9];0.9373711874772687;0.827820427085382;0.006317114274616805;17519.868481107867;10032.261198698992;1.0004421964902257;0.2547509997649769
b_ws[10];0.3688227586900443;0.9219525419895764;0.006661431069768107;19201.53712859212;12359.519836585701;1.000009001135876;0.2792036244911267
b_ws[11];0.17863678317185686;0.8670121480010478;0.006353263195560905;18272.50780024752;12328.158379886167;1.0002318251109201;0.265694895789083
σ_ap;0.23988857679111372;0.03877495093965378;0.0009158957626277824;1764.7165260802258;3835.5405635209354;1.0017678434372455;0.025660198294609936
a_ps[1];-0.41707563764485134;0.13180781980046308;0.0021481957080380937;3839.50418001471;6752.603141340061;1.0007680244684622;0.05582904515038369
a_ps[2];-0.9227912674066309;0.18099600179794845;0.003678152389492303;2425.75458127674;5057.980525017169;1.001629743221949;0.035272148614077126
a_ps[3];-0.5615383992559565;0.14308353831684847;0.002571461249467407;3141.031079634974;6257.2146070923;1.0010528040838083;0.04567276339389935
a_ps[4];-0.5628051061971382;0.14240528583162673;0.0025478955114291305;3149.6551104713562;6829.499092064209;1.001127830245943;0.045798162764330776
a_ps[5];-0.5432701486494431;0.14225396289859407;0.002467256885096203;3388.1455792473175;7187.08277443878;1.0009439117130285;0.04926597905647981
a_ps[6];-0.6459273655510788;0.1532698612706886;0.002782489112523723;3059.527603396612;6545.6041447103935;1.0009531802526266;0.04448764650341395
a_ps[7];-0.298572329244518;0.12335872602583313;0.0018144485160319563;4723.672701905224;6780.571613028032;1.000977877012812;0.06868546671286377
a_ps[8];1.3344603933886692;0.23322486986099156;0.004919517184802392;2231.677774687384;4858.691825846479;1.0009138808469138;0.032450137674717265
a_ps[9];0.17485803492967794;0.12044309260217409;0.0013968299900943473;7530.00341561134;8086.246858767979;1.0002099819827042;0.10949145539700865
a_ps[10];-0.11196467298993851;0.11708017322292776;0.001455910882836816;6492.78622361645;9040.901485594104;1.000812316628504;0.09440960036373322
a_ps[11];0.9783676607190814;0.18929202864470343;0.0037250667307054033;2563.916034764314;5882.419828656879;1.001426648780551;0.037281111663251584
a_ps[12];1.711764231331961;0.28504949659974455;0.0062488574449537735;2066.829542862965;4509.919363927289;1.001409579334627;0.030053130419095225
a_ps[13];-0.34467268014675556;0.1286424830049138;0.0019289341300005414;4555.715901425507;7134.907055446961;1.000908193605527;0.06624325871994001
a_ps[14];1.0082413313219707;0.1922852506307498;0.0037906305357762594;2565.1398584980575;5449.224211360575;1.0010945070121327;0.037298906906408996
a_ps[15];-0.45946860496521813;0.1362658724946095;0.0022083389935947345;3861.97012246255;6994.209349583971;1.0009608690156404;0.056155715485005274
a_ps[16];-0.05823222302699705;0.11684859284018256;0.0013632931910943313;7373.820210052;7976.545459690889;1.0003048583259337;0.10722044361369276
a_ps[17];-1.4987722326007755;0.2530159600234905;0.005720183556771734;1947.6993216815583;4685.528446777527;1.0018796812691866;0.028320894644556633
a_ps[18];-0.26986594496168087;0.12395178059623356;0.0017657394431382471;5002.928472572508;7461.428660320465;1.0010765304877076;0.07274603867687952
a_ps[19];2.815470695845275;0.44113257520727;0.010097340860935966;1901.3831789371145;3990.5735849559546;1.0015511819404677;0.027647425909210377
a_ps[20];0.3808436352560625;0.1321161689140437;0.0019120793366886972;4885.180554650079;7900.926906483995;1.0004589030780482;0.07103390254735724
a_ps[21];-0.4437244431590293;0.1346743645746078;0.002192426454202783;3841.895199107818;7080.808018745813;1.0007580821484279;0.05586381222098603
a_ps[22];-1.0567423962294962;0.19656476735755116;0.0041783539781045445;2212.686636285135;5162.240333128153;1.0015323148476991;0.03217399339316259
a_ps[23];0.2222814493628359;0.12139102906944159;0.0014753409725516032;6907.874162496119;8741.952290512996;1.000391847488011;0.1004452659587122
σ_bp;0.04311601782104805;0.00894694968314747;0.0001234771115532126;5218.887319019094;9097.101296823215;1.0005074508233465;0.07588622960352281
b_ps[1];0.43782213045267565;0.5061652238325736;0.003781646479142661;17943.101502172347;11332.864170651244;1.0005993279901697;0.26090510048588084
b_ps[2];1.106442079227558;0.5024968989966884;0.003990705632078689;16072.709513959331;10603.945559311916;1.0001571001237788;0.23370830791500768
b_ps[3];1.1562058309485623;0.5168058798247446;0.0037743849171803694;19068.914409494748;10874.765808469852;1.0004318561776189;0.2772751984690913
b_ps[4];-0.5312342187243958;0.5079366254004928;0.0038495396894394204;17635.941712914708;11082.087205628692;1.000219773660124;0.25643878480061405
b_ps[5];-0.4377187573513089;0.5041985982735302;0.0036682019764034826;19038.82113767016;10558.753920897638;1.000319515200747;0.27683762149231317
b_ps[6];-0.9727887725170424;0.5258151355466925;0.0038759702006630286;18618.78431989984;11559.308801424348;1.000245492965686;0.27072999577694473
b_ps[7];0.72150326946621;0.5122001116016465;0.0038636919881576966;17703.563774016;10507.982967516804;1.0000509690615866;0.2574220563183368
b_ps[8];-0.8604616868135556;0.5148009166197477;0.004155991106429389;15578.332746741076;10435.160807454049;1.0000584632426452;0.2265197279410635
b_ps[9];-1.3455382415198403;0.5194748249715923;0.00447271766813789;13841.007936675316;10359.83390695477;1.0001454888319599;0.20125782413407992
b_ps[10];-0.1339862305620605;0.49668502347332966;0.0036927653209804577;17954.6025134632;11575.018629166127;1.000170977254349;0.26107233314106953
b_ps[11];-0.03983833852463899;0.4976374453535065;0.003517085813350013;19990.437554470467;11324.758516540129;1.000666402295791;0.290674782075685
b_ps[12];-1.628327319219288;0.5277690202309003;0.0046692102231881945;13024.388918925126;10245.009720052061;1.0003450833696905;0.18938361906094917
b_ps[13];0.32402835129993507;0.5019090776082703;0.003618595501259153;19256.057743241014;11341.10767880142;1.000277386761623;0.27999639191997944
b_ps[14];-0.8479582181548481;0.5156467803821376;0.004011017444646551;16898.081119852362;10887.644298609752;1.0003683672753383;0.24570978167068158
b_ps[15];0.8933470372503693;0.5147544706806881;0.003910671688313404;17710.583793204907;11080.377864874492;1.000622045559759;0.257524132250509
b_ps[16];0.3633166192642657;0.5052188913443502;0.003655954414866131;19061.31774299411;11491.234880828897;1.0002089310289324;0.2771647376863517
b_ps[17];1.5994678457801002;0.5241933439924605;0.004214947811612965;15863.72138576136;11484.141506518416;1.0004102582173227;0.23066947605078142
b_ps[18];0.49642177739183024;0.5134005980337206;0.003681795929864665;19481.10716150788;11714.800444790077;1.0000169714295448;0.28326876604549484
b_ps[19];-0.3103079983483699;0.509701829555342;0.003738064839794883;18767.51447721437;11204.13167749592;1.0003959655511774;0.2728926350862486
b_ps[20];0.6389590833995925;0.508402701171391;0.0036207761449341255;19788.530259097923;10664.106387234864;1.0001772593099238;0.28773891041594835
b_ps[21];0.8518894048908051;0.511954130663858;0.0037804554107621325;18455.394664980453;11757.886869487853;1.0003795067390318;0.26835419723788306
b_ps[22];0.528303615218202;0.5103523279292146;0.003805031529470557;18068.892398086737;11168.582437842091;1.0004845737363335;0.26273418707577606
b_ps[23];-0.03871274731887281;0.5036809424333617;0.003802802411345566;17629.796287750374;10788.850711246907;1.000240510048426;0.2563494260701942
σ;0.9734093866648639;0.003423945399406706;1.9463904362331533e-5;30972.162671057144;9673.431025228569;1.000177541103695;0.4503566572913206
