parameters;mean;std;mcse;ess_bulk;ess_tail;rhat;ess_per_sec
σ_aw;0.059214888949088086;0.016629320478079853;0.00023448568719201712;5028.090344662251;7482.707028263365;1.0000534292190266;0.056335819276574925
a_ws[1];-0.3436457365739838;0.4980907007641299;0.005703736689821683;7625.698525287322;10530.755150845744;1.0004249122662847;0.08543998705876232
a_ws[2];-0.5572944604959156;0.44558555042882053;0.005748827819724133;5989.350761246708;9550.320172262756;1.0010883625184444;0.06710599033444296
a_ws[3];-0.18620998854660747;0.540671904661897;0.006203636170859125;7591.423154031146;10280.517600995867;1.0013607774634516;0.08505595833446239
a_ws[4];1.073604011991617;0.5151916257008561;0.006620974949506026;6055.011009312121;9823.605489521913;1.000000997761094;0.06784166205374591
a_ws[5];-2.032181269307649;0.5728431293269192;0.007779484893709412;5301.698804584109;7505.90752928087;1.000460983625951;0.05940138805002845
a_ws[6];0.3294378581850972;0.4243665680238839;0.0059249058220847165;5100.292249102175;8669.794794780124;1.0007445995804116;0.05714478513858856
a_ws[7];-0.5019935178257638;0.5441734589929894;0.005863939112808074;8629.171413601074;10404.79675616863;1.0004335180844004;0.096683115843232
a_ws[8];0.8120467173615732;0.4008970501751642;0.0065271903648598615;3674.9282559771264;5024.3474754443405;1.0011494163620673;0.041174696533224836
a_ws[9];0.42113559856928084;0.4541486749853788;0.0057789561805569245;6147.4336223164755;10158.483688053682;1.0007463369606169;0.06887718513833198
a_ws[10];0.34973931466832064;0.6425625074868738;0.0064848647885177284;9810.134813015029;10858.746844761594;1.0003733513134605;0.10991488696927432
a_ws[11];0.17727449965921133;0.6351744589583045;0.006292793209119118;10161.54525261368;11067.918791046912;0.9999443932098216;0.11385216606732146
σ_bw;0.044203318923990785;0.013351571746265353;0.000178550341441441;5752.011499993235;7701.582248085546;1.0005867439471738;0.06444678956184634
b_ws[1];-0.27894819862214476;0.5156033843061116;0.004989711853719243;10833.66111045214;8376.140513745055;1.0003281487919926;0.12138269851694294
b_ws[2];-0.9150582600823652;0.5450449935692437;0.005076317550137162;11693.676576281245;11393.977981876236;1.000260080636697;0.13101849909666827
b_ws[3];0.13700970955630754;0.7495763588678315;0.006655288405148789;12685.140024146936;10767.06266506237;1.0002921315543694;0.14212707149485246
b_ws[4];-0.44827378730988066;0.5548968362511563;0.00545121192893238;10472.359571524563;10887.544661795208;1.000510575643263;0.1173345973878572
b_ws[5];2.0701358422492357;0.5824185335216365;0.007812609971916193;5442.082315541329;7175.623144701009;1.0003888148759985;0.06097427548056015
b_ws[6];-0.17576289834173553;0.5571043287940968;0.005371106957451909;10739.596875606923;11086.135866164597;1.0002752677662572;0.12032878234372722
b_ws[7];-0.47464372199049526;0.6106290124369278;0.005539159099709427;12213.58011227442;11643.31626692708;1.0000979955153326;0.13684361154240163
b_ws[8];0.19450433767948092;0.3300566605988232;0.003821260982072186;7437.655742906514;9847.654493379552;1.0001668093856317;0.08333311477160951
b_ws[9];0.15506675341623305;0.5902109981213991;0.004972079917324939;14153.20407415805;11048.721602826985;1.0001624498745498;0.15857558083710419
b_ws[10];-0.1834294343999299;0.7846664619696238;0.0070709595840035685;12319.716449521575;11693.361263336952;1.0000820566315958;0.1380327861800811
b_ws[11];-0.37811944557983707;0.7114141090346727;0.0063401202488766635;12614.095382960613;11103.9100334898;1.0001963303377817;0.1413310718623696
σ_ap;0.16261135943308494;0.027021811585258196;0.0005953400270936109;2048.2902047204007;4824.679842528826;1.002067423070737;0.02294948954558976
a_ps[1];0.10002919810390648;0.1830534465695221;0.0024020326727846883;5844.517658189646;8672.62346721576;1.0009466494873858;0.06548324870495932
a_ps[2];-0.28576172836682595;0.18647519313466843;0.002344303282992816;6348.856354924645;9368.825859004945;1.00042771313809;0.0711339693018174
a_ps[3];-1.5396441486596146;0.2901217497199168;0.005311809377792294;2960.020573919737;7113.437059247669;1.0008040333820276;0.03316471516553215
a_ps[4];0.2763069581101739;0.18830897562109405;0.0025825457189104697;5465.32253087969;6688.175257638018;1.001683129135584;0.0612346639146384
a_ps[5];0.42100034215158844;0.19513950879493944;0.002773379174816646;5059.804684676788;6818.128581031162;1.000635195383211;0.05669115364908307
a_ps[6];-2.056557504003001;0.35676563975659237;0.007030690817800476;2547.53280473696;6413.010502348089;1.0011104802532653;0.02854311236494853
a_ps[7];0.22637018102363032;0.18595603941171374;0.0025028023073745214;5571.589316201058;8072.580155333485;1.0009852781669104;0.0624253001209513
a_ps[8];-0.0614204444062322;0.1808095867064594;0.0022380713206368503;6527.237385824006;8046.777683440668;1.0009818830080004;0.07313258922116385
a_ps[9];0.5135517193445691;0.20060082004154126;0.003070880082074789;4422.612330346529;6707.803692434011;1.0014726869630302;0.04955191173866826
a_ps[10];1.1943417929627966;0.25977115012529406;0.004895983685697274;2833.2224767364173;6374.804380991647;1.0020442351407672;0.031744041669655866
a_ps[11];2.1277985957772634;0.37412658547140004;0.007729664046312987;2329.545236926676;5487.945748335323;1.0019555614456475;0.026100732180245386
a_ps[12];1.0278110481863219;0.2435474855008462;0.004323635107601202;3182.9283729951535;6828.611851270323;1.0017806424459146;0.03566222269289446
a_ps[13];-0.738790602840261;0.21038323546029375;0.0030758129618661135;4681.125357880653;8592.056102923352;1.0003993124887691;0.05244834800005388
a_ps[14];-0.6150394514299894;0.20228374771676313;0.002834312743643346;5131.991633875834;8035.07940472001;1.0002067668865993;0.05749995194932083
a_ps[15];-1.732345679736421;0.3135445873933291;0.0058650495951421185;2832.783872657907;5880.473403744102;1.0009271271962448;0.03173912745403777
a_ps[16];0.24813991103294905;0.18518515746733027;0.0025272537418669296;5390.234308626175;9516.276315586912;1.0009535350181202;0.06039335911923751
a_ps[17];0.03713947908381646;0.18314338518305623;0.002271703220294822;6501.5046464353645;8246.236662635321;1.0010901640589862;0.0728442740047858
a_ps[18];0.5129464369460158;0.1993981280708581;0.0030335964379709876;4392.593970213877;7577.443165085981;1.0014013719582437;0.04921557949411989
a_ps[19];0.7911173802124679;0.22066888803576307;0.0036459903388831273;3696.9025172289303;7114.204099464875;1.0015562208059285;0.04142090094200839
a_ps[20];0.529485126263558;0.20122401749435265;0.0030724227998103334;4362.182831482602;7308.3612234988805;1.001302786520294;0.048874846472610305
a_ps[21];-0.43863843819732284;0.192119356803342;0.0026238789265568504;5375.695901863582;8278.754807110528;1.0007474005838335;0.06023046764358686
a_ps[22];-0.5631587696595284;0.1963423603858315;0.0027129305562402137;5257.9734122917935;8429.336377495967;1.0005023658083332;0.05891147923194363
a_ps[23];-0.8951010404673003;0.2233244557479524;0.003486338436059488;4116.198438644418;8347.729729442615;1.0009063429758243;0.04611878376293742
σ_bp;0.05509404286634776;0.010447880135347507;0.0001685257875309424;3969.433293478619;6419.212857898466;1.0003521234470356;0.04447439511289296
b_ps[1];-0.37714656445958006;0.42571115192615566;0.003718133788680363;13130.619438375561;11566.648053193143;0.99992489519795;0.14711831987169602
b_ps[2];-0.6505142889272656;0.4314552654506361;0.0038725538082545006;12475.10237209997;11086.138353703453;0.9999006935807028;0.13977376389775342
b_ps[3];-1.0209716056493912;0.4469953778124945;0.0042111958345566886;11464.143971780648;10999.443905649468;1.000258273638215;0.12844676580652276
b_ps[4];0.7395696928458622;0.44392006155682134;0.00403275622420727;12234.880127760425;11184.409908381002;1.0002509679870546;0.13708226155478292
b_ps[5];0.21949120201176534;0.43787369583630065;0.0039042471967543303;12624.940880299453;10034.060563891193;1.0000324237911276;0.14145258717656717
b_ps[6];-1.5391457130435182;0.4771208022398202;0.004912885409609071;9564.763236598634;10527.674138998806;1.0002474317218224;0.10716569038825487
b_ps[7];-0.19335352551677196;0.4285667559439981;0.003748697073144165;13055.166975241742;10875.290447116215;1.0002746862351997;0.14627293404214511
b_ps[8];-0.21345209812049837;0.43241644826975006;0.0037227740373199764;13517.36879260748;11046.77074198659;1.0001250522686604;0.15145154386566645
b_ps[9];0.5465866572080358;0.4397143202221674;0.00401197395250824;12028.94734639056;11182.908586967076;1.0009281398080023;0.13477494582273944
b_ps[10];0.8515890868971592;0.4443656527192903;0.004171612216333265;11427.106060954531;9833.181001811623;1.00032460670768;0.12803178498723478
b_ps[11];2.0926287747177477;0.5083110610225465;0.005753706141761068;7778.166546613355;11284.15920734115;1.0001865669028274;0.0871482719753209
b_ps[12];0.773251693457348;0.4492716795595582;0.004332399935392438;10838.836099409591;11189.9318075548;1.000476093916865;0.12144068022026988
b_ps[13];-0.39771546108360667;0.43456715781813965;0.0037455697404465997;13458.638291512012;10570.198992165226;1.0001023613392623;0.1507935145406267
b_ps[14];0.21615842371032296;0.43185506216778397;0.003755748092491217;13240.28636844298;11558.846207715183;1.0007228887600725;0.14834705204025253
b_ps[15];-1.222223081965472;0.4568819615126357;0.00462878500542844;9815.136337693933;10646.612180184817;1.0001729511008242;0.10997092514104606
b_ps[16];-0.8768646358881571;0.44575283466862026;0.004149011609736444;11617.864736391606;10998.570988184236;1.0001830229802178;0.1301690867316774
b_ps[17];-0.0339128490975099;0.42725738363159943;0.0036218654731633043;13965.751649622869;10144.286218131148;1.0003091741433996;0.15647532304782633
b_ps[18];0.572742393532575;0.4373038965561425;0.00397887404980147;12209.311984487245;10257.12383371437;1.000068861160103;0.13679579050912946
b_ps[19];0.5879445120001544;0.43759466167368954;0.0038692966184644003;12790.770998666823;11074.932004543614;0.9999121193032596;0.14331058393847396
b_ps[20];0.8356333419029562;0.4416663238718619;0.0043024527414907395;10632.741324040691;10915.419365654736;1.0005031644099232;0.11913154947218096
b_ps[21];0.8257677623479229;0.44659318485935046;0.004204031713137144;11428.107185756608;11357.538464432853;1.0005517134554398;0.12804300180754966
b_ps[22];-0.9128695465248213;0.44765958573393627;0.004346692860617249;10741.465890496105;10675.075177507782;1.0002726874116972;0.1203497231935936
b_ps[23];-1.1836383467749902;0.44913535492868834;0.004351304113106809;10744.502631146614;11005.032776230373;1.0001349792591074;0.1203837474972059
σ;0.9870987980527893;0.003503136440411756;2.224776521149599e-5;24791.74495729531;11416.095874534727;1.0000564535602876;0.2777721098324743
