parameters;mean;std;mcse;ess_bulk;ess_tail;rhat;ess_per_sec
σ_aw;0.05492718232291689;0.016676111350833057;0.0002211789319901293;5813.198321292383;8366.578861669057;1.0003555146792893;0.07373381144342163
a_ws[1];-1.269236800459365;0.5573553404943126;0.006262476764729062;7900.410471618569;10287.968537709314;1.0000411158775917;0.10020772453372113
a_ws[2];-0.17098579146364035;0.45304092154973785;0.0055734480809091595;6600.598573350746;10006.054740211386;1.000131137233848;0.08372108841333353
a_ws[3];0.5793104114515111;0.5851640550571634;0.006105171632484155;9190.329931523669;10664.721116863386;1.0002804555403124;0.11656888632059409
a_ws[4];-0.937764694839554;0.535412208763116;0.006100543384886383;7678.4820772593475;10470.609472503722;1.0005623742223668;0.09739281517071385
a_ws[5];1.7663794013975163;0.5672500314177717;0.007832068412932422;5096.231887019044;7257.862986547175;1.0002566334887568;0.06463990737303375
a_ws[6];-0.43715109353036125;0.46071597768105843;0.005799406041839701;6217.426906111146;9728.85749219516;1.0002969505810382;0.07886099145788938
a_ws[7];0.6705506818493406;0.5670182899392144;0.006163143551404552;8517.018549190534;9861.745072559808;1.0000511601297148;0.10802869695085936
a_ws[8];-0.24172240567053446;0.36956398473260443;0.0055291118225948704;4444.0645486981275;8514.261955588154;1.00036836311226;0.056367906162068354
a_ws[9];0.045264843955253986;0.4732556777616167;0.005382515473198876;7705.390522012529;9744.483370841888;1.0000505705704248;0.09773411819910008
a_ws[10];-0.2651661307262781;0.6463646409762531;0.005880768492818201;12048.007179460315;11328.482368138737;1.000323079038231;0.1528152732009014
a_ws[11];0.2246255539290896;0.6534124501100775;0.005743833434591458;12931.634039902336;12088.914364229731;1.0001783635094383;0.16402307529420582
σ_bw;0.04127542615963488;0.015594422046534431;0.00020993981520832977;5100.721326571523;8234.992873886258;1.0002502658715147;0.06469685080953008
b_ws[1];-0.6263562811200146;0.5518966375348111;0.004904779555513448;12777.791340711638;11120.629183864301;1.0000523289197165;0.1620717555650086
b_ws[2];-0.3145071778545419;0.5741506208211272;0.004973857310084533;13376.578851283122;10564.37741903484;1.0002412498040736;0.16966669435067488
b_ws[3];-0.9312913265007634;0.7792605959324663;0.006603892840482789;14008.341298158199;11161.20134929751;1.0006248565012565;0.1776798827128028
b_ws[4];0.6640295737309302;0.6036638511871297;0.0060548511984578526;9997.161962105043;10999.672142074674;1.000074145342073;0.12680263330828917
b_ws[5];-1.2438767174648457;0.46548759653512295;0.005134118357682748;8280.831818171968;10679.27727522298;1.0001784112476608;0.10503293679821255
b_ws[6];-1.1847511707006815;0.6011792954141262;0.005049561121469838;14256.826089258813;11126.389727541597;1.000273217901308;0.1808316297754245
b_ws[7];0.09225197108684265;0.6512214886309503;0.005824451054216692;12568.436415172699;10855.862961767347;1.000203188691755;0.1594163263586973
b_ws[8];0.1814304076535879;0.40063241531046767;0.005264893570141523;6201.333542960072;7399.828398307905;1.00040700403461;0.07865686544351869
b_ws[9];0.8342646039010382;0.6354507900195464;0.005471332967993121;13686.113946710702;11435.763188129296;1.0003279887095193;0.1735927951131042
b_ws[10];-0.18899594001286427;0.7950114306391167;0.006309325584017468;15905.65713160869;12347.369662712392;1.0000782018652377;0.20174517692439875
b_ws[11];-0.3362757000751646;0.7355744472970337;0.006097905330994856;14555.6035174224;11551.497604428137;1.0000196763134759;0.18462128175944054
σ_ap;0.20546223965977936;0.03289185420698991;0.000675069785345686;2347.9276262687736;4830.120479024907;1.0007613160746307;0.029780792484577417
a_ps[1];-0.2996295948835983;0.1491475250046474;0.0020102472877918756;5606.704947706394;8104.690257444437;1.0000855672780196;0.07111467777021839
a_ps[2];-0.6480042161028865;0.17088606337202042;0.002687820988955529;4105.444361017651;7024.928071495248;1.0002469620462224;0.052072894072438244
a_ps[3];-0.46341889781179174;0.15693005638584698;0.0022603459726960344;4913.138017231111;7181.763415604129;1.00031154302427;0.06231756980165902
a_ps[4];-0.18314831793771838;0.14579520906164065;0.001806641680058167;6601.728634818539;8639.737796362058;1.0001352237373842;0.08373542195823953
a_ps[5];-0.3681289376207705;0.1519331637475986;0.00208939058437517;5370.290770741064;7769.51892365805;1.0001131731245967;0.06811603272432945
a_ps[6];1.0486153994785454;0.2160008077966553;0.0036334324635484607;3535.471556444027;6598.985403115674;1.0003989200282983;0.04484343707174081
a_ps[7];-1.3580552883535637;0.24464223008822394;0.004549309026962104;2891.0903907924926;6084.905246841252;1.00060210115347;0.03667019460866937
a_ps[8];0.49976539879197474;0.16061706942332438;0.0022662367339711985;5115.375007219635;7309.543516513977;1.0003369764888446;0.06488271608818445
a_ps[9];0.9974817890714524;0.20838351882990291;0.003517567165804136;3517.000641542575;6271.081822737481;1.000364017026293;0.044609154516552084
a_ps[10];0.30965142132693935;0.15151518925381516;0.0019192789669484676;6278.513640376493;8599.59331108525;1.0000827072558238;0.07963580723004665
a_ps[11];1.925172135151441;0.3198467774996435;0.006161472037528403;2684.3237947272514;5451.35483755417;1.0006129749067725;0.03404759541895461
a_ps[12];2.1844654685686837;0.3557380508668563;0.006857237484746838;2679.1104824192175;5096.1820553833195;1.0006491750115138;0.03398147047955451
a_ps[13];0.14065903463263205;0.1463350343889981;0.0017784619329489387;6797.330517399541;9654.107684250328;1.0001248542356773;0.08621640945102467
a_ps[14];1.3688993039029798;0.24999354142723107;0.004530238002727489;3024.0801846164236;6001.745999019125;1.0004469659529556;0.038357018941807416
a_ps[15];-0.5682421901489811;0.16442804972396288;0.0024984760901401583;4380.577316844716;6800.00115514011;1.0003236642840732;0.05556264280723006
a_ps[16];-0.3271831187696329;0.1507560958861545;0.0019773306295508388;5933.639772395848;7847.840832207121;1.0003266778469677;0.07526147431587299
a_ps[17];-0.9211370750241525;0.1969991674373892;0.0034084272594595323;3390.296280953386;6201.505491236525;1.0007516850636151;0.04300205375783144
a_ps[18];-0.012471841409300306;0.1411808202842178;0.001693870574656789;6985.499924526433;9050.714660813002;1.000016827048617;0.08860312444295876
a_ps[19];0.21989087242806163;0.14562665676877787;0.0017517836357261412;6960.661064571639;8302.94838153581;1.000089035795052;0.08828807174474475
a_ps[20];-0.332761103120563;0.1532492745835331;0.0020473863991511015;5660.686047055676;7315.43679942792;1.000181098957404;0.0717993666421514
a_ps[21];-1.432257558899853;0.2544188784267613;0.004771982514455174;2850.7220307272423;5830.211876817698;1.0006100567893457;0.036158167857676025
a_ps[22];-1.2859903111951736;0.23741681383659918;0.004378887575952139;2950.6636677964952;5779.732103741491;1.0008205824855088;0.03742581389617775
a_ps[23];-0.7670352805584505;0.18232676160013678;0.0029531210734247406;3840.3953809591844;6256.444765810185;1.0006587973726668;0.04871104910538791
σ_bp;0.06093629799011224;0.011362373517423228;0.00017666154431382057;4173.9488438191565;7123.072474025676;1.0008118405164659;0.05294179555123595
b_ps[1];-1.4279428067914475;0.42561706948011;0.004229281200602062;10270.237009843642;11725.713307642747;1.0001359511934729;0.1302662798186984
b_ps[2];-0.7796327982583836;0.40298676162154484;0.003499134708808665;13309.363142770697;10967.76206797717;1.0003422184637227;0.16881413950847413
b_ps[3];-0.06544339707503638;0.40120359632850533;0.00354206313320299;12839.798529960313;11032.305409840756;1.000375157753211;0.1628582462621266
b_ps[4];-0.12480750390349224;0.4014286944999335;0.0034248656465153933;13737.69482911174;11134.504059799467;1.0007579423865642;0.17424703996195323
b_ps[5];-0.7702164530966673;0.4000335229866875;0.003658602144071089;11967.66954969911;10925.483557237729;1.0003066365349647;0.1517962817065071
b_ps[6];-1.3530728245707793;0.43147048027831414;0.004120390873589526;10952.60659220357;11772.10723002562;1.0003291310590392;0.1389213621571361
b_ps[7];-0.7515722851235171;0.40707349045643093;0.003531967623291934;13269.161433103254;10780.860167700592;1.0008861696825315;0.16830422652830535
b_ps[8];0.8247011466503736;0.42156026291383625;0.00421454760001367;10196.189988283368;10637.808267541217;1.0001318653670628;0.12932707753728398
b_ps[9];-0.4738643782771736;0.39832713222419175;0.0033826263648605135;13845.734301186803;11033.535802729062;1.0001921403788572;0.1756173978307449
b_ps[10];0.54113450173508;0.4086676050696276;0.0039095042263459015;11142.219596304947;9823.90503300847;1.0005641392108868;0.14132638753540727
b_ps[11];1.1474802200894447;0.4364837945103055;0.004662548618670575;8911.30023111961;9158.718552879602;1.0003123386336668;0.11302971181121087
b_ps[12];1.2463333020708947;0.4458642498646152;0.004801393895667616;8802.43688516321;10702.143603524992;1.0003741867541185;0.11164890403893024
b_ps[13];0.5263015562445302;0.408698035392768;0.003960192912886641;10846.873963439382;9576.239346267197;1.0010832905432538;0.13758026397299866
b_ps[14];1.2540593652057526;0.4477256349052118;0.004806114898478281;8904.271662790921;10527.696577608926;1.000304554649053;0.11294056241302733
b_ps[15];0.11030892170064815;0.3995226842353168;0.0036047402467952157;12314.817682613007;10150.83537816632;1.0004702650739898;0.15619946108565455
b_ps[16];-1.3632311251486855;0.4245825020537639;0.004100757653933946;10773.908711174916;11499.08162664031;1.0002581808754045;0.13665478270519396
b_ps[17];-1.153973032925278;0.41568863284629065;0.0037136523145162264;12585.606383084561;11345.594607031175;1.0002548661329316;0.15963410788042273
b_ps[18];-0.4745571198371103;0.4032875709724009;0.0033803057161455458;14228.107189867409;10390.388728439502;1.0003331069561625;0.18046736318833212
b_ps[19];0.860962978030205;0.4285710510418884;0.00419470134854114;10599.510189532388;10439.978403209227;1.0002425892121722;0.13444273573894788
b_ps[20];-0.17072890759800632;0.4012604398764277;0.003456409773125916;13471.504281546053;10870.154142357162;1.000316986626405;0.17087071550896846
b_ps[21];-1.0805321186391725;0.40996676951355354;0.0037482646330529545;12087.074950057695;10780.369421617437;1.0001331373305387;0.15331080345318798
b_ps[22];-1.004816902689575;0.41108941652021536;0.0037222194348638707;12215.710306226714;11280.961692165198;1.000443211408007;0.15494239669541118
b_ps[23];-0.40430931066741366;0.39489821254415114;0.0034542521089623406;13087.087964212573;11360.289267998287;1.0005820211732845;0.16599483158217687
σ;0.9731035776292098;0.0034781058742312065;2.1770109929736497e-5;25327.984025987596;10712.251463795872;1.0002890407615495;0.32125668095200605
