parameters;mean;std;mcse;ess_bulk;ess_tail;rhat;ess_per_sec
σ_aw;0.030306496785365174;0.01085666228799838;0.00015772889396311365;4637.358309846037;7243.337299586029;1.0004379465061493;0.057596287725367804
a_ws[1];0.11597104333181411;0.7028659236978634;0.0059759227744417736;13846.899934349078;10876.486542972987;1.0000885076126766;0.1719793855544504
a_ws[2];-0.40962754448315347;0.6394969826829354;0.00595688420481458;11501.623227873873;10976.11318470859;1.0002124622061395;0.14285089839508022
a_ws[3];-0.473485328720628;0.6928164411419424;0.00623643367603949;12298.874282808461;11889.862433035774;0.9999165461182266;0.15275280764627416
a_ws[4];-0.40335700308474753;0.6154548508034005;0.00591540336067869;10789.605608003449;10953.181272624932;1.0003964424857343;0.13400759387566946
a_ws[5];1.684962260751027;0.6138780818838258;0.0077245466539846985;6100.769088380926;6771.455534204224;1.0002123599017847;0.07577194348221149
a_ws[6];-0.18926633853263908;0.5796217123600953;0.006030589219138367;9194.899786193648;10565.180448855595;1.0002412846232331;0.11420124525790956
a_ws[7];0.6071900227750207;0.6908616788589885;0.006226275012266087;12338.740910620701;10581.288856508834;0.9999340899395152;0.15324795372140895
a_ws[8];0.2487719801177476;0.48718316363740327;0.00573796191557124;7172.184025722877;9550.364474244465;0.9999595441273109;0.08907898574232373
a_ws[9];-1.1415085129066203;0.6641515577460659;0.006072809745725792;11938.968085369104;9565.112077577664;1.000296838138043;0.14828274958372423
a_ws[10];0.021658653329383198;0.783675793310069;0.006589894435925318;14131.622008826418;10485.657953465408;1.000852247050953;0.1755156519862554
a_ws[11];-0.16517219159574067;0.775009734964553;0.006245169518471412;15401.257716866417;11216.462287591254;1.0007207723928855;0.19128460893560545
σ_bw;0.011221815603403773;0.010804979128213587;0.00018375107000099167;3791.6840525557045;4317.107096689931;1.00123696623158;0.04709295919424815
b_ws[1];0.01705889288489852;0.8805968624986018;0.006793385563179103;16726.598689730567;11630.191119212757;1.0005221811123013;0.20774542884793107
b_ws[2];0.28700257074132;0.9282675680250039;0.007222525138039193;16648.97518168289;11451.38389952588;1.0004123442239239;0.20678133989791964
b_ws[3];0.4079936692831053;0.9924752206664254;0.00852888672360461;13525.107048114485;11153.599908268738;0.9999965836187711;0.16798269726228357
b_ws[4];0.19143450883596713;0.9215393295213196;0.007202521021942734;16305.879677741028;10768.795608580855;1.0005131010197512;0.20252007172712527
b_ws[5];0.023754204202887978;0.8089126922416449;0.007188585968521171;12628.526047922795;10519.745678861136;1.0007848089952622;0.1568471037183262
b_ws[6];-0.12354657105410191;0.9096007312377693;0.006951953688645705;17125.68006724901;10907.934192930956;1.0000894238084956;0.2127020451604091
b_ws[7];0.3532392314609401;0.935709967177096;0.00816237580342666;13063.218999183116;11850.714529223895;1.0004695475214478;0.16224601806139538
b_ws[8];-0.15128416437651748;0.8058116848574426;0.006458939604004465;15458.933837075414;11225.553779139509;1.000083969029849;0.1920009500489042
b_ws[9];-0.023626525682966214;0.9248391760825083;0.006617025280460887;19553.512432828986;11640.046058488324;1.0000884472641949;0.24285587890234983
b_ws[10];0.5250720646913687;1.0111781602692984;0.009777063422520375;10715.736243061452;11259.09387436982;1.0002211725886383;0.13309013162388356
b_ws[11];0.060450134699752835;0.940815129684055;0.006936637186643731;18428.099082737954;12128.48300561901;1.0008284953476816;0.22887817289154017
σ_ap;0.21472138487559148;0.03363879065374174;0.0006916231174387033;2346.14553784584;4317.480188297319;1.0012755757349667;0.02913927810073472
a_ps[1];-1.0646163822709438;0.1997543147725342;0.0035058136231976783;3246.2104737831564;6204.2024915823795;1.0008270347498127;0.0403181423501702
a_ps[2];1.0827839894310527;0.2007776029744367;0.003602088495894093;3116.878983077715;6336.491341518916;1.0002928901478074;0.03871183693814163
a_ps[3];-0.8706479371106014;0.17739792040252395;0.002831615509571157;3921.80748409637;7275.564500018767;1.0003399955027141;0.04870910056225842
a_ps[4];1.2082132994724923;0.2133659364851197;0.0038731516714182045;3034.5138299940622;6116.335123956042;1.0007224739456715;0.03768885645257559
a_ps[5];0.695462464525933;0.15979071042776147;0.002429355524335571;4334.013908828542;7669.719683996645;1.000413948183621;0.05382873080318919
a_ps[6];-2.8717645235247566;0.4360577118689878;0.00875774525055062;2468.1644976963685;4272.95373498045;1.0009123730992473;0.03065476141039825
a_ps[7];0.03631447016392664;0.12340605799099164;0.0012005550017673069;10634.041736340563;9458.35260866571;1.0000716407247594;0.1320754806091694
a_ps[8];0.39025402559989164;0.1356692033546566;0.0016732883401709333;6745.312497664846;8368.425156343576;1.0001369054497753;0.08377721397722282
a_ps[9];-0.29113648245514684;0.13165422956076445;0.0014419086205070945;8439.971120949973;9277.382862948856;1.0002066594899397;0.10482498280193683
a_ps[10];-0.2931731938366341;0.13058284414731364;0.0014893328811887035;7717.860931938628;10012.641340888002;1.0000579115803256;0.09585632792629105
a_ps[11];0.5484242481330823;0.14730289305611186;0.0020412245714271408;5277.083053006828;8370.518623516056;1.0000379972947258;0.06554171007798071
a_ps[12];-0.2103970851418238;0.12667612189300193;0.0013153850325934187;9361.001096732047;9281.080449299405;1.0003037300194213;0.11626423419128959
a_ps[13];0.3631198009162948;0.13353044955880825;0.001635004613746004;6841.047788731014;8595.28212176461;1.0000241877976614;0.08496625243431413
a_ps[14];-0.15362429809554445;0.12570301668508332;0.001219469518577907;10654.572082997396;10383.541255962058;1.0002839768097866;0.13233046883180424
a_ps[15];-1.071569211536096;0.2009488790242851;0.0035000669341258566;3280.7812237660773;6207.033677861223;1.0003255882056712;0.0407475132828994
a_ps[16];-0.5062978997079848;0.1444085470298736;0.0019297382561242551;5675.051337712873;9199.686602042688;1.000348446035045;0.07048450170631651
a_ps[17];0.05450108206491844;0.12342079479668074;0.0012341022271167789;10130.978021971478;7704.533663581782;1.0001923346305777;0.1258273970018546
a_ps[18];-0.06859629234636515;0.12426378109574962;0.0011903184347660351;11016.407517128942;9380.461845169906;1.0001355293775818;0.13682448813784442
a_ps[19];-0.6046418264925003;0.15004277942945982;0.002196656725268177;4655.598173927714;8741.123518081646;1.000394704252035;0.05782282800746965
a_ps[20];0.7647859043072067;0.16792572988021268;0.0026631005837447624;4059.6802397263227;6345.766942798877;1.000522259946724;0.05042148903262782
a_ps[21];2.1372467968702527;0.3348570400448444;0.00653019569354779;2622.5269324475585;5051.376066096074;1.0009192694440636;0.03257195275337494
a_ps[22];0.279083498090028;0.13162155019901592;0.001467842992367284;8104.738851123544;8918.155558343844;1.0000371091276046;0.10066137650333443
a_ps[23];-0.637771170425922;0.15559929696262753;0.0022917621587798067;4668.099645475735;8641.37477207811;1.000361220716825;0.05797809708614782
σ_bp;0.05527460122534715;0.010625882502658395;0.0001644360176070087;4283.043195282822;6814.793288939584;1.0001939913423015;0.05319567127084434
b_ps[1];0.1079917345437699;0.41114394241019653;0.003192036695051813;16790.362294507984;9197.99509677852;1.0003838092644197;0.20853737691012184
b_ps[2];1.7680572053588222;0.45467462403808656;0.004506875861866286;10310.523333831465;10643.367934443568;1.0002935887576647;0.12805736129417
b_ps[3];-0.3155312320795539;0.4131051495526353;0.003261711017462554;16199.111959836255;10094.399321751645;1.0005486391281087;0.20119400982089566
b_ps[4];0.19035206136894942;0.4181134461704374;0.003353674092727793;16126.29305918679;9419.337135835873;1.0006536812972993;0.2002895944030172
b_ps[5];0.9940677711240293;0.42428234205944415;0.003666941942372081;13539.655940454337;11070.076405046877;1.0003902995271035;0.1681633954385518
b_ps[6];0.8524278825422081;0.42716985819915887;0.003487842721747308;15006.54468940003;10712.347120940194;1.0002884921229815;0.18638224781103238
b_ps[7];-0.1071582915980415;0.4116545376625177;0.003142006757049796;17410.185645677746;8926.202277490513;1.0003239259497496;0.2162356226974008
b_ps[8];0.9717072914448107;0.4189732796886452;0.003555054693356382;14199.031864778723;11133.486211657959;1.0004864373637932;0.17635288672196928
b_ps[9];-0.5789520492551805;0.42057886288846114;0.0032950074004306222;16583.010926196825;10523.432160927665;0.9998954484826489;0.20596205961274122
b_ps[10];-0.9961630455756493;0.4350933683663101;0.003912918862038199;12877.43513845428;10146.818748226013;1.0000400079237501;0.15993857059188488
b_ps[11];-1.3405764637008064;0.45476595833069927;0.0042358540438963395;11898.332338478316;10491.194554956737;1.0002375595459203;0.14777805100028982
b_ps[12];0.31181090739711353;0.4139739736241496;0.003041222005024338;18536.031492883496;10784.306684655387;1.0006726224774671;0.23021870035012282
b_ps[13];0.4932308347219451;0.41697795099323426;0.0034398900302852393;14692.520089311072;8980.57356749622;1.0000809730089137;0.18248204213118108
b_ps[14];1.4460885768642875;0.44205813376395064;0.004143624685021485;11485.409155435163;10128.156581433022;1.0004940079094862;0.1426495185751519
b_ps[15];0.7926495546152751;0.41778889014955084;0.0033234621080308322;16074.952314290638;11485.455979122242;1.0002450590150795;0.19965193905756004
b_ps[16];-0.24919577661466108;0.4189596170959548;0.0031126765315483288;18489.01798834092;8595.009142090254;1.000058541860417;0.22963478960747802
b_ps[17];0.9043419150043704;0.4315460936104344;0.003354338151590412;16710.566990984018;10861.477665847387;1.0002922505969905;0.2075463141209599
b_ps[18];-0.23118086296552343;0.4195439893046708;0.003419923406208815;15412.999452555863;8559.397508924683;1.0007588065748758;0.19143044204617804
b_ps[19];-0.6666534367167765;0.4254804284652725;0.0035977617544583024;14583.508238554832;8807.280160631124;0.9999363049966506;0.18112810795096032
b_ps[20];0.013442539372330788;0.41745076107468904;0.003211926211481948;17475.544863983258;9100.196552008103;1.0001286871488428;0.2170473883819796
b_ps[21];1.7674756702874883;0.455230919123658;0.004587718464816132;10021.945953671737;10474.741599217003;1.000287245041265;0.1244732117184465
b_ps[22];0.595858011433425;0.4145895811601924;0.0033099037495663342;15776.81316902597;11565.753616837115;1.0004824281129;0.195949031745783
b_ps[23];0.8677574594353106;0.4228149971157193;0.003428137858323193;15332.876446671502;10010.440227840594;1.0000999517701787;0.1904353091726757
σ;0.9800798145375281;0.0035042188164489227;2.3674238897403322e-5;21907.73640642;10831.023903907439;1.000579818073588;0.2720954916933245
