parameters;mean;std;mcse;ess_bulk;ess_tail;rhat;ess_per_sec
σ_aw;0.031743220416601055;0.01132968847247256;0.00016469997802203096;4971.816194142323;7887.897642391157;1.0013869632521464;0.07278411773893317
a_ws[1];0.3595347961505247;0.6890499618693259;0.006378817819044409;11635.03026127264;10854.255240030467;1.0003248485707865;0.17032918743662556
a_ws[2];-0.825880905849804;0.6295001284165618;0.006336045936369307;9887.45113009862;10834.887206580477;1.0002412973573924;0.1447457788240281
a_ws[3];-0.03568787628839578;0.7009985501699191;0.0064981949616065215;11622.110090084638;10361.982307044844;1.0003154328106385;0.17014004463161547
a_ws[4];0.5845002978609458;0.6336211573819018;0.006386005235310853;9869.012723598753;11489.77522569227;1.000290660272665;0.1444758526849271
a_ws[5];1.5597223766264943;0.6047245825376941;0.0076514041710046945;6099.027085371082;7222.628974490711;1.0002447813047477;0.08928574350709068
a_ws[6];-1.129428944275875;0.6087545046616676;0.006639676306706951;8301.804423423011;9698.971985641914;1.0001715251913266;0.12153295435819156
a_ws[7];-0.13151065758426653;0.6979972086434024;0.006261310905272222;12427.014486993057;12226.872810088385;1.0003121720896697;0.1819233153933524
a_ws[8];0.11436595540476265;0.4776878502993525;0.006249833550431642;5816.805217584411;9879.275883695678;1.000036333581317;0.08515420105833968
a_ws[9];-0.2682127626228323;0.6339865490025606;0.006108149946684701;10750.132464050132;10580.340674679741;1.0001040455390549;0.1573748659281499
a_ws[10];-0.02717053157525281;0.8081228413049572;0.006831886871349318;13972.368204226179;11420.378133599015;1.000518303097932;0.20454627700563235
a_ws[11];-0.34111042102146705;0.7868465197118172;0.006625077412531351;14146.828867070359;12010.776155464559;1.0004950308493665;0.20710026631847614
σ_bw;0.021823414117775584;0.01261878522441081;0.00021408294490090878;3226.0783600624713;4137.982404415949;1.0014355135624278;0.0472276645042622
b_ws[1];0.2750452105700412;0.7691278859855981;0.0063591600348771446;14740.858953639794;10738.14846541666;1.0004767399518757;0.21579647592740697
b_ws[2];0.0993327335869534;0.7776117432641564;0.006454824050186602;14630.146957692143;10676.570908455888;1.0013693894124736;0.21417572515273836
b_ws[3];-0.23476891319890208;0.8739518158880291;0.006507789337240154;18045.089795931854;12868.752322154762;1.0002224444445826;0.2641682413489336
b_ws[4];0.11290996840637418;0.7720535202854563;0.006930941538825365;12413.108182485686;12125.663439073183;1.000419935274631;0.1817197362454003
b_ws[5];1.2471968898173398;0.6322602966146265;0.006975014421963711;8918.56896880127;6563.292316415095;1.000417035208054;0.13056198148532067
b_ws[6];-0.05535107517051445;0.7986078008193523;0.006320259872448636;15972.951089554374;11211.268610912344;1.00028159668144;0.23383349410826318
b_ws[7];-0.0906795888152389;0.8080917033274817;0.006775531211968179;14230.864406213504;11260.297659280093;1.000632685916985;0.2083304913180358
b_ws[8];0.3489096724640891;0.6196839100949002;0.00685267246721801;8514.058632563361;7748.655279060978;1.0002223727581936;0.12464021632150725
b_ws[9];0.647404211216903;0.8482710208282389;0.007543906748034598;12927.470606935301;9644.977018834843;1.0006918426615865;0.18924966370042806
b_ws[10];0.7785181866234236;0.9347063422286349;0.009033794314841356;10806.224293423365;10226.651674229255;1.00031335797913;0.158196013403011
b_ws[11];-0.21953619686527162;0.8556654193804399;0.00634503158121055;18120.756971750452;11540.914521864832;1.0001337967453015;0.26527595901561685
σ_ap;0.23921041206709753;0.03748942462379339;0.0009040345072669952;1693.4450246933036;3116.998290105986;1.0039137469656603;0.024790920912745165
a_ps[1];0.5456912267657323;0.13602795113740712;0.0023643563087757304;3364.3613095504434;5933.757157501133;1.0014067816493435;0.04925203589769336
a_ps[2];0.5049924755027242;0.13577536009485813;0.002246030236803669;3713.0100232153623;6584.367278685832;1.0012755514011904;0.05435602366273032
a_ps[3];0.9908241196902806;0.184281185340288;0.0039155286238046335;2221.988230657724;4612.339366365823;1.0027886681495328;0.032528445678514165
a_ps[4];0.4875609990418218;0.13331690679973346;0.0022030359068617197;3702.587622780739;6098.84737779414;1.001273208498203;0.05420344657807267
a_ps[5];0.5445804965659556;0.13795046640831463;0.0023874269275670425;3369.824258084585;6009.631431274505;1.0017257049453085;0.049332009869735835
a_ps[6];0.2790699918210869;0.1209711304556826;0.001591845362785545;5880.74181050158;7283.156240627441;1.0006035005982938;0.08609019070980592
a_ps[7];0.8601315441217209;0.1687472899376425;0.0034540741816732013;2384.3269932723388;5226.169466661626;1.0021172873049482;0.03490497834793501
a_ps[8];-1.9499550402053665;0.3069862863153034;0.006934222252201653;1952.1890267275921;3944.4759514662114;1.0035164181947327;0.028578762854789278
a_ps[9];-0.01800415724259413;0.11327838140101087;0.0011287146645208356;10172.154272338234;9496.110426016863;1.0003328082761704;0.14891364549814734
a_ps[10];0.10067621978709522;0.11274055719452605;0.001211346579104826;8760.26508283654;8463.811225749861;1.00018439249312;0.128244516755196
a_ps[11];-0.5538920545283696;0.13760436389229003;0.0021509313014894983;4123.267590428194;8214.46438597895;1.0009922190295748;0.060361924506467796
a_ps[12];-1.9624669617927553;0.30804661109132153;0.006943464580957725;1958.7013490716186;3696.940677553939;1.003712553835546;0.02867409896894409
a_ps[13];-0.7373612422756135;0.15383924668580645;0.002726296750043715;3168.0965677113954;7602.186526470823;1.0013943303775383;0.04637884921495863
a_ps[14];-2.242033261831927;0.3477041948643613;0.007936772589830663;1910.6858095427056;3603.249239834233;1.0033481264463135;0.02797118306338663
a_ps[15];0.31165280711465504;0.12018773550254165;0.0017033459531354829;5049.477149293306;7771.078370823823;1.0010835222530086;0.07392102302318056
a_ps[16];0.6813500127606;0.14865471976249048;0.002845496928606374;2767.878370857466;5239.320028816335;1.00171106114795;0.040519918147595424
a_ps[17];0.5464628844057529;0.1385276878258036;0.0023949881046769427;3399.0558261845595;5481.556557871611;1.0012584750074107;0.04975994079300466
a_ps[18];0.08655453224861581;0.1106565622489618;0.0012087492895465804;8475.578108353233;8621.320959862402;1.0000494530007669;0.12407688676639102
a_ps[19];-1.5738967912420925;0.2551934190904376;0.005639920172369922;2032.664954674995;4414.73243699341;1.0030544332450384;0.02975687748858742
a_ps[20];0.1591292084762426;0.11421770012211217;0.001322876008983121;7523.569570380377;8594.28950979927;1.000288085546866;0.11014010817068928
a_ps[21];1.1094546297572165;0.1982744767199405;0.004323523872076639;2105.6066825304224;4408.8885619968605;1.0026047075493292;0.03082469639037337
a_ps[22];0.6821632197782379;0.15103940598269952;0.0029121369283135958;2710.922694512036;5245.0312422540155;1.0018996219962766;0.03968612452145324
a_ps[23];0.09947093785937433;0.1119371234076234;0.001160451888431248;9459.463103785309;9083.949626080366;1.0003491212060234;0.13848031572530317
σ_bp;0.05349217455786732;0.011118381156405224;0.00018937630162473305;3431.7372108182817;6778.774229040823;1.0004377738690782;0.0502383747604258
b_ps[1];1.2112895280461766;0.44461971039413317;0.003922465239557553;12852.403090874095;10248.880500933903;1.0004586948232903;0.18815072465803037
b_ps[2];1.3866808166657532;0.460741053392089;0.004303659384326768;11446.085061709038;9427.749333011578;1.0003267069980804;0.16756315403670907
b_ps[3];-1.7268210777255808;0.5239083882313043;0.00713928487916578;5526.346328116383;8014.789024017535;1.0001514413400558;0.08090207403194874
b_ps[4];1.1293399843467686;0.4451163925556153;0.004009293012356823;12362.530049785337;11165.89211242009;1.0003566354365372;0.18097930566194173
b_ps[5];0.6700780816534812;0.43816836992564256;0.0038280989346610615;13086.915731092111;9903.150934569894;1.0003371994101662;0.1915838354067757
b_ps[6];-1.216668252487075;0.4978097470411161;0.005911252641233278;7360.1250142583895;8678.767207498202;1.000374499556015;0.10774738741190779
b_ps[7];0.5609066425553592;0.4374419027424788;0.0037795707335046957;13412.7341501802;10084.205352213996;1.0000564989740703;0.19635360268102858
b_ps[8];0.13514889444670394;0.4333067565131568;0.004204459906451679;10833.816985025465;9245.25210670435;1.0000519889345476;0.15859995225269485
b_ps[9];0.7558086816487667;0.4398848455606845;0.003926704017315331;12565.829821975512;10347.199265571115;1.0000732144015294;0.18395548056012512
b_ps[10];0.42428296661105186;0.43930556746893373;0.003951763530507378;12441.782645744292;9758.330981938328;1.0001336749082936;0.18213951152035393
b_ps[11];0.04721164554932958;0.44232872033415804;0.004209530672070304;11228.507268961666;8508.64267400848;1.0000949348292352;0.16437795831218496
b_ps[12];1.2797698828571402;0.45498781722298587;0.004143236144559334;12114.100471858086;10384.916510007095;1.0003928193690692;0.17734246010216542
b_ps[13];0.33916271730830844;0.43996408214390864;0.003951730121993739;12452.184219865914;9634.297751414586;1.0003654567534204;0.18229178372149252
b_ps[14];0.2600152204884635;0.43854946866050853;0.004002378945755432;12077.352948343156;9326.145845832236;1.0000698958049594;0.17680450053695138
b_ps[15];-0.510921429783686;0.45643163787020136;0.005016577433561389;8733.387625565487;8499.100609060812;1.0003259288998336;0.12785104846551054
b_ps[16];0.689856776551264;0.4412825655978195;0.003792313464581184;13636.336095339338;10414.537728986388;1.0002598075613827;0.19962698803310408
b_ps[17];-0.4850016192911742;0.4553493330758112;0.004954437618271406;8806.610969165253;7886.330373632486;1.0002224544536111;0.1289229900364968
b_ps[18];0.19729371058744427;0.4455200832617235;0.003928148643367286;12957.731905985962;9366.072388926264;1.0001778359774713;0.1896926692072751
b_ps[19];0.37523549343493506;0.43031692293729573;0.003740825811167368;13249.260968498016;10808.362553187193;1.0002397809989994;0.19396046286288077
b_ps[20];0.016394262845731696;0.4429530593813555;0.004112980215105877;11918.063812139486;9365.62323927306;1.0002398781366593;0.1744726123916011
b_ps[21];1.1732090101047652;0.4539861995659814;0.004126789135841094;12119.258207421644;10267.299401614784;1.0003064704010802;0.17741796595714182
b_ps[22];1.5320258277009184;0.452059619441845;0.004095280317568541;12385.552571727952;10395.386069867185;1.000096571761462;0.18131634023487964
b_ps[23];-0.17387542492163663;0.4451284414236896;0.004325490422616858;10848.37071655611;10049.23804234418;1.0008253749253044;0.15881300930627523
σ;0.9695791117489619;0.0034347805165435216;2.039641565118443e-5;28342.116628709045;11504.098483297625;1.0001249684581963;0.4149099389685691
