parameters;mean;std;mcse;ess_bulk;ess_tail;rhat;ess_per_sec
σ_aw;0.06488395815097174;0.019365167123399273;0.0002723235706336994;4950.224363711395;8336.649510087791;1.0011059163133529;0.05732317916468668
a_ws[1];1.0034857425573558;0.4951748161979339;0.005959340688443016;6846.141809167859;10569.11044029684;1.0004233857084974;0.07927774272024114
a_ws[2];0.5495516147811611;0.4275277046864683;0.005689589880771004;5575.4111495945435;8866.816934034241;1.0003876377576455;0.0645627892319171
a_ws[3];-0.9928650063627622;0.5016162164381563;0.005817324208039065;7407.658211652877;9672.527461340444;1.0004564420058;0.08578005513652653
a_ws[4];-0.67744924244;0.45647733360978987;0.005974383614800254;5820.550942736914;8957.278852234806;1.000436658631834;0.06740148728885909
a_ws[5];1.687831955618272;0.5341282600081795;0.007910856395044564;4468.836644489328;6441.348274425034;1.0009978489163056;0.051748750118816626
a_ws[6];-0.40437976010117394;0.39790928169001627;0.005505364336067042;5200.9420532001195;8729.128982387374;1.0004307789120328;0.06022646878922871
a_ws[7];-0.8016531644609523;0.49735250497563654;0.005641165503988871;7769.723056502181;10428.568242197085;1.000482188430683;0.08997273539616843
a_ws[8];0.11903343758870583;0.333882298083696;0.00533429951470894;3905.80144510152;7042.457818224324;1.0006722078672756;0.0452288501629418
a_ws[9];0.4012879569984558;0.4350569838398784;0.005448739320508075;6347.792631921722;10174.313004166845;1.000299849812516;0.07350690142600198
a_ws[10];-0.49276371589144796;0.5737328107824112;0.005783652817878866;9825.643731370188;9918.669257239566;1.0001503364595081;0.1137801228062784
a_ws[11];-0.8487119168757449;0.5683628837902879;0.0058115431279902666;9550.724488833584;10536.053207334831;1.000181045729127;0.1105965812457641
σ_bw;0.024028675869191805;0.012894461956966972;0.00020016557348554552;3705.2412216417683;4192.366685214624;1.000237867545625;0.04290637974988898
b_ws[1];-0.11729321552504106;0.7395649327121422;0.006594751880551174;12691.331778992468;9495.86802433061;1.0001527213187622;0.14696454785742752
b_ws[2];-0.5358458542076914;0.7715260491536821;0.006149422991604448;15808.113792166998;10275.001041957192;1.0001162170983406;0.1830566197780878
b_ws[3];-0.003082433017217271;0.8981335407732591;0.007334196720528047;15004.64919580103;11866.803343253632;1.0006241540065022;0.17375256775418357
b_ws[4];0.7452246881519043;0.7805854668317311;0.006907005124373445;13119.832594254372;9902.523765755504;1.0000470471331224;0.15192655103157385
b_ws[5];0.3895595654238205;0.551275567006552;0.006114540468283799;8947.12478243546;6598.626178275715;1.0003177962928742;0.10360694773192662
b_ws[6];0.3667135939076848;0.7976433285631658;0.006924499813520796;13689.279944650816;9124.50670145829;1.0001337938127977;0.15852070315343
b_ws[7];0.041506358479285285;0.8183197837486895;0.006665235935285056;15348.311183009626;11004.093447460898;1.000181730363381;0.17773214447988997
b_ws[8];1.171857765215502;0.5950262032471615;0.006013673809475422;10290.276391621217;7411.3170487992875;1.0001676493260991;0.11916052968734468
b_ws[9];0.6249035912641211;0.820473664788074;0.007101368762041169;13614.438279936317;10335.770339106093;1.0002428214444783;0.15765404301033376
b_ws[10];0.5466996324832013;0.941740159587053;0.008295121771137356;12929.512753022002;11070.064677006822;1.000507866837486;0.14972266337800932
b_ws[11];-0.08802808758972638;0.873365504004086;0.00705533689466503;15320.0196985509;11454.550826799375;1.0004785560761453;0.17740453148433544
σ_ap;0.2144034223202025;0.03360354212897271;0.0006965627974205214;2328.20470225942;4821.603413272835;1.0009667686868737;0.026960413402276985
a_ps[1];0.1976981929576742;0.1463694589926383;0.0019390092427200097;5756.233829963554;8360.464339819659;1.000666021970642;0.06665670056648546
a_ps[2];-0.8417382928687354;0.1867074599020494;0.0030903862867897695;3664.1960150718874;6430.8058989029505;1.0002781118632784;0.04243107973171105
a_ps[3];-2.004095178717089;0.32478419350032395;0.006382751466407855;2567.7592496938255;5111.283544795621;1.0007214848412762;0.029734434786633464
a_ps[4];0.4018982106465715;0.15447595982201312;0.002245659546312457;4793.782506010656;6681.841606160207;1.0010059966799372;0.0555115956931221
a_ps[5];-0.5653709464972637;0.16330304743197063;0.002452553933852352;4472.426215986553;6496.65372939162;1.0005280931820162;0.051790317052947586
a_ps[6];-0.41909047327491145;0.15573577371362624;0.0022165223425216853;4993.858505310673;7568.937764694341;1.0004740839627915;0.05782845883138797
a_ps[7];0.49240841457458867;0.16046789685351978;0.002412943131329424;4478.204303751618;7349.594407027403;1.0005420697009746;0.051857226820232916
a_ps[8];0.4055170647041946;0.1561019500779986;0.0022351463486970776;4934.126859330931;7828.503486812468;1.0004740083235018;0.057136771426388976
a_ps[9];-0.24228923163691907;0.1443896598871305;0.0019254575202702455;5665.191591962226;8617.735724847269;1.0007736536538099;0.06560243915587913
a_ps[10];1.342766020825393;0.24500808484628656;0.004627374032632728;2804.2027313972058;6033.744651172536;1.0010816658742798;0.03247243029313277
a_ps[11];2.26938543843074;0.36369325862850915;0.007153636073536266;2576.44223992878;5603.808136667656;1.0010075201451998;0.029834983078660848
a_ps[12];0.8080861438586237;0.1867268092329546;0.003153015528013581;3537.352343933857;7018.179296858902;1.0006560837181333;0.04096224075547109
a_ps[13];-0.4417272767171759;0.15514096013400092;0.0022101730582884394;4986.888110832998;7416.718398426493;1.00012071060413;0.05774774225328267
a_ps[14];-0.3524048770289411;0.14909553791825383;0.0020472856791980904;5358.56791370232;7849.58046596924;1.000567232749516;0.06205176291302498
a_ps[15];-1.1312104135305705;0.21564015754902693;0.0037817730450174824;3231.378769483578;6884.923788680527;1.0003693619908072;0.03741909265971025
a_ps[16];0.9816970405759765;0.20452364254249578;0.0035888432873716863;3282.3181087072157;5870.4766305206185;1.0008963712526977;0.038008965896619076
a_ps[17];0.5449231650772299;0.16541381891880783;0.0025235399253317014;4342.062876545593;7213.497070680751;1.000799734855235;0.05028072061565029
a_ps[18];0.03420234343774808;0.14285396044458532;0.001810641164776143;6231.438333977407;9047.22379988192;1.000487047428152;0.07215952850356687
a_ps[19];1.0650102122514018;0.2131520558418704;0.003763100501379676;3220.0208093571114;6465.348544972665;1.0009915552381918;0.03728756844273786
a_ps[20];-0.4899964752070445;0.15804081896183664;0.002362113657646482;4589.968376821871;6883.466211755228;1.0003781064128514;0.05315144532712457
a_ps[21];-1.0025859677036424;0.20147065565100114;0.0035664991855852758;3171.340053150283;6515.5017312629825;1.0005492847541342;0.03672384940600631
a_ps[22];-0.9837277074513319;0.19893907972803607;0.0034589416388760338;3295.4074361747635;6613.05261474303;1.0003316859932547;0.038160539200865214
a_ps[23];-1.2510997654709235;0.2279837791203765;0.004142458781154696;3013.738651117481;5822.664493187642;1.0003584165575914;0.0348988385092156
σ_bp;0.0410016985650124;0.009339117276127283;0.0001431822611216525;4319.9627427282885;6711.675713643569;1.0008518999006502;0.05002480293651239
b_ps[1];0.36962400857511585;0.5286201778711094;0.004217398672216979;15698.483220116623;11309.552604036122;1.0001056891783162;0.1817871070324354
b_ps[2];1.4280988029986879;0.5432124387894249;0.004287039060140355;16093.09659907683;11523.682637302298;1.000517685014992;0.18635669656230447
b_ps[3];-0.5495591099728419;0.5531835569386302;0.004853114033204155;13108.397347081802;11016.94469790613;1.0001275475366878;0.15179413183714885
b_ps[4];0.516585008856956;0.5301913828914799;0.004329961479272081;14965.234993203772;11016.210083483418;1.0008599824827997;0.173296154623967
b_ps[5];-0.2721257895093214;0.5438738644345557;0.00468064613914063;13580.288300450888;10208.804405381512;1.00066007648671;0.15725858913820948
b_ps[6];1.6885954815167539;0.5538940207384507;0.00441398256075738;15817.125159134177;11799.571142192644;0.9999965462901543;0.18316097064488185
b_ps[7];-0.05553791814275233;0.5340479537799394;0.004287494119221394;15678.042775325777;10834.190277395155;1.0001867745047188;0.18155040841175446
b_ps[8];0.8369337304377031;0.5374048084017076;0.004104481266198199;17039.830475766947;11774.870689892383;0.9998620415694737;0.19731979472662636
b_ps[9];1.382471375437097;0.5410542624931641;0.004284279476084608;15976.33412490064;10265.137732518004;1.0001665140829634;0.18500459699365063
b_ps[10];-0.6291330331941934;0.5473592503189373;0.004796580875952522;13289.337514254374;10236.922575674806;1.000039217176926;0.1538894036589588
b_ps[11];-0.9522402404559284;0.5570711645283772;0.005271432491401214;11378.31241169371;10158.78774538573;1.00019635374836;0.1317598947127891
b_ps[12];-0.7675596817976532;0.5531154873972108;0.004985681389983244;12518.461028509746;11360.467587166035;0.9999870012266263;0.14496271919792303
b_ps[13];-0.47036201054420024;0.5555905686755526;0.004978488355143059;12595.596491646787;10408.463865870262;1.0000927687601446;0.14585594133261442
b_ps[14];1.2003787107691715;0.5457833799918991;0.004274787131248752;16329.712585742061;11383.167523252445;1.0001940452094935;0.18909668966166188
b_ps[15];0.9854578998556991;0.533332781623011;0.004305386745570406;15303.886886351042;11301.685489932423;1.0001305509719136;0.17721771488447743
b_ps[16];0.665013100878474;0.5344895380534066;0.004162850780407497;16518.351516328326;11518.57231086355;1.000608526483331;0.19128111251221003
b_ps[17];0.6755147655906203;0.5315257986588767;0.00435828905975335;14890.58504125292;10032.739515287067;1.0001303314989218;0.172431714498448
b_ps[18];-0.5436250032668974;0.541437387949205;0.00512484063772287;11254.99923168998;11628.82176673583;1.0003316250314436;0.13033193852507777
b_ps[19];0.7263586725621456;0.5359806487953686;0.00425066597666332;15800.412323167631;11513.979307257681;1.0003513320102098;0.1829674374188965
b_ps[20];-0.7259028210272723;0.5494079319820206;0.005069899836001957;11854.645225624325;10630.821975751243;1.0001673504544915;0.137275788383211
b_ps[21];0.37248891518917254;0.5339591465772344;0.004272427471698268;15660.836891704974;11018.85638267322;1.0005918978740944;0.1813511657356624
b_ps[22];0.2747645356661131;0.5296353135874479;0.0042882332751787685;15119.080302829245;11425.044493962514;1.0002760779129534;0.1750776702885814
b_ps[23];0.16847291159454794;0.5354331932601165;0.004320784760335071;15423.404197918824;10695.828742869666;1.0000570549539056;0.17860171523696755
σ;0.9751328906867218;0.0034588870368390252;2.2766493144448168e-5;23097.920074282025;11459.42183734844;1.000021454941139;0.26747195954507963
