parameters,mean,std,mcse,ess_bulk,ess_tail,rhat,ess_per_sec
a_ws[1],0.011287990001224522,0.29176323582461,0.023699378122584602,155.2819247012011,254.4758491848516,1.0160045293992113,0.008511503718239014
a_ws[2],0.009797646350202562,0.29155997358090274,0.024224374572193515,147.91188609355012,271.1856544192946,1.01767080290593,0.008107528103348267
a_ws[3],0.027246528315033436,0.2914101943232043,0.023621260757910642,153.46350800245406,253.489259830947,1.0172409055879506,0.008411830427078593
a_ws[4],-0.03569174603340427,0.2917002716494003,0.023813964368565248,151.82930970127546,242.74603829670943,1.015903097777858,0.008322254741153869
a_ws[5],-0.09986304571167788,0.29003936727482343,0.02400599861120266,148.01910520411354,230.8134551800771,1.0167754892810543,0.008113405129022587
a_ws[6],-0.02803993700644068,0.2902524868762066,0.02393583817874424,149.38548291171838,246.91657860972842,1.0169380294560355,0.00818830070338629
a_ws[7],-0.07704500533549609,0.2938074674312419,0.023675367989052686,155.7828846894086,240.65055737029596,1.0160824817923808,0.008538962952857092
a_ws[8],-0.006638902879164543,0.29043379659797725,0.023996998938447794,148.68103131971722,224.70929012743653,1.0166192348307945,0.00814968743686364
a_ws[9],0.03998765321003571,0.2916451461525388,0.02394300393858754,151.26855582702623,244.79497711093217,1.015457022773619,0.00829151801055967
a_ws[10],-0.050820897145822046,0.2943840524591343,0.023931716123857014,153.23324721702062,269.4117834241829,1.0164651831199383,0.008399209089887207
a_ws[11],-0.029682974213902008,0.29362329845153345,0.02419307448561402,146.71900202259894,299.8561177177685,1.0168673200396916,0.008042142275442886
b_ws[1],-0.012377901556896286,0.2919919343536907,0.02146205995109726,175.81933423510827,300.5629559473703,1.0443742158455516,0.00963722545273717
b_ws[2],0.018759530217459283,0.29259630850021284,0.02301654001215975,155.67254322986972,289.11191982127565,1.0439390536123152,0.008532914781152959
b_ws[3],0.03762887248185631,0.29509238834633705,0.020850790436007346,198.7467846508459,360.75002751134406,1.0434455039144792,0.010893953045718777
b_ws[4],-0.01703600317841883,0.29481083684959025,0.02239698341813234,173.50993301112487,312.9773126358646,1.0443188562142516,0.009510639714296176
b_ws[5],-0.042027154923319085,0.2912194085369802,0.022407894381812538,162.0654628118596,313.3036153018662,1.044182088756932,0.00888333134700384
b_ws[6],0.004971286520193982,0.2936151532489802,0.022230225095846903,171.33833022439495,303.48933184528664,1.042511098076116,0.009391607153169975
b_ws[7],-0.05384121192843491,0.28998038968121875,0.02277991580731194,156.42451231550032,339.12094888958944,1.0447794468539293,0.008574132634941554
b_ws[8],-0.010017332922547513,0.2918309094665556,0.023242125579917387,152.22277478535256,316.7423423471946,1.0444086634621943,0.008343821832961647
b_ws[9],0.05422364672852054,0.29215851270113513,0.02351368601949586,149.82201637309257,294.5421367070562,1.0449298602571566,0.008212228512027067
b_ws[10],0.020855822932457246,0.29591498299051067,0.022456958326114856,179.12777798797237,323.2146303956891,1.0432237751641893,0.009818571938223318
b_ws[11],0.0041877852548038285,0.29459681225086665,0.022215073987953356,175.64399735408045,360.5277426228571,1.0455122287032697,0.009627614672102628
a_ps[1],-0.09395623237673133,0.20516565501749487,0.016651121356763186,149.89815437328616,291.3807353158319,1.014470456903677,0.008216401881677103
a_ps[2],-0.21303283684958094,0.205394834137556,0.01724701089013947,140.72282039999732,273.28395694191073,1.015918896414031,0.007713472198264126
a_ps[3],-0.12807805627856714,0.20571111735190212,0.017186045940598044,140.15457474105128,313.5981211831125,1.0142905362186936,0.007682324818758757
a_ps[4],-0.12933054894311888,0.20557885261243306,0.017417526349856313,138.0267101527193,282.503159182409,1.0148855367538296,0.007565689689523031
a_ps[5],-0.12455394166089606,0.20548392888439262,0.016998337491068476,145.82770947985384,271.9365452855526,1.0154745187248275,0.00799328765307643
a_ps[6],-0.14974572682685822,0.2044256973643828,0.01699840767185235,143.60522269919628,275.34363011524135,1.0178491588312222,0.007871465975932074
a_ps[7],-0.06530793880476372,0.20489845414305796,0.016967571902079277,144.02250767387343,302.6412302362822,1.0154395792998652,0.007894338712861142
a_ps[8],0.3205015729334393,0.20479071458643502,0.01674392287342216,147.54198772980277,274.2937546034998,1.014743810700918,0.00808725277958174
a_ps[9],0.04560776492794814,0.20633228326898978,0.016976249352660837,147.2299674105934,250.58144843609415,1.014807052927174,0.008070149938332013
a_ps[10],-0.022609109947778563,0.20480555744475598,0.016753411417092193,147.4331156622244,277.2949483159501,1.0162252641601335,0.00808128514999582
a_ps[11],0.2359407224778174,0.2052578740391821,0.016881213664708954,147.17378560899408,235.4676692467113,1.014480746668566,0.008067070432368071
a_ps[12],0.40967831475425404,0.20532858034629484,0.016856401308171905,146.6573445989057,350.3186498134601,1.0138320974679484,0.008038762632950485
a_ps[13],-0.07724458376931599,0.20524561145213138,0.017285158284420916,139.80595607628487,317.3344343167359,1.0170639372264387,0.00766321590400827
a_ps[14],0.24286432138394093,0.20532058424933558,0.01696556500442272,146.48918306552406,296.5472256060158,1.0159764433938674,0.008029545156290552
a_ps[15],-0.10412448336210643,0.2049837279777187,0.017089630688147388,143.6179193580273,290.91339950551077,1.0158749731046364,0.007872161920801752
a_ps[16],-0.009514301470124404,0.20554967917668782,0.017172008558922945,140.80763826810937,254.17884565704136,1.0150160680680647,0.007718121339503186
a_ps[17],-0.35010928981563944,0.2047298004491878,0.01715089643429953,143.19092328840657,299.51175867879607,1.0155415902856935,0.007848756887400448
a_ps[18],-0.05835610726859059,0.20536447739253233,0.01720838494499189,142.26297905902024,312.14767497933957,1.0170238449144635,0.007797893267736162
a_ps[19],0.670769167360877,0.20601312564372332,0.016926796760647917,147.9322916957463,266.0964597480378,1.0158676882863864,0.008108646600296962
a_ps[20],0.09480717441614764,0.20551809103772312,0.017204334240050308,142.54987637439322,286.69494784524005,1.0159904759916623,0.007813619036020196
a_ps[21],-0.09945119883615593,0.20506781815933295,0.016743188973829818,148.481643788286,251.27654276332922,1.014868383142457,0.008138758362417835
a_ps[22],-0.24404414894475152,0.20514121961466772,0.016916915396281196,145.65799780546547,293.2239924553281,1.0156897031667487,0.007983985208182314
a_ps[23],0.057964268991056146,0.205332846687166,0.016926352900513045,144.08314989763687,295.7013058088256,1.0190873746358315,0.00789766270896718
b_ps[1],0.06461364959094829,0.20835435035262825,0.016343364915309144,163.52806756336105,345.7261602215456,1.0288809418985878,0.008963501436373053
b_ps[2],0.10255399604409225,0.2092430953401953,0.016193484535142993,168.77027307744987,297.17457999643455,1.029435077683184,0.009250843648358108
b_ps[3],0.10399559954870427,0.20736886261055054,0.016208940664054174,164.73656581328308,272.3854487418086,1.0324402658098766,0.009029743127848024
b_ps[4],0.012051446633083105,0.2090640749076102,0.01632536981564384,166.3820513853715,249.6726030843821,1.0315907961497484,0.00911993750553937
b_ps[5],0.01838056668598895,0.20838240260645668,0.01619189181263996,167.50423510731594,268.6585744664766,1.0286145793304093,0.009181448019015144
b_ps[6],-0.01461355276001858,0.2081698192743767,0.016465384076845464,160.93738705835952,297.136949978748,1.0275118591502737,0.00882149787225237
b_ps[7],0.08065846708739785,0.2089823909078382,0.01648714854338079,162.60549178118941,280.8224120585331,1.0304129175516654,0.008912932078636013
b_ps[8],-0.006743889990494589,0.2084788790026893,0.0163293501834968,163.52842185743415,276.5574120079631,1.0298796330537912,0.008963520856375261
b_ps[9],-0.03390285162092703,0.21036036736415836,0.0164173414573041,166.5055657486233,264.15705145230044,1.0261264244747168,0.009126707726633014
b_ps[10],0.034119026190321824,0.20978122418271578,0.016466175960975216,163.11537651419346,281.94233584070645,1.030196835483562,0.008940880507335542
b_ps[11],0.03768438902522931,0.20889545128734438,0.016237935582998426,166.49280219918407,301.22018919439415,1.0314691692252826,0.009126008115273102
b_ps[12],-0.04871491995650473,0.20875741845153353,0.01613687905658279,168.23212847011644,279.18833830171087,1.0273561863662353,0.009221346204691805
b_ps[13],0.059967999672444476,0.20871111368731618,0.016315662531090413,164.79437346652043,273.01212483181087,1.0272726326223405,0.009032911751990332
b_ps[14],-0.005271580704992308,0.20962546788727263,0.016304476272246567,167.44425785812797,305.17028327216093,1.029699382569001,0.009178160472312877
b_ps[15],0.0912469044165449,0.20807593487485176,0.01599320142933363,169.31925183641812,293.1375269631927,1.024870540144823,0.00928093494686039
b_ps[16],0.06156867682853361,0.20876890976083728,0.01638736918128969,164.64536360953846,319.9585254878424,1.0280506224526778,0.0090247440405571
b_ps[17],0.1300627959434089,0.20928950641095068,0.016360617077528797,165.46554520241048,286.6834812555273,1.023717182981363,0.009069700842134583
b_ps[18],0.06919261872415086,0.2083202842731511,0.01623381862678255,166.3255656080615,294.5336685279956,1.0314693761192375,0.009116841337685148
b_ps[19],0.023283907822099097,0.20880820955133414,0.01640709662498368,164.44411314220582,301.53526817160724,1.0265066817469009,0.00901371285257888
b_ps[20],0.07680808224810502,0.20898421539111994,0.01640945374494796,164.1863418986372,289.6232804266521,1.029925513490473,0.008999583578342284
b_ps[21],0.08793125877933866,0.20847336083295145,0.016255154796741902,166.52504279371198,280.0532266668364,1.0256294046663919,0.009127775326368215
b_ps[22],0.07147890113551517,0.2087531791600983,0.01625039280304773,165.6718423253051,286.38894234870924,1.0249105299826875,0.009081008653600458
b_ps[23],0.037714996845764605,0.20775798662633313,0.016264909463252878,164.31414784107554,288.5903622090935,1.022868201087419,0.009006589034749204
a_e,0.0220023427138437,0.34672975917313065,0.031184063424113614,127.31915374669586,231.12679777370224,1.0113462925066887,0.00697877394682798
b_e,-0.02967011064660923,0.3818601395875932,0.028604644957351967,178.13024785063465,212.83198830484477,1.0265895292082965,0.009763894090242344
σ,0.9732556624831903,0.0034569202919087147,0.00010930320648305629,1004.395810385924,721.017594471091,1.0090673108192068,0.05505417769089099
