parameters,mean,std,mcse,ess_bulk,ess_tail,rhat,ess_per_sec
a_ws[1],0.0550569146864201,0.2721860996466312,0.019353773728234772,199.32915160210732,226.50934338716385,1.0280817892431182,0.008904755194452541
a_ws[2],0.016766658155157443,0.2730343067232627,0.01889479255245693,208.14100080917112,247.62129196636585,1.0263651549115984,0.009298412416031287
a_ws[3],-0.11902591592692228,0.27439772619453157,0.018451310867589457,218.50012912334577,264.35742281643934,1.0255796109153752,0.00976119219974192
a_ws[4],-0.04968439291624077,0.2730385929610906,0.018832602371324135,209.63123096420645,261.4196949461329,1.0262841470638464,0.009364986394836303
a_ws[5],0.08310942876133745,0.27287764809024767,0.019090131301344328,202.98561404693294,258.61073915719805,1.0271116989585969,0.009068102615977097
a_ws[6],-0.04188995861268466,0.27208642787521237,0.018967278870245595,205.10457170963693,242.55697469073664,1.0270785973539558,0.009162764129870727
a_ws[7],-0.0862448746251673,0.2738920626699617,0.018815781952435395,210.5460688857558,245.3251105059435,1.0246577021138683,0.00940585551843675
a_ws[8],-0.016296022899084665,0.27191659487760816,0.019032559581205907,202.64953448326364,255.80633047300822,1.0276942598601377,0.009053088724550382
a_ws[9],0.01104977548048568,0.2728578014009716,0.019058028191141132,204.39633476072885,255.69660333399818,1.0263611787397726,0.0091311246200499
a_ws[10],-0.003454434999268452,0.2780645792851662,0.0195332290599368,202.66560983170965,243.22046676184152,1.0259147131170268,0.009053806868592166
a_ws[11],-0.1289218189717628,0.27687055498003643,0.01992428607570918,192.91494218322669,237.75779850358114,1.0327397059018535,0.008618209226730279
b_ws[1],-0.023032100661836745,0.2636900934243109,0.018240911239674005,213.19457270068065,223.42777795914563,1.0179828884031215,0.009524173777025226
b_ws[2],-0.04226774083287567,0.26270389433563557,0.018244673545448578,211.73719813821802,245.0662909550056,1.0174860411563562,0.009459067576547046
b_ws[3],-0.0533679832162146,0.2657089287922572,0.018290461290729292,213.57246801669433,242.12549986395308,1.0191382187371072,0.009541055729570477
b_ws[4],0.025171564047383764,0.26514853389911397,0.01817185037528996,215.86205737244993,224.63924300729306,1.0179560267436192,0.009643339979239718
b_ws[5],-0.0021990649753856244,0.263560719516631,0.018242970133257035,212.99446219593162,229.40432058390113,1.0181650335439596,0.009515234115955552
b_ws[6],0.0075134266974379105,0.2646623512212473,0.01831687561102528,212.16107939002185,187.2720424292209,1.0176609572224506,0.009478003887410226
b_ws[7],-0.02083498917832072,0.2664614229637963,0.018702481962910123,206.5950416879998,240.74449023195737,1.0187246287972243,0.009229348822452453
b_ws[8],0.02212794998029295,0.26359901479834585,0.018324617198628275,211.3204151395496,227.88356935020084,1.0182513205942245,0.009440448370362089
b_ws[9],0.029855671875871802,0.2636751798118044,0.018126575949747977,216.53850845359005,231.372569008974,1.0178616515117989,0.0096735594992154
b_ws[10],0.07654259262556024,0.27277382012755397,0.018985536314976688,210.8989150937867,236.8478786286742,1.018781106822455,0.009421618436597752
b_ws[11],-0.05842146114759793,0.26636530134104025,0.01807732948582044,220.34114260007246,233.90621397334098,1.0176213725924776,0.009843436940103147
a_ps[1],0.04959026726327254,0.2045613163217989,0.01833851214864455,124.63047159093091,269.3255835943124,1.0434223954203659,0.005567694591415093
a_ps[2],-0.1705197347255017,0.204349820989634,0.01805241814246583,129.29632154554236,241.9033509629877,1.0436973262832456,0.005776135009115758
a_ps[3],-0.41864305810196134,0.20439738961621226,0.017963540756717307,134.10681923936113,275.7722506048098,1.0424254696502413,0.005991037365257035
a_ps[4],0.09325444795912811,0.2049946655927748,0.01808127411942335,130.83657648568786,193.41396406748336,1.043683353754551,0.005844943776266989
a_ps[5],-0.11234091849207989,0.20491515116533762,0.01812962241000489,129.70985278385686,184.81945135895978,1.0431351900728858,0.005794608947387467
a_ps[6],-0.08108337798599774,0.20469359202028234,0.017967274752213203,132.04351211345087,201.75370504287451,1.041921695658435,0.005898861962414423
a_ps[7],0.11248616161189516,0.20575338919787947,0.017946814135515427,135.07091727695067,293.5010668552008,1.0417994720828727,0.006034107116666623
a_ps[8],0.09485335255268994,0.20478123304946436,0.018014087673151723,131.67958771061112,293.8814532083308,1.0443934628773737,0.005882604141164854
a_ps[9],-0.04184190103875164,0.20435549653492885,0.018305394086953385,125.99778314220173,220.0845426896156,1.044704367624665,0.005628777350965076
a_ps[10],0.29345657601676806,0.2050294584808954,0.018246905001963805,128.0380052859313,284.42018987522766,1.0440857875122158,0.0057199214640373
a_ps[11],0.48942802596763385,0.20432028425438487,0.01792655010021362,133.01756413578974,346.4155045538463,1.042482867800014,0.0059423763943772055
a_ps[12],0.17956987164710275,0.20481729325739997,0.017921407603648336,132.6757421725464,235.82575314968898,1.0441219460740307,0.0059271059691619055
a_ps[13],-0.08556473195137711,0.2051650970812754,0.018081262438601548,130.77190039266563,254.75319726824137,1.043120802246054,0.005842054460927674
a_ps[14],-0.06609246157262562,0.2052922186038396,0.018231870978250374,129.61279341964982,251.76505801660133,1.0439057425256675,0.0057902729540285115
a_ps[15],-0.2328058519227925,0.20341661435994726,0.018316993872592294,126.07286394215484,300.34231167620686,1.0452723649831825,0.0056321314822500015
a_ps[16],0.21580539952174863,0.2046626239590413,0.01820037652089329,129.51847367261584,199.1891521756541,1.0440444425425868,0.0057860593492918755
a_ps[17],0.12382858544857063,0.2060062809171183,0.01792708711909637,135.26466886911976,264.99971163903206,1.0430482335180398,0.006042762702078662
a_ps[18],0.01474747745964685,0.20383444841480036,0.018228852769475515,126.41158369806801,273.3764381661128,1.0443192353530337,0.005647263320627322
a_ps[19],0.2344209000643065,0.20532612475417036,0.01809277009448133,132.33038385338534,270.99271707151433,1.042065160303556,0.005911677562118686
a_ps[20],-0.09648762671791541,0.20442099181184015,0.01797436244533019,132.80094106433168,209.9884329718381,1.0417514380505406,0.005932699057142284
a_ps[21],-0.20461065569346,0.20553082020052232,0.01849350828148326,125.63432684186931,275.47310323969464,1.0443246915840114,0.005612540441550029
a_ps[22],-0.20004844662152246,0.20395018665863568,0.017798729584177265,132.714368221357,304.0091054510986,1.0425725970440838,0.005928831534670126
a_ps[23],-0.2569358082147086,0.20616817449956473,0.017947277302488813,133.37224452069367,292.7085184956668,1.041748164672282,0.005958221251862719
b_ps[1],0.004759626859168409,0.1912362468376618,0.011907733679977875,265.8496770798098,449.4266099658917,1.014361683725959,0.011876468012293188
b_ps[2],0.062126297185502194,0.19072815698790138,0.011780930247730956,270.5316111136319,427.42158103332844,1.0169077425844968,0.012085626964070522
b_ps[3],-0.04529417339936458,0.19157830306703388,0.011846120958635638,268.3559169688792,437.5411630364516,1.0174350828936891,0.011988430826017919
b_ps[4],0.011919308869232951,0.1917571932608953,0.011929423358276337,264.9498398607968,418.71769988999495,1.0184993337140076,0.011836269024409258
b_ps[5],-0.031199883666487814,0.1907537710290323,0.011784019437117862,269.4953816525998,397.5674266011388,1.0133995930907596,0.012039334840707704
b_ps[6],0.07708529770217223,0.19189503767183907,0.01177633421409268,275.30368355311134,440.5856289389398,1.0177148061832855,0.012298812724919908
b_ps[7],-0.018231756542540698,0.1918455834493783,0.011846954337099253,267.40359000991367,417.85206696036414,1.0149432390265034,0.011945886931326621
b_ps[8],0.028774790300097424,0.19043254170052265,0.011753346943541815,270.147211077148,404.32207902472794,1.0126273613452528,0.01206845442210104
b_ps[9],0.060140045341468676,0.1914745415282668,0.011832717583746651,265.97860121466744,419.0494238228717,1.0133881534712232,0.011882227520374855
b_ps[10],-0.04874270561199053,0.19267170779511958,0.011963027503376597,264.8449960525013,403.812590264092,1.0138933617845456,0.011831585271736746
b_ps[11],-0.06819212556150972,0.19202589492106728,0.011941996178384276,266.53371779886504,447.45794170943816,1.01608902228758,0.011907026588885053
b_ps[12],-0.05729905396306481,0.19174307967676427,0.0117811075569964,270.9394998711465,477.70647371709623,1.0174085314484116,0.012103848832287203
b_ps[13],-0.040317423126876084,0.19286220627556586,0.012014491687253725,263.00539093008473,421.87883587740987,1.0135072232746556,0.011749403447663767
b_ps[14],0.049824099174954055,0.19292326964831963,0.011992585278773555,265.2385222762132,496.4031293985302,1.0173720531858066,0.011849165513545765
b_ps[15],0.0375651189931762,0.19155593485887773,0.011801866662874834,271.94130034864,418.1869907325197,1.0202410511971443,0.012148602888249739
b_ps[16],0.02121152314626995,0.19192198306644043,0.011888691006166737,268.59799924655533,459.3525887863477,1.0163018418802752,0.011999245518210681
b_ps[17],0.020987781233947827,0.19181333243207088,0.011836865925423646,268.4019760431684,423.70505877623964,1.0182795476119815,0.011990488451697513
b_ps[18],-0.045125127467761234,0.1909555321115026,0.01192916052217632,265.72593315151187,441.0634507449944,1.0135417036827503,0.01187093992280183
b_ps[19],0.02565331644316284,0.19123635379125117,0.011713325255790547,272.55308526079085,384.9205708768761,1.0148002940338725,0.012175933536228603
b_ps[20],-0.056013048734730224,0.19304535793977817,0.011773371934189173,276.5696638707395,458.53086165021404,1.0193277157209253,0.01235536865123006
b_ps[21],0.0038608388722143833,0.19172769643016732,0.011977244530703484,261.4182631506795,419.07071679439696,1.0188736578642246,0.011678500701004159
b_ps[22],-0.0008191269006554154,0.1930465659698141,0.012009348279750271,266.925308772083,425.8635039679438,1.0130485194883632,0.011924520376044814
b_ps[23],-0.005709391237438544,0.19271133738177537,0.011962530368815658,268.75590200922375,424.79103564747686,1.017199967872824,0.01200629960656047
a_e,0.013813476934709227,0.33255380043266786,0.028083669479173047,149.4113772157544,264.92163166368374,1.0399797007398754,0.006674747404875983
b_e,0.024280726908292038,0.30720941669352914,0.01873204688922203,272.29918712445163,314.5858699347883,1.009868716674111,0.012164590986831003
σ,0.9751057054888862,0.003618792872290075,0.00012258816627440806,875.005666005077,849.5103866407436,1.019491069461241,0.03908967246841852
