parameters,mean,std,mcse,ess_bulk,ess_tail,rhat,ess_per_sec
a_ws[1],-0.09047563042024842,0.27485682609605294,0.018395112211791464,229.0350948839233,213.67341456967884,1.0109914972918161,0.010513076326500956
a_ws[2],-0.019839698381510628,0.27545040091195305,0.018509921559232093,227.89861694901313,217.4793979194013,1.0110458257511485,0.010460910175810599
a_ws[3],-0.00785850591894311,0.2764628969865877,0.018272556115973056,236.27812271442164,257.40324016294625,1.0110020670286302,0.010845542861621224
a_ws[4],-0.06166614108277359,0.2770199154580254,0.018383549003366178,231.90918546858603,213.1956621791112,1.0111654821191711,0.010645001670523672
a_ws[5],0.08753922754670579,0.2757633033294603,0.01842510384654181,231.04087242702784,217.57070228309271,1.0109857342092394,0.010605144716348925
a_ws[6],-0.04980788175473466,0.27574164207922147,0.018384162907505802,231.66249784759077,225.71435030855451,1.0120384592301357,0.010633678315080523
a_ws[7],0.04532401173912748,0.27585908651922614,0.018358626134634827,233.71309008210594,244.58552806489084,1.0130467229228088,0.010727803770775047
a_ws[8],-0.022976873021487744,0.27468644555789873,0.018405262081835932,229.5839266188523,223.61227404068313,1.0104805909268388,0.010538268578905063
a_ws[9],-0.0041415798969792975,0.2756033666059632,0.01836161134704526,232.26454026261757,229.98719588596637,1.0100606815013877,0.010661313022609408
a_ws[10],-0.06024917298565948,0.2844507332627648,0.01882907861578756,235.35784844690747,242.28336015591418,1.0129321755583442,0.010803300804260561
a_ws[11],-0.0021121691188016804,0.2787187346753668,0.01837730601185332,236.2259911949222,255.6749163012356,1.0132861636744832,0.010843149941689926
b_ws[1],-0.044867139224015376,0.2961533637192274,0.01841940382936506,254.75641828868035,284.842433280522,1.0176250982204207,0.011693726114298203
b_ws[2],-0.037287113593550046,0.295021063801302,0.018322025347891846,255.25587284611774,281.00798923326164,1.0176960799882837,0.011716651875464277
b_ws[3],-0.11110792067246002,0.3008103514184278,0.01830907463777606,263.96662895452533,321.06470626607415,1.014059135851112,0.012116489480594772
b_ws[4],0.008810958117321114,0.29473020428156294,0.018504897683654337,252.0046217063865,287.93712254082476,1.0177239789092314,0.011567414260128773
b_ws[5],-0.07228040096900408,0.29490886007365846,0.01841400739802246,253.5873416257095,286.1581520680985,1.017004053331069,0.011640063629972067
b_ws[6],-0.09555422683555918,0.29541987520890767,0.018276914772167484,257.04941026193376,311.5744397497967,1.0172953344933702,0.011798978104798106
b_ws[7],0.0003985153740607722,0.2967560440643427,0.018483422313717322,254.62813519098032,302.37930238535546,1.0181480457910472,0.011687837715412416
b_ws[8],-0.013504401671889875,0.2949428046361822,0.018388771420967984,253.88411309791715,298.51821868135556,1.017305897452365,0.011653685914104673
b_ws[9],0.033218036542122346,0.29653766659196473,0.018454384445959517,255.65123663645434,309.6667035733864,1.0165023914882376,0.011734799704322776
b_ws[10],-0.06497353419235495,0.30132237090713576,0.01848345344846884,260.88671806589116,378.4136412703306,1.0166277282295861,0.011975116656192282
b_ws[11],-0.04578807581297678,0.297494027391412,0.01838111974902021,261.34385519361086,300.35917863632613,1.0177339485973553,0.011996099979808387
a_ps[1],-0.06754351323820998,0.22047235589486167,0.014476551281141616,236.15084814210675,318.2804989744804,1.0106575501893922,0.010839700755659919
a_ps[2],-0.13836832751400852,0.2194967526636386,0.014518938774044792,233.2193078821788,316.0337205296697,1.0111573298601781,0.010705138379870076
a_ps[3],-0.10197168599037251,0.2210132475129556,0.014474800651635599,238.6940887353742,324.4310570498088,1.012084692979553,0.010956439557140221
a_ps[4],-0.045195624821135136,0.22015886689614492,0.01450097059107334,234.23605303104867,295.816516805522,1.011822168855672,0.010751808604623561
a_ps[5],-0.08171010667371431,0.219288267211859,0.014451214937441054,235.3110142492837,295.84591669900357,1.0119293361777755,0.010801151039856296
a_ps[6],0.20733680827772713,0.21917875241231705,0.014473499718743446,234.79256170362743,299.28998377749156,1.0118045454043556,0.010777353240715883
a_ps[7],-0.28337404033488645,0.2207132545621815,0.01455270286524758,234.27931080366218,289.36704538899625,1.0113961466293797,0.010753794205412955
a_ps[8],0.09374285489164703,0.22174875458328133,0.014629718040567459,233.64686161221263,304.7397221242096,1.0115590626132354,0.010724763778326167
a_ps[9],0.19526786886046987,0.22029374923371697,0.014674809043084075,230.37767490685653,311.7283318884666,1.0115744628147734,0.010574702891908698
a_ps[10],0.05595737321924287,0.22085616509794836,0.014543069183945856,235.76175888046265,335.02957673807305,1.0105952592778624,0.010821840937680672
a_ps[11],0.3838208106231335,0.22034635125490756,0.014528023971454241,235.40350738830927,284.70746411179186,1.0113823142530405,0.010805396622528883
a_ps[12],0.4368230441726832,0.22131589065547905,0.01459422810051422,233.54835865488317,302.6614449830059,1.0103281826844257,0.010720242335403564
a_ps[13],0.021726786048381144,0.2215172274199319,0.014622375379206192,233.68775266320398,310.2946995990223,1.0109356543877306,0.010726640742816526
a_ps[14],0.2712677838915956,0.21987923862253822,0.01450282860117898,236.10560858307912,296.8797465436063,1.0115764551131101,0.01083762418771178
a_ps[15],-0.12318688467913187,0.2202458863742464,0.014432871059438936,237.0570662303016,299.25012575078057,1.0114018838971637,0.010881297611960376
a_ps[16],-0.07304204759558669,0.2213171695732467,0.014821212045287791,228.08700187887553,292.5740531954241,1.012811900558109,0.010469557344697138
a_ps[17],-0.1943505147221842,0.22058219051237066,0.014602123729071548,233.6908417970994,321.4429718167194,1.011797031364681,0.010726782538991658
a_ps[18],-0.008578400032866113,0.2201422311987455,0.014470037615788188,237.64231424009512,315.442017638118,1.0114855370587137,0.010908161429490219
a_ps[19],0.038066206108319685,0.22072701745123358,0.014631258035229177,232.170628219901,255.720707814651,1.0121016570263566,0.010657002309993259
a_ps[20],-0.07436528919434274,0.22018300719369097,0.01458698883159458,231.43971538489978,330.97616921488327,1.0119329200569196,0.010623452244549003
a_ps[21],-0.29964876720941325,0.22007731658130114,0.014497708876231686,235.98598709445687,275.3592916947428,1.0112941767282442,0.010832133370503996
a_ps[22],-0.26858797283797103,0.21932863369718095,0.014571164437798875,232.7816878746041,279.1128686221269,1.012364389954981,0.010685050923212097
a_ps[23],-0.16354306048163686,0.22155091417435893,0.014738405587276316,232.76309330204938,268.9243375629749,1.010903009365765,0.010684197402660474
b_ps[1],-0.0769901173651967,0.2251141388688845,0.018426257565314935,149.84312186934855,244.7344651056837,1.0287414573923164,0.0068780383984909646
b_ps[2],-0.03431501271412117,0.225574293192633,0.018641804410648877,148.7291038302299,250.2981781455742,1.027207756046232,0.006826903192856696
b_ps[3],0.014975099614216489,0.22357563893830176,0.018493015440072577,146.90418881051957,235.8718603441888,1.0276184242373798,0.006743136681434873
b_ps[4],0.011796112246590993,0.22455336589179817,0.018776244523070532,144.87147934710637,259.68923425291865,1.0250448823542901,0.006649832073469468
b_ps[5],-0.03355716013010036,0.22517291359488997,0.01859830376197199,147.68966403107586,254.5969025381568,1.0275480496524938,0.006779191247441313
b_ps[6],-0.07269600616302567,0.22482108980280777,0.018592515775129083,147.69274800009183,258.02453045386443,1.0266675721869276,0.006779332806540235
b_ps[7],-0.031367228307209526,0.22492970952357993,0.018582841088416402,148.11304720080477,266.5938579492529,1.0288184633245931,0.006798625210524445
b_ps[8],0.07582191094099704,0.22440077832531666,0.018422418084469937,147.82062758517785,194.33392791510093,1.025236030082137,0.006785202683553153
b_ps[9],-0.01108430111446203,0.22356147428882903,0.018099471604767256,153.4651213306699,258.15394461888866,1.0269884638051248,0.007044293953390597
b_ps[10],0.05788354855328769,0.22492573795323592,0.018828254549768792,144.440848643938,227.0455445005176,1.0294022685843396,0.0066300654370365746
b_ps[11],0.09877188662651357,0.22501679486336085,0.018616323793308118,147.69710819161858,235.6343865724381,1.0262484494486055,0.0067795329462888715
b_ps[12],0.10553788074342571,0.2261002483220249,0.018554095681575074,148.99308815848207,241.96299742650567,1.0303839445604839,0.006839020494763297
b_ps[13],0.05573430622937903,0.2246414854605113,0.018810424327510063,143.84573789671688,230.2811171835353,1.0347344198190456,0.006602748904120833
b_ps[14],0.10596066240418837,0.22366502167527674,0.018258634922917058,151.63393662779353,276.3001593759679,1.0279696572771744,0.006960239653506918
b_ps[15],0.02789875107266833,0.2239478286952278,0.018356532618673316,151.2739618187454,240.313391794806,1.0295715183485121,0.006943716235359761
b_ps[16],-0.07365659480633811,0.22517090758542813,0.01878862349282239,144.34050275102763,252.37761323068924,1.029341994196739,0.006625459400430035
b_ps[17],-0.05873944320357283,0.22460093075792173,0.01836416117904141,151.06873821684266,236.59350291252156,1.026087669638859,0.006934296144557099
b_ps[18],-0.012573692523413619,0.2236393210636135,0.018566892698908474,147.3938071391824,266.53740910361296,1.0255794478752933,0.006765610944004524
b_ps[19],0.07993685299998612,0.22442575459624456,0.01860335288169096,145.69846001573856,260.31951879813664,1.028675048243278,0.00668779180577284
b_ps[20],0.008958254764768496,0.2247610425384888,0.01878429579614544,143.65482088250033,239.9915335086404,1.0340107253553925,0.00659398550852199
b_ps[21],-0.0546215074921461,0.225613713595645,0.01843548818260712,151.29755245424684,231.81464043799647,1.0265281626616034,0.006944799083172857
b_ps[22],-0.04856937944474475,0.22508966353084467,0.018460544315411317,151.33441638409977,239.85013537085348,1.0247152812624518,0.006946491196376884
b_ps[23],-0.008075978846989244,0.22413670936894053,0.018366825610461095,150.78891754001057,267.60737955796,1.0282845456562761,0.0069214519289806185
a_e,0.017355954213770206,0.3443014687112791,0.021289830308768593,260.56441313157575,257.93420464350635,1.0270484248691607,0.01196032234540518
b_e,0.0009004644368806347,0.3440099264641338,0.021314003669139953,259.0972000541353,298.4970134064415,1.0260204764456906,0.01189297492391858
σ,0.9733527944834633,0.0036181388832239774,0.00011293056051159324,1028.8952438352594,637.0958584169305,0.9986424018410617,0.047227933500304645
