parameters,mean,std,mcse,ess_bulk,ess_tail,rhat,ess_per_sec
a_ws[1],-0.015819293941998516,0.2785901158452065,0.025108640501463227,107.09267493389493,251.1679430229573,1.063144109476111,0.006499394133339969
a_ws[2],-0.04174522634703058,0.28055493513057433,0.027679707565713637,93.795212855049,251.53830126109688,1.0632168909691584,0.005692378648136058
a_ws[3],0.017271196014039432,0.2847294651669822,0.02379149388167059,123.94148273154525,251.6180025126349,1.057118768255351,0.007521938790305691
a_ws[4],-0.03198744622263281,0.2800362649232051,0.02727832893373879,98.32140602300781,279.4570917520476,1.0628284338209244,0.005967070762609373
a_ws[5],0.03509594065728877,0.27982863234601896,0.028381684544655974,87.29606482162343,266.1321320152399,1.0641599188715882,0.00529794901393159
a_ws[6],-0.037276052924017866,0.28081648870789433,0.027669516430383224,90.70831209240316,240.76166871093562,1.0620206935692666,0.005505036379214983
a_ws[7],0.06342409486948819,0.2838314019102531,0.027018900467361,97.56723530097173,251.69924342771054,1.0630363939401295,0.005921300566194317
a_ws[8],-0.012552143803574674,0.27972062858454455,0.02742890911606642,92.05788194340471,254.5313935830964,1.063767704282468,0.005586941013472613
a_ws[9],-0.07702886227756833,0.27998079526531355,0.02765810447792225,88.03276016256369,262.58226734812064,1.0628639210684552,0.005342658639309064
a_ws[10],0.14653204415137222,0.28438857390267525,0.023781845399324417,123.04137486588976,241.41297849453358,1.056413039384286,0.00746731175082773
a_ws[11],-0.03256739819691167,0.283628684901103,0.02710779732608519,85.14307222363277,205.1262947537529,1.0651851864899973,0.005167285105600395
b_ws[1],0.0137833194052292,0.28658485153972507,0.01965021516063778,212.9122031530768,312.1048042045603,1.0262738548930757,0.012921521709526568
b_ws[2],0.03966084884178408,0.2870824274719957,0.01970909889028471,213.18285531151014,317.19892418108964,1.0267152153156256,0.012937947436606251
b_ws[3],0.11351172225764461,0.2947339919343202,0.019901295603600776,221.22286094093835,343.4851748668516,1.0252974673559276,0.013425890850590276
b_ws[4],0.023585036687977,0.2862420900096727,0.019642255636889375,212.22345922032758,323.0013300250586,1.026123796476832,0.01287972222810875
b_ws[5],0.011961083505203009,0.28680859145567483,0.019852947861233948,209.73169443050077,302.11191813289923,1.028486195679512,0.012728498426231916
b_ws[6],-0.00356086908920142,0.28674890328170854,0.019764899076417295,211.78601376719158,325.2980637991308,1.0257569294645321,0.012853173909901894
b_ws[7],0.08579053183662486,0.29014215862654863,0.020070416822601075,209.3752449677492,323.36386562152313,1.030054628196405,0.012706865709069237
b_ws[8],0.009731031121561633,0.28633225307949417,0.019825128902269482,209.33722516461287,305.5110555980212,1.0302436180558059,0.012704558308627446
b_ws[9],0.00388762791817168,0.286671797146904,0.01983585908486812,208.2767537470727,307.3535567951449,1.0279071443749654,0.012640198895493076
b_ws[10],0.23797322823017675,0.28996473929937716,0.020168679722972857,208.2279207065734,365.45941585338556,1.0279314438365545,0.012637235245765117
b_ws[11],0.014360645183495939,0.2873008723023424,0.01994860093056592,209.67199581351218,315.78666717037544,1.0252783560946095,0.012724875350785685
a_ps[1],-0.21846415630314817,0.21631481528547672,0.01681192183189879,168.34403232967992,194.09732670580513,1.0323135742858822,0.010216704520469693
a_ps[2],0.23870671037516525,0.21764518171362923,0.016969913432874795,166.5438559486272,213.0857377178711,1.029105311309819,0.010107452829658782
a_ps[3],-0.17852386006387636,0.2165955278819128,0.017050195888760614,169.34657008419146,205.03223485116976,1.0334306332785363,0.010277547972219742
a_ps[4],0.26424994029437493,0.2166145237750058,0.017002988512842862,164.67662319637606,188.56411788337635,1.0336561023581359,0.009994131525442108
a_ps[5],0.15657692921981545,0.21586161160415204,0.01678799382095987,170.56531387923246,217.49898286466112,1.0317197699591296,0.010351512846814792
a_ps[6],-0.6040276956416348,0.21703211006366177,0.01676642786023044,173.45056438541647,190.44664508063315,1.0316177606643844,0.010526617075228955
a_ps[7],0.014482599153239885,0.21629289101617868,0.016563859196734344,174.72674811768158,218.80166638959523,1.0351508655824437,0.010604067947267287
a_ps[8],0.09211546079718604,0.21473767152085893,0.016711634824806684,169.3306950137368,219.38953080218474,1.0301601631126194,0.01027658452313377
a_ps[9],-0.0536153979880843,0.21559415297301468,0.016372250726701666,176.9469001840618,215.28369946264255,1.0287858594124957,0.010738807725914718
a_ps[10],-0.05541427518503864,0.21715969241208805,0.016901639699132536,171.7702506980678,195.3202907340725,1.032233838151871,0.01042463978379921
a_ps[11],0.12282577799614151,0.21629936253854917,0.01659459336007879,173.7320738876294,216.9390248566191,1.0320206586207152,0.010543701728388396
a_ps[12],-0.03665588288894452,0.21545176538123864,0.017007451813049534,164.16515866337218,178.99512460076775,1.0328241363424637,0.009963091030961334
a_ps[13],0.08478737793182088,0.21580121745121417,0.016712788550442816,170.48221884974245,194.54042172326953,1.0320039883860825,0.010346469856269356
a_ps[14],-0.02483714715465782,0.21562403630111485,0.01684865485045002,170.2528851354002,173.80118884415813,1.0301768171936907,0.010332551722293403
a_ps[15],-0.21991783792650615,0.21673112555850138,0.017059277805696407,166.5439174992283,200.16270140701252,1.0352143792148667,0.010107456565130101
a_ps[16],-0.09951027828132684,0.21750999995791137,0.016660588862573763,176.23242434045832,202.49097346443696,1.0247336684077035,0.010695446589317878
a_ps[17],0.01803268510162833,0.21638092899216663,0.01677497132514088,175.7641741119522,207.36836701199255,1.0308344118531831,0.010667028746641277
a_ps[18],-0.00688217904601656,0.21761703794314366,0.016856483728392806,175.0232060251287,202.77901562043778,1.0338883511575623,0.010622059810722314
a_ps[19],-0.12100443801108933,0.21556289940947676,0.016530987634334825,174.34914050263646,207.12094645345445,1.0290685722986663,0.010581151153756959
a_ps[20],0.1702214093919381,0.21672161719386746,0.01679924322722895,170.16108815946885,209.17282402819816,1.0337454325436415,0.010326980615518875
a_ps[21],0.4621559103632544,0.21685140075476003,0.016951056931769203,170.83632674790888,219.09827411328084,1.030720358597292,0.010367960465195997
a_ps[22],0.0687016566384087,0.21699341394649563,0.01686604167195751,170.9935153351308,198.54585618032522,1.0325522382894943,0.01037750015203498
a_ps[23],-0.12851030871230565,0.21565186366460784,0.016947024002173697,165.2843100103293,207.84544938298288,1.030985793000172,0.010031011695966879
b_ps[1],-0.0019217135992199456,0.19183391567507568,0.012794108471698375,228.79043639532821,264.69298123308806,1.0248934587583156,0.013885162743296563
b_ps[2],0.10504496218926103,0.19050563638067583,0.012625331035229656,230.11514641320824,236.22694360290774,1.0296398702439327,0.013965558648281667
b_ps[3],-0.0283250834021031,0.19183180109579584,0.012768097209210839,229.36607836757747,291.2027827544287,1.0252168113227138,0.013920098130424118
b_ps[4],0.0043610573074522145,0.19060263178909082,0.012639881419992336,231.21417919446375,272.47064181620743,1.0253250434086802,0.014032258328864393
b_ps[5],0.055286241351017174,0.19207162507290834,0.012676442945061029,233.09114707855932,282.0458015364017,1.0244385039220592,0.014146170452750441
b_ps[6],0.04731573144226408,0.19160962715513027,0.01280915029829107,228.45023031633892,244.92727786065382,1.0304685777658285,0.013864515827947082
b_ps[7],-0.015278431214853732,0.1910785374611946,0.012702222540437638,230.4094592062707,262.00210274903674,1.026896850442207,0.013983420325952692
b_ps[8],0.05423913481242652,0.19146398172457868,0.012553509472065167,235.83309819580884,230.08462010166735,1.0270441142516111,0.014312577921948096
b_ps[9],-0.04561560613032373,0.1910421360693111,0.012658688531004799,229.99491141769778,231.23443396107336,1.0248095979380014,0.01395826165411353
b_ps[10],-0.0712762373162772,0.19176706721355977,0.012595973935418224,237.14577446147516,273.79229376504776,1.0280203820501272,0.014392243505288064
b_ps[11],-0.0948871245227802,0.19075376900507635,0.012621481509769298,233.05928200622728,303.4530193870271,1.028361675520121,0.014144236579455176
b_ps[12],0.012393226112501552,0.19135773747206028,0.01276996321918061,229.70446473543888,295.482119632097,1.0267128780289327,0.013940634608530003
b_ps[13],0.023708609570290307,0.19236563125744047,0.012726690657353545,231.2625509647247,226.71802952778393,1.0264075860680526,0.014035193984361347
b_ps[14],0.08614397163860192,0.19133906233862222,0.012691201414983096,232.34643430181683,261.2565224272459,1.0305193578527525,0.014100974253709087
b_ps[15],0.04169964489658843,0.19223710707547337,0.012754513980727498,231.3780867081536,248.87804564695912,1.0266710683533078,0.014042205783567002
b_ps[16],-0.024554109891815813,0.1928054388722442,0.012779730968003254,230.07438891083416,264.5918355839906,1.0237033678925247,0.013963085098414851
b_ps[17],0.05101381338306743,0.1915942520882715,0.012702535605898449,230.88185041378898,257.5672558024925,1.0251878057775219,0.014012089482313582
b_ps[18],-0.02268694673706185,0.19214853456392011,0.012667653676456886,233.31489881031374,297.47370590986833,1.0320842181834158,0.014159749819346588
b_ps[19],-0.05128459489131126,0.19293999795971528,0.012917037714566428,227.12643023317182,295.81594739712557,1.027033132337358,0.013784175146387282
b_ps[20],-0.00751254705681389,0.1911329317510119,0.012636708688849328,231.37736506904008,256.6293144401308,1.0262807338864255,0.014042161987695588
b_ps[21],0.10656014742841127,0.19101170430437336,0.01258145204920427,233.54387241067317,317.1882741028424,1.0263182861799343,0.01417364609820772
b_ps[22],0.030481272881730227,0.1909208099301822,0.012664611591576065,229.15199354139244,249.93640195820115,1.0241727086804107,0.013907105442883136
b_ps[23],0.046002259468986215,0.19142800406371724,0.01259557703378945,234.7982434030399,279.5490966637184,1.0268698723316896,0.01424977316734529
a_e,0.013721201383067955,0.3521414138133731,0.04382379035334016,70.46452330739076,150.95773175504243,1.0757422666928156,0.004276452237983113
b_e,-0.009427156783807017,0.34437454475133145,0.025416882545456564,183.9336391860072,256.5989453388516,1.0241628300194592,0.011162828981415634
σ,0.9797799599994947,0.003464512634964022,0.00011181501119404481,966.1221703941576,649.1754433622779,0.9999673788573109,0.05863341045711513
