parameters,mean,std,mcse,ess_bulk,ess_tail,rhat,ess_per_sec
a_ws[1],-0.01654701626693363,0.31312245323556265,0.024707463321780046,160.17359571529485,207.664163044608,1.0077845587323704,0.00868875941140685
a_ws[2],-0.06982247086797516,0.3096132865939455,0.02438115219768784,160.41900567255843,193.062429431409,1.008206957870132,0.00870207189319453
a_ws[3],-0.06486492052134568,0.31257720780016707,0.024442203018725753,163.60804506276807,156.97778635307478,1.0073541347969512,0.008875064176293941
a_ws[4],0.003165758994409359,0.31083100421501275,0.024516738445041028,159.47601543328162,185.0115966105213,1.00622625269301,0.008650918547477394
a_ws[5],0.016415486690667794,0.30904680974884413,0.024380450409919614,160.55408551638592,190.05872360764388,1.0076327019491698,0.008709399419676694
a_ws[6],-0.08603414641176427,0.31102376328033515,0.024516373170621088,160.18453556485386,189.1982486027814,1.0077272112448579,0.00868935285329339
a_ws[7],-0.05016569404314002,0.31132600413877415,0.024430089348495974,161.61909822359232,197.61662021407835,1.0070178062022794,0.008767171982886523
a_ws[8],-0.0296094546790417,0.3093733791109325,0.024373570244890442,161.19616991909166,201.44151426568294,1.0076257597356997,0.008744229860187273
a_ws[9],-0.04064843843631451,0.31013562081014684,0.0244392093971824,160.72160404580075,185.44960053905965,1.0076911857167612,0.008718486611560838
a_ws[10],0.08508998032046139,0.3133973000975879,0.02429915519701012,167.88788119949405,200.52808442785872,1.0054428991687265,0.009107227700788673
a_ws[11],-0.10833875308901568,0.31481648924977745,0.024731115836791138,160.5331067510639,235.4173477802391,1.0062686562994227,0.008708261407860095
b_ws[1],-0.0005285156315749148,0.2995304631173731,0.018673690799942747,257.9131306693429,299.40300995911576,1.023599527275736,0.01399072756917994
b_ws[2],-0.0025345510722389938,0.2985915107352544,0.018581636054068464,258.19292691706283,294.64738890167814,1.0193152562625596,0.014005905365931
b_ws[3],-0.06032492709558078,0.3049501572666897,0.01901119790070318,257.0199261919878,341.63978925964057,1.015357846946584,0.01394227489647648
b_ws[4],0.009194094494477483,0.29753887753222313,0.018541645749576653,258.2928418739441,307.1774468386002,1.020418122841675,0.014011325341789477
b_ws[5],0.02138625034017051,0.2980796534463124,0.018604589770416978,257.2017592027739,309.4704342641186,1.0206876179461686,0.013952138590156558
b_ws[6],-0.03074308265046848,0.2989580376364203,0.018536740705429218,259.3144048862807,322.2233698793598,1.0197115973880422,0.014066740937588189
b_ws[7],-0.023659125717144618,0.2985322253883453,0.018552056237199157,260.6841010076943,319.2811730723814,1.0173313900852186,0.0141410413240692
b_ws[8],0.00042276502528400874,0.2981699176675208,0.01860480222298454,256.83588753070046,300.63285754009115,1.020274630284409,0.013932291555319767
b_ws[9],0.03263197608514413,0.29829854342440354,0.018494061594645516,260.4386263454551,303.14771901830596,1.0189839354403725,0.014127725332302466
b_ws[10],0.16603443947982452,0.3021775276443813,0.01845659734793907,268.43032834290346,332.6766784152205,1.0195669414021113,0.014561242327618679
b_ws[11],-0.07474291389897404,0.3026388347403443,0.018632809896454806,261.33763220521894,324.2254530392783,1.0208853446879875,0.01417649270616362
a_ps[1],0.1210904514914504,0.19834776500705695,0.013100035975282191,223.88682780902823,344.2654739439567,1.0269149946773635,0.012144940453690295
a_ps[2],0.11235092492593488,0.19749106329357943,0.013092752513107908,221.10723151476702,382.65970411983653,1.027421149926961,0.011994158776137135
a_ps[3],0.22717989160648008,0.1970174982442173,0.013076172327685721,222.0258589034368,320.7492507735718,1.028830818979446,0.012043990537316225
a_ps[4],0.11026118218161333,0.19786172302596974,0.013030629156612732,225.3833328532753,347.52950703565904,1.0251113156752307,0.012226119703174908
a_ps[5],0.12206061040047055,0.1978244941753045,0.01302286475684943,226.4213517295902,266.4975006172924,1.0251779879048768,0.012282427961977005
a_ps[6],0.05986150499621504,0.19670088204219707,0.012937861678908088,226.64596838164488,300.84459655630815,1.0252496015650732,0.01229461249239716
a_ps[7],0.1975609767358585,0.1989884667736921,0.013073844767001784,225.0224672502718,313.7462343133822,1.0260930696598982,0.012206544227015137
a_ps[8],-0.4658249206827795,0.19801796220395665,0.013136952673809063,220.7829123390069,304.51976560298266,1.0272196253292287,0.011976565793485399
a_ps[9],-0.010820232148088112,0.19865557549910787,0.012935139187267417,229.96017414540694,329.734551633371,1.0252632980520924,0.01247439453695094
a_ps[10],0.01773672609939992,0.19637360878272395,0.012811287372689932,229.52296852649314,313.8680533211146,1.023442843376947,0.012450677928610517
a_ps[11],-0.13874696845847137,0.19856514724490534,0.013070463457845474,225.52325488613505,296.0358626144989,1.0265519679078074,0.012233709898515433
a_ps[12],-0.4694877756507143,0.19763590130997,0.013097000890080833,222.5716738697109,348.07781332036325,1.02599939878532,0.01207359875647321
a_ps[13],-0.18159377239371371,0.1986825276801822,0.013156385432752271,224.40790451716347,315.72654765254293,1.02561261991476,0.012173206723993189
a_ps[14],-0.5360153808521924,0.1981278535087168,0.013005389369442554,226.62851148960456,329.634115960439,1.025343190827266,0.012293665527734652
a_ps[15],0.06808302756573714,0.19709888422335975,0.013027438925761638,224.09513715074837,316.23657148853323,1.026362366408773,0.01215624037953183
a_ps[16],0.15528801896507757,0.19746329279364663,0.013229660950599251,217.58888673084488,344.7466768891862,1.0270239929402338,0.011803303028550528
a_ps[17],0.12191655207564261,0.19813167764966116,0.013043465662360523,225.43923699991157,285.56497107343927,1.024858802134328,0.012229152273418795
a_ps[18],0.013912740344394924,0.19696818393407492,0.012892641761818148,228.23018140238273,285.37549153387084,1.025228213130599,0.012380549539212766
a_ps[19],-0.37938784933943565,0.1977544843715426,0.013014606468978457,225.90230568633413,285.45865755544446,1.0245129756412588,0.012254271846899766
a_ps[20],0.030930076875503105,0.19760933677551815,0.012943064308655378,226.8150789186765,311.59496842570917,1.0254522396883692,0.012303786044152927
a_ps[21],0.2553326416702262,0.19805057434018927,0.013084565125458138,224.16252758113347,338.9628991280471,1.0255199943705635,0.012159896033471746
a_ps[22],0.15420704133542282,0.19917526833007712,0.013209232208859525,222.8348208403706,325.3349860266423,1.0241993803082072,0.012087873398355927
a_ps[23],0.01601652294464159,0.1982837003413831,0.013180870433092347,221.22306671561256,297.09879111201343,1.0266735801628113,0.012000442359814109
b_ps[1],0.04608568144306278,0.2046845076013956,0.013391370987715574,239.16099402573045,345.6720145921859,1.0135806697360477,0.012973501209126288
b_ps[2],0.059534716009119505,0.20506563866445976,0.013285669057840585,242.65450253667876,312.98349691418224,1.0127019802750141,0.013163009690956752
b_ps[3],-0.13714758923272677,0.20290140821816594,0.013271091117907308,237.2171771497525,314.0707891732646,1.0129751606287032,0.01286805713078253
b_ps[4],0.04125362183736251,0.20502449892802585,0.013427591463082257,237.0365097422184,345.5809146088512,1.0139738297233882,0.01285825666628939
b_ps[5],0.014153341634004986,0.20458229813106218,0.01335977180832111,237.48145521442828,287.98629444869516,1.0126002750318628,0.012882393129867933
b_ps[6],-0.10517929660023961,0.2062621456027518,0.013367146671412717,242.9261718655938,349.32689705244366,1.0112114179158598,0.013177746635756297
b_ps[7],0.006709253871734836,0.20423314576787535,0.013194028301292232,243.22098462406012,342.2237215020903,1.0117946792707129,0.013193739016512239
b_ps[8],-0.01904052981944456,0.2054675534188909,0.013419262119819654,238.44072406458912,347.682621869947,1.0074068162605225,0.012934429523336425
b_ps[9],0.018524870932235597,0.20511257203259653,0.013313777819305391,242.0425487944223,319.5083025532678,1.0111547270506962,0.013129813714968127
b_ps[10],-0.0008943118945421052,0.20429360032995542,0.013208209262204266,244.3196391083266,326.3593827359192,1.009400181354532,0.013253336507892918
b_ps[11],-0.027312785527597274,0.20418583847459926,0.013248774193839455,242.23123720921458,349.80390349916325,1.01198051141447,0.013140049286146564
b_ps[12],0.05255303915966656,0.20546727064941245,0.013355253913297565,242.7501703565364,340.82899486987685,1.0135987151663393,0.013168199277083258
b_ps[13],-0.007117314112295756,0.2042439620323955,0.013208516730853478,244.35570491368767,331.21388514503917,1.0115453929267877,0.013255292929638722
b_ps[14],-0.011876105222749619,0.2044474921901667,0.01318354969755011,242.72377930523984,352.46222477345293,1.0133161642562962,0.013166767670991718
b_ps[15],-0.06065102168325598,0.20531734276203736,0.013522331593678685,234.61424373904606,328.6177942223706,1.012503863808143,0.012726858688751293
b_ps[16],0.01534642054289668,0.20397248163846154,0.013235892118091922,242.34624201273516,329.9905087817554,1.0154529109848427,0.013146287824180775
b_ps[17],-0.059454052463705324,0.20430772115176185,0.013346090975196928,237.3305261494488,304.3694717007345,1.0134437418265545,0.012874205848263001
b_ps[18],-0.015587606401583623,0.20528780669592375,0.01337696837657022,240.56688199834605,332.7941252193908,1.0101193024803075,0.01304976485482205
b_ps[19],-0.004959146704604805,0.20483559334073723,0.013157277206783023,247.63160159880357,315.46934757891404,1.0153181092241792,0.013432996864088631
b_ps[20],-0.027872334823911746,0.20378251524522983,0.013256078491496917,239.67211581487038,317.11400095120405,1.0116238741892283,0.013001227465978624
b_ps[21],0.04520168503508666,0.20424313196671637,0.013352093938583923,238.90226704701598,346.8867113206598,1.0123357774510444,0.012959466333644776
b_ps[22],0.06797009532098776,0.2047598353182237,0.013191463547019947,245.13513480174754,327.358789432857,1.0133344860110873,0.013297573798374724
b_ps[23],-0.03890434663091762,0.20520834847595737,0.013287939308445185,241.50088724436938,304.0607936450736,1.0131838287522155,0.013100430801574681
a_e,0.03970226891321751,0.33445805293662156,0.026794597605952198,156.2085575100863,222.47204741214028,1.0318867272361043,0.008473672381186651
b_e,0.03492471797106293,0.33551473976170776,0.02242442416866653,226.0034584007885,261.70432506044824,1.0191378662709607,0.012259758966020617
σ,0.9696355339053898,0.0035181059897370285,0.000110364747215721,1033.193320278563,779.3815776139662,0.9991351901141007,0.05604649221541971
