prob: 0.018
0.018 : 0.3804408482142857 - 0.9270592843007915
prob: 0.018
