prob: 0.035
0.035 : 0.005719866071428571 - 0.006122196569920844
prob: 0.035
