prob: 0.024
0.024 : 0.22903878348214285 - 0.7180852160290238
prob: 0.024
