prob: 0.046
0.046 : 0.003941127232142857 - 0.0037310356200527706
prob: 0.046
