prob: 0.029
0.029 : 0.15339006696428573 - 0.31303594986807387
prob: 0.029
