prob: 0.002
0.002 : 0.3633510044642857 - 0.9347481035620053
prob: 0.002
