prob: 0.03
0.03 : 0.006626674107142857 - 0.0063077176781002635
prob: 0.03
