prob: 0.045
0.045 : 0.014718191964285714 - 0.016799967018469655
prob: 0.045
