prob: 0.036
0.036 : 0.004324776785714286 - 0.004674101253298153
prob: 0.036
