prob: 0.0
0.0 : 0.3626185825892857 - 0.9320374340369393
prob: 0.0
