prob: 0.006
0.006 : 0.36275809151785715 - 0.9320477407651715
prob: 0.006
