prob: 0.025
0.025 : 0.28969029017857145 - 0.6940396190633246
prob: 0.025
