parameters,mean,std,mcse,ess_bulk,ess_tail,rhat,ess_per_sec
σ_aw,0.04607988396076245,0.015349688479210071,0.0005883152920608517,522.2694053487587,800.7792216527657,1.005067032511492,0.002135228964139992
a_ws[1],0.49997457223618125,0.5849901556139974,0.01713637990807354,1176.550261052856,785.2411643739841,1.0033429287707911,0.004810169175981004
a_ws[2],0.6666716224781214,0.5578737847834022,0.01713887709636415,1066.8235844429187,783.169292424851,1.003892247160946,0.004361566260250364
a_ws[3],0.5702182107580627,0.5922715566104984,0.018613623020537113,1011.5686851176333,851.0704392632705,1.0041243699371152,0.004135663957259433
a_ws[4],0.07652908621605578,0.5179119770702906,0.016724075224936772,952.7229317454966,843.062723448229,1.003918869715415,0.003895080925341414
a_ws[5],-1.8928718804802105,0.6148020528937006,0.027622991186792817,487.86334052064774,779.8602798834254,1.0045514760587866,0.001994564346586906
a_ws[6],-0.6706635882313832,0.7985328580618821,0.027237169237498866,850.7891853164208,736.3196072918261,1.0045733491154625,0.003478338367631526
a_ws[7],0.05894796546703899,0.49013820155891863,0.01645027212200094,878.5213992621261,847.057238702594,1.0038733125628707,0.0035917178339570613
a_ws[8],-0.2298426823822897,0.6097241342777564,0.019179262576790077,1018.0008278593205,696.8319065502073,1.0075472818833282,0.004161960916918331
a_ws[9],0.3703975200072555,0.4197344033908724,0.015437863372112415,744.511639704387,806.8970275767562,1.0010541119956142,0.003043836765001773
a_ws[10],1.1139748262621623,0.5528545367291294,0.017143037379308196,1048.0186556034148,930.1220350168715,1.00203961676813,0.004284684811106531
a_ws[11],-0.503377503031761,0.646302981675682,0.021443988039043096,909.9538362932553,708.9651380694839,1.0018891446893505,0.0037202251699698908
a_ws[12],-0.05331311933624609,0.6902049503420346,0.02328361433893269,883.7343855388903,752.4993506311686,0.9987473617100572,0.003613030434645164
σ_bw,0.021101300301878626,0.011031124478585397,0.0005766263337803705,309.86377988855867,288.8710699751377,1.0036175590101812,0.0012668368297662953
b_ws[1],0.01917875582736204,0.7927275820878392,0.027949783365365726,822.605029917365,791.2902206255606,1.0003798467851521,0.003363111198814888
b_ws[2],0.40737808519824,0.7764268417000904,0.027232698516213377,812.0427857772693,602.7891622180036,1.001774594887493,0.003319928869190984
b_ws[3],0.16957674904113576,0.9357057300900334,0.037773524412977266,613.732110765727,501.4068275495779,1.0054852962042184,0.0025091620640781405
b_ws[4],-0.14464908919374708,0.8145635217816635,0.029640349030869255,759.2027120513889,744.3930967830929,1.009876087064879,0.003103899259316651
b_ws[5],-1.2101289932033217,0.6943399380653371,0.02391941999808061,842.4771422142601,757.170243295224,1.0052703706834774,0.0034443556855116306
b_ws[6],-0.10679775019817704,0.9903854752131693,0.03982137883686863,611.2886495615988,781.4342243905385,1.0010537894047182,0.0024991722981022395
b_ws[7],0.2992585046418247,0.7907439753861363,0.02836551350155965,779.6772086497348,602.661359681267,0.9992131985591719,0.0031876065140691674
b_ws[8],-0.5201566855239367,0.845261741173108,0.031869477249520585,726.2550362490438,658.247987644589,1.0040151312072967,0.0029691970712241223
b_ws[9],-0.06002200966589254,0.6621691342059914,0.021386661280949112,962.3952162799815,703.3375283393298,1.003545989546297,0.003934624773546814
b_ws[10],0.7347149389022345,0.8825139053665113,0.031200502269306936,794.8161995034336,688.5481207103335,1.0003284433629756,0.003249500263593098
b_ws[11],0.21433752664234804,0.899403100772737,0.034545074120794744,679.37027388224,599.8270234442107,1.0065571491081036,0.002777514959353967
b_ws[12],0.1278819359267284,0.9044365545367332,0.035879552875565296,628.0942597277251,762.7471143243444,1.000495449380454,0.0025678797989040453
σ_ap,0.24409985467370293,0.03979318873946435,0.0020207051205471042,392.6964786617751,584.8725289287979,1.0044442492186485,0.0016054872959569149
a_ps[1],-0.43295994182065567,0.24277359451808203,0.009728743037257957,620.5565448271673,763.7386269819767,1.0050318749789646,0.002537062854594713
a_ps[2],-0.9094560217621649,0.2650361655967938,0.01063162353145339,623.2154643944555,729.5641640283584,1.0016305762039455,0.002547933493416838
a_ps[3],-0.5665062703064189,0.24357387514853018,0.00998570789606979,593.4475145526205,655.8576207685034,1.0035796803444954,0.0024262311917801803
a_ps[4],-0.5658991421985272,0.24482552401565053,0.009359849850900942,689.1847648752149,690.6881656730297,1.0052358557341963,0.002817640199741152
a_ps[5],-0.527168123369756,0.24167694582978375,0.009642351696496427,631.0297802358208,619.8758651818242,1.0008941801587072,0.002579881283864718
a_ps[6],-0.645397260891269,0.2500065352924445,0.00989736481091264,639.9741342289141,684.1177227805172,1.0000949375948491,0.0026164490849190816
a_ps[7],-0.31095055487635137,0.23604537339941883,0.009180571595830161,660.2311755090988,759.6963552037589,1.0021147666855859,0.0026992673025405907
a_ps[8],1.291877624313715,0.3063626002625897,0.01414058459622419,463.9431775302111,589.5470369433505,1.0054993860899697,0.0018967699433133252
a_ps[9],0.1637185164077365,0.23103893146138113,0.009333878160716532,614.1433237988954,743.3775273161748,1.004031608133242,0.0025108432538431553
a_ps[10],-0.13394357356623268,0.2330416795329919,0.009837364606830361,554.6585821694532,611.8146486318896,1.0057730253044752,0.0022676478034668267
a_ps[11],0.9548694774482446,0.2736910245509679,0.012443767136780508,487.4766170881407,696.9906456498758,1.0088995308848356,0.0019929832792953055
a_ps[12],1.6755474218709636,0.3428957264695076,0.0168922388983259,409.46993309205357,585.3809031108786,1.0081440610072716,0.0016740633323117469
a_ps[13],-0.3540100671876319,0.2376640244014653,0.009787948804339601,586.777975612078,571.4553764858618,1.0107951258231564,0.0023989636693531368
a_ps[14],0.986841398170358,0.282757943656311,0.0137021595534505,427.90630185992734,572.5870718575834,1.0076698787177474,0.0017494379726478823
a_ps[15],-0.469170172813088,0.23988219712589942,0.009341775997838395,659.3174451440931,762.0565891806299,1.0007411030571034,0.002695531637535532
a_ps[16],-0.07633669223507315,0.23762450295820095,0.01002601941556418,564.2622840080383,619.8786379242486,1.0109044357926624,0.002306911260446501
a_ps[17],-1.494280560925919,0.325380923740826,0.012955010251809377,627.2240214328851,546.3227662407944,1.0021607562041206,0.0025643219454402656
a_ps[18],-0.2798075173733683,0.23274709935230578,0.009112973165189017,651.9050794983698,637.5020064970361,1.0083555386349228,0.0026652271669740683
a_ps[19],2.7565997714873918,0.4927075809030551,0.025913583244980855,366.28950937085403,525.6735365379658,1.0065871215114324,0.0014975259160490157
a_ps[20],0.36661438143151004,0.24046900287166334,0.010173223535078425,552.0389965537587,605.9304052914879,1.0115880258345613,0.0022569379762715303
a_ps[21],-0.4417266997662694,0.24184995307903712,0.009438887846892514,659.4903365397156,736.3487031470958,1.0057395838834715,0.0026962384809994665
a_ps[22],-1.056187147211835,0.2799518897696368,0.010974910445502065,647.9424912956121,614.7205573711838,1.0021824322963064,0.002649026652418103
a_ps[23],0.21271103081682322,0.23801222921620432,0.009649245584650787,611.4228355387174,692.6938249237883,1.0073340588871345,0.002499720899613243
σ_bp,0.04396553342955911,0.00949311177643887,0.0004774708826415074,377.97421806351264,654.6332287657063,1.004352019253007,0.0015452972926270527
b_ps[1],0.3392131970695802,0.5190668818123823,0.011909714040803047,1914.772014082197,664.9659256557585,0.9979282576790107,0.007828290576321988
b_ps[2],1.0374550320785079,0.5333822061645285,0.013589797707685276,1548.5737004801535,669.8435456608291,1.000881645003088,0.0063311375020381165
b_ps[3],1.0760155589259357,0.5274186754836928,0.014933139678879388,1298.8633207248788,786.5322853665681,1.0022238943780708,0.005310229843961134
b_ps[4],-0.5655278462885819,0.5291018422852566,0.011346223876485862,2177.5058202856894,625.133040594945,1.0043424484812757,0.008902442780374263
b_ps[5],-0.5221837415620398,0.5282415107799378,0.010684932724287803,2404.694580421054,532.8978112848093,1.0091416584848933,0.00983127379364058
b_ps[6],-1.0768279387732456,0.541012452107278,0.014746089598963166,1365.0066134622357,844.0460067905904,1.0010993131181694,0.0055806478944729855
b_ps[7],0.6665690319144225,0.5052222250311484,0.013175680706744299,1466.857205262607,785.2308094828392,1.0000447533870722,0.005997050485548999
b_ps[8],-0.8642247178597512,0.5278396370767796,0.012324801117499857,1794.0164257846593,774.6348224542435,0.999480135836828,0.007334597422800029
b_ps[9],-1.4461276558578529,0.5377841570734401,0.014755343574082277,1377.6863445791535,783.7793052182495,1.0043305729212313,0.0056324872878226115
b_ps[10],-0.17008191634796274,0.5166565100924939,0.012706327352246551,1709.2403546045193,673.6388884442148,1.002214681576118,0.006988001737132878
b_ps[11],-0.10447905020625509,0.5136184302131722,0.011412313001376262,1997.1135959151527,688.7142085970926,1.004389288184897,0.008164933176256448
b_ps[12],-1.7152922949494283,0.5330915809336942,0.013811784674642436,1517.189168037621,844.3059971089469,1.000200968417244,0.006202826017560987
b_ps[13],0.26272411415924946,0.5383869503665064,0.012400143311954135,1842.8927183750104,712.0469207817466,1.004882452321587,0.007534421640971507
b_ps[14],-0.9310527149802146,0.5197647674811415,0.011924855166924613,1933.150348063087,576.6945634910476,0.9981891266542277,0.007903427949154367
b_ps[15],0.8150796485101457,0.5424076308173351,0.013850504040158586,1554.5541799989403,755.8203600091043,1.000276333191357,0.006355587896714083
b_ps[16],0.2697169476470888,0.5132006659065304,0.012897253310969475,1544.9821478665872,771.768639230035,1.0057249000112545,0.006316453917113975
b_ps[17],1.5078179984372475,0.5361544042868722,0.013243233900505446,1667.570676406818,640.9316687912332,1.008251575796471,0.006817640802904479
b_ps[18],0.44069718200982594,0.5300282228685741,0.013649143011489215,1528.8802503977067,563.9441310454619,1.0243412799239546,0.006250623452030141
b_ps[19],-0.3920801023386434,0.5388158752222098,0.013093173202041087,1693.0559041869815,768.9042602966698,1.001030404519388,0.006921833765303975
b_ps[20],0.5329123102660239,0.5021129611634407,0.01265223064748915,1619.450140426802,510.47134063082376,1.0163272269667083,0.006620906395064031
b_ps[21],0.755870923982276,0.5537925580679709,0.013050089212385423,1785.5635713216234,733.3074366885481,1.0015713037559646,0.007300039052169297
b_ps[22],0.45739665107346716,0.5369065214904116,0.012425530934699608,1824.4478416832824,672.2670264216338,1.0039344670440213,0.007459012217120863
b_ps[23],-0.1043339229427556,0.530597707613184,0.013059044693982946,1592.0853459052323,739.9155760659669,1.001056865366371,0.0065090290741607005
a_e,0.002149579295399505,0.05477982131864461,0.002240578952869065,602.0567560216925,599.633775528501,1.004894694496129,0.0024614289298743007
b_e,0.0010809761782902526,0.014727587689097824,0.0005644178905955744,677.7172854551708,829.9319935671305,1.004112817738759,0.002770756936136985
aL,0.016737999532253352,0.006552432412429234,0.0002100117337451297,979.5338903993869,847.9227173002786,1.0032712563624782,0.00400469396199999
σ,0.9729297883808566,0.0033423360944414247,0.0001080686160530763,965.8730014852051,765.9005371238167,0.9995818867073721,0.003948843235561245
