parameters,mean,std,mcse,ess_bulk,ess_tail,rhat,ess_per_sec
σ_aw,0.0538625021787454,0.0172139645334166,0.0007238668106112788,541.3601264953288,809.8949700364315,1.0006230830815588,0.0018252816524320867
a_ws[1],-1.610960672097893,0.5933963885732978,0.019829427909356594,906.4585158827958,767.3947279330305,1.0022161291261007,0.003056268861991931
a_ws[2],-0.3648006848520864,0.48490484272557705,0.016378613992864683,873.2556583686217,749.3286051640375,1.0003557005300294,0.002944320154167285
a_ws[3],0.9323142790569863,0.5664517378302599,0.021022110565036847,733.8875498323241,855.2218226377505,1.0019656954607559,0.0024744184399566015
a_ws[4],-0.7706595204669926,0.5508276297677959,0.02016874520723588,754.7060130515893,789.214414627971,1.0017757485272065,0.0025446111953631723
a_ws[5],1.135350588429189,0.5055154497796917,0.019249186502187033,654.9226669921342,774.7501351795855,1.0047458101046018,0.0022081757952170616
a_ws[6],-0.406691767956048,0.7798728702132495,0.026925494366992993,852.3711808994938,765.9258301385406,1.001973644655772,0.002873904821232048
a_ws[7],0.08996091621962568,0.46012379372748907,0.016829090174893157,747.9175969876759,686.5416349451883,1.0032058669483452,0.0025217229723779443
a_ws[8],1.0139300695907916,0.6043017112153026,0.021072449479765023,827.291577772524,725.5599638752301,1.0028532840215763,0.0027893449558162283
a_ws[9],-0.41771734269006533,0.40638346641202283,0.014802089395741999,768.5887524690075,723.674153786351,1.0054094841618049,0.0025914190563487154
a_ws[10],0.10886931096187187,0.5012525666666868,0.01869894315203499,714.238780956809,811.2217411261669,1.0038088956155111,0.0024081694948162617
a_ws[11],-0.11524980348547277,0.6250958230170635,0.020423389721101158,1027.9679327827073,610.152164602224,0.9986180089908474,0.0034659571607976677
a_ws[12],0.48600039278929,0.6146470096414212,0.021457588560180294,835.113303973765,690.844998483853,1.0011890478321495,0.0028157171480533965
σ_bw,0.028509282779620577,0.016436929844296025,0.0009372083145155339,297.9783861867543,560.8296736330342,1.0136300371725078,0.0010046814578847606
b_ws[1],-0.22020189642014704,0.7563737880459417,0.026438537835964098,825.5948619530399,646.6589466910218,1.0038878056287441,0.00278362420893606
b_ws[2],-0.08543294084626024,0.7287845524243393,0.02265973316010216,1027.4875978276348,756.8868255076196,1.003527089026669,0.00346433763520351
b_ws[3],-0.5549241075898653,0.8515315567135961,0.031197288624073182,754.4357227852507,655.9662407822739,1.0006258458797197,0.002543699868799148
b_ws[4],1.0078836149507664,0.7763449978960848,0.026647715508960574,833.519997335244,801.4184696562371,0.997355844697065,0.0028103450616516553
b_ws[5],-0.5181101909947907,0.6029956639497451,0.023131716650294527,697.2737309438504,609.6193824167075,1.0030699657821331,0.002350969134084646
b_ws[6],-0.6357326533915328,0.988754535739662,0.03939139845529426,630.4628411404618,562.1646927946941,1.0035523662954497,0.0021257056073261055
b_ws[7],-0.5850739501128452,0.7875111598075366,0.029965422754934547,699.4083111884819,636.6480561010785,1.0099828693404025,0.0023581662104215995
b_ws[8],0.33258562506756695,0.7697705941240421,0.027796705955906303,767.6467423536158,577.5293368401232,1.003581745840488,0.002588242919622205
b_ws[9],0.7165905270138091,0.587393707855849,0.0194393489278712,926.3028522981145,800.4829778799498,1.0023208378606139,0.0031231771941553337
b_ws[10],0.7664411024489989,0.8047859801260131,0.028191900195341124,826.4603997991466,621.1977810999438,1.0026827507604217,0.0027865425072603413
b_ws[11],-0.022466351072750454,0.8799387276761658,0.028952020291800967,917.3309292902474,640.8158778585182,1.0036708982764946,0.0030929269306952034
b_ws[12],-0.12235663466464765,0.8491301036856564,0.03094140810915692,754.6571940283874,594.0128371822121,1.0054029215708278,0.0025444465942723662
σ_ap,0.20860021831896683,0.034283775844378216,0.0014140302190820547,591.3772038368397,672.9325234869536,1.0023377513338256,0.0019939221730606855
a_ps[1],-0.2688227441817276,0.23604095280565907,0.008980590569622365,699.2677103665361,876.7737899861213,1.0156493911013993,0.002357692152418333
a_ps[2],-0.6236346972771247,0.24250087248500107,0.009597573046076283,639.76541927116,890.8953863907094,1.0104921714493076,0.002157070727051867
a_ps[3],-0.43945410270791935,0.23303152184206885,0.009157000617738331,653.2336287104581,804.6636817850967,1.0062802330149019,0.002202480934375061
a_ps[4],-0.16665689079185195,0.24153486876474498,0.010474588811828051,530.5900086661504,804.3542634366585,1.0035876669529902,0.0017889684895188948
a_ps[5],-0.3461624795743734,0.2374890686685424,0.009705646898129857,594.5045406126255,909.9285428656154,1.0111446803821285,0.002004466485725108
a_ps[6],1.0529809015652027,0.2971631315016994,0.011867497011503447,626.3163005523502,910.3110175672334,1.0036451506877249,0.002111724887125039
a_ps[7],-1.3185272993129158,0.30456145225108855,0.012553118238615948,590.2732603900774,883.2240472095036,1.0043311128284822,0.001990200052387073
a_ps[8],0.4981819604807571,0.24939055863840176,0.00948894958536867,710.45930077499,758.8689651524597,1.001411294353544,0.002395426377076384
a_ps[9],0.9942102030046992,0.2933868277483568,0.011588098275449939,653.8139368100328,761.8463381310156,1.002514666203418,0.002204437535304961
a_ps[10],0.32838331066813564,0.2482799190735313,0.009689714916843981,623.2088385831556,705.7178508170714,1.0061559846084365,0.002101247585527818
a_ps[11],1.9021950872893607,0.3886037418059127,0.015097185238033427,675.5885699136804,732.1299259989081,1.003041289505208,0.0022778541693482357
a_ps[12],2.1808596960960123,0.4182825054065516,0.016731820023529482,634.6353722654907,767.0370126287502,1.0026168706917036,0.0021397739587505483
a_ps[13],0.15751760255268799,0.24213481534462092,0.010254227339522507,560.1215889047741,568.8431870562322,1.0040024394613594,0.0018885389028883597
a_ps[14],1.3647008034791155,0.3206317643848118,0.013369449351027447,589.7595592643396,842.0179913067288,1.003582096985245,0.001988468027448862
a_ps[15],-0.5516051496892938,0.24638172264105285,0.010280353403818948,571.9942971671111,860.7820926968709,1.0077802317235136,0.0019285696245748961
a_ps[16],-0.3177224664921078,0.23774939219135086,0.010045633803232144,555.2966696197418,780.6366509706913,1.0100288645512159,0.0018722709211615764
a_ps[17],-0.8874412139546896,0.26500973460767113,0.011129727245058015,548.8890916371429,848.2073545969985,1.0031578929536542,0.0018506667542572254
a_ps[18],0.0018554844286596997,0.23767533259394796,0.008857068620052692,719.368199267099,846.3587992269778,1.0042145653718801,0.0024254641433712515
a_ps[19],0.25077168725425125,0.24026676872522912,0.009991674183672925,584.3636199107884,741.3876568843598,1.0121163455259905,0.001970274760864131
a_ps[20],-0.3138186020561666,0.24175535855063382,0.009502773253249136,646.6316257750386,920.8944563157007,1.0134040731779559,0.0021802212328611414
a_ps[21],-1.3871981393430368,0.31166047607862263,0.012264746825124618,640.3996000926551,798.2969098233638,1.005367023086327,0.0021592089684204976
a_ps[22],-1.2557743698549728,0.295134164572846,0.01227876053784444,577.4452268409634,736.3801454623635,1.0040551981951715,0.0019469482997588102
a_ps[23],-0.7573531858460006,0.25431132705909093,0.009122612911415424,776.740839234084,757.2897663183375,1.0080108034706288,0.0026189051116990753
σ_bp,0.06054363626196928,0.011050326108287096,0.0005541692206780827,394.5487244838151,596.6086258406068,1.010911287273379,0.0013302836920277025
b_ps[1],-1.2002149391770764,0.4366381626100684,0.013433869608968077,1074.3365678103853,933.5285052317379,0.9999218313438691,0.0036222963786714667
b_ps[2],-0.5598434317003449,0.3996037809428427,0.011480491979630485,1213.3981621829275,733.8124652628724,0.9994259038552544,0.004091164631694428
b_ps[3],0.15190364389175537,0.43560835105639495,0.01229323428744086,1276.881860286617,681.0008527153914,1.0079832988109474,0.004305210003168978
b_ps[4],0.0831913184762297,0.39224798680222867,0.011181152360853298,1222.584975421438,816.8085079729341,1.0039008453467129,0.004122139431698872
b_ps[5],-0.5722652048119428,0.424009149081213,0.011257341811638356,1401.7083102965576,799.5967584890141,1.0029277413593283,0.004726082205960111
b_ps[6],-1.1415794907139805,0.44226382837859607,0.013291313141423374,1150.7932788584192,824.5004284409822,1.003339217555938,0.0038800823238328377
b_ps[7],-0.5216563709899665,0.42254051838442463,0.012791825541965004,1083.6556833154038,740.8574318929755,1.0072883308950478,0.003653717256781433
b_ps[8],1.0374642489705452,0.4313335730187121,0.0123659380975134,1213.966563418229,897.9632355162696,1.0069090354604877,0.004093081086740226
b_ps[9],-0.2562105054127211,0.4069054690954091,0.011711763921810364,1225.0775143333208,739.3630901756828,1.003456779546221,0.004130543422538179
b_ps[10],0.7183334489018894,0.41073787889594543,0.013901707279540959,868.1843586323367,738.1968340385915,1.0043564084612469,0.0029272214616157116
b_ps[11],1.3758204712618627,0.4599118073047175,0.014624185183517373,974.2260595832163,810.4686952921106,1.007541937039797,0.0032847578993126995
b_ps[12],1.453069384980512,0.4661257030814969,0.014022812163083313,1058.510306566479,611.3438566856596,1.0051659657533587,0.003568935625152157
b_ps[13],0.724333127334584,0.42108559975250304,0.01194091056402017,1225.8497125230645,731.9053277525338,1.0064654914415883,0.0041331470113855975
b_ps[14],1.50685800662884,0.468389673680974,0.014650376145727634,1024.8883805507253,867.70768263107,1.0010832584889047,0.003455573961312451
b_ps[15],0.32036956677750056,0.43234843253014216,0.012039013015501324,1283.9338009371072,819.0379885295714,1.0080310790205398,0.004328986741154299
b_ps[16],-1.1426878797986872,0.4282004439573837,0.013050286138137497,1086.9852806648057,784.6057842124533,1.0026424121293058,0.0036649435230954926
b_ps[17],-1.008013054131504,0.4420619852467276,0.01354934866876102,1087.9442144573334,810.379287016317,1.0062258099723018,0.0036681767206875084
b_ps[18],-0.24696833354302564,0.42277053605552495,0.01241796513621376,1162.343970104108,838.6532908319965,1.0036665761397112,0.003919027314000756
b_ps[19],1.0849297398555007,0.4275197746995911,0.011907630998671198,1248.9712843382006,882.1379147331229,1.000548794237778,0.004211105063233221
b_ps[20],0.06039676447664332,0.4164539629509007,0.011932819019125187,1205.7323447803562,794.8423553960796,1.0087995030612111,0.004065318110735466
b_ps[21],-0.8940582241082937,0.4348297158186214,0.012285644436441647,1277.3684837523103,876.3150069250894,1.0015960474107597,0.004306850731475518
b_ps[22],-0.7826109111315163,0.42622219659057625,0.012087448546091306,1246.1108825494355,838.9156876982618,1.0033382577462124,0.004201460764275674
b_ps[23],-0.17532778513014785,0.4022458713199453,0.011468619509736145,1204.0286600302206,809.266115591346,1.000944873781671,0.004059573866998709
a_e,-0.003844709001184547,0.04629259338971915,0.0021012995047518914,477.889730925842,527.650194718996,1.0110112013820651,0.0016112811325644848
b_e,-0.05554200729540932,0.018762731698848446,0.000673064028419611,774.2681545440189,834.3217284498909,1.0022853071602673,0.002610568062522136
aL,0.05556995450278725,0.00670396995520228,0.0002013823447137991,1110.2197555169444,713.6686631067312,0.9995694377082208,0.0037432822454651193
σ,0.9724236976125739,0.003533992056152468,0.0001057802192881174,1114.691019084723,777.6362286940331,1.0012265696347213,0.003758357820768918
