parameters,mean,std,mcse,ess_bulk,ess_tail,rhat,ess_per_sec
σ_aw,0.028057042114610502,0.010519439029297731,0.0005139835419330357,403.0341545449981,586.9947644839863,1.0144526935081346,0.0032745404447643268
a_ws[1],0.14450687543340426,0.7159768542068596,0.02468003008808931,847.4293536013646,706.6132710613343,1.005846544265316,0.0068851278760255555
a_ws[2],-0.9639884223628549,0.6777142293267577,0.021684295379178507,981.7535334571719,657.8700832687072,1.0091678219825646,0.007976474489426604
a_ws[3],0.12378336917947397,0.6957662369585607,0.024083433650142008,847.9460856888626,806.1990671757011,1.0005730172517586,0.006889326180562623
a_ws[4],0.7990203200023712,0.651467519265823,0.02273543432681241,853.8276842877326,455.3702054301728,1.0061532220892289,0.006937112533839834
a_ws[5],1.4504305692548718,0.6354846750892873,0.022685357445394266,771.1751676009234,545.5655270668022,1.0042386412244764,0.006265583816731325
a_ws[6],-0.1359930601432077,0.9320266140749272,0.037236942283072304,630.4476564704737,645.9802753831982,1.0038350348610692,0.005122211917126648
a_ws[7],-1.0198732468394094,0.6383642242764528,0.021199873982511483,926.4753954514734,794.891085913692,1.0057799634314133,0.007527354987841748
a_ws[8],0.08872570722500996,0.7165306039618095,0.030560510860203716,578.875099862074,327.9886430987361,1.0004039714848052,0.004703199234083062
a_ws[9],-0.04561982402602151,0.5437884083206981,0.01937522641578309,790.079855030054,792.2028998949307,1.0006532537784945,0.00641917914577286
a_ws[10],-0.2840029358025451,0.6571442931911986,0.023060909517044485,817.9148085257921,713.7758569975929,1.0024268459923122,0.006645330403605655
a_ws[11],0.039995641561142554,0.8220522435836146,0.03288674280487959,615.9790610095544,634.7513155511525,1.0074416550692433,0.005004658601901538
a_ws[12],-0.1711821025271868,0.8113892704164917,0.028631649481168742,796.7929251751067,654.0504383920999,1.002897075574863,0.006473720974177779
σ_bw,0.01668361512733079,0.010622572616404338,0.0005133368666246617,380.11038251602474,357.422440333949,1.0002345320176351,0.0030882911708282894
b_ws[1],0.02154500150943402,0.8546396990582131,0.03291170979396037,672.4326386396887,763.1992060476354,1.000518416891352,0.005463328223611918
b_ws[2],-0.16103288327442053,0.8186258806615031,0.02927433642091519,784.1841462118109,519.6063804147007,1.0070516126077045,0.0063712781508864945
b_ws[3],-0.3162122595304257,0.9398248988535387,0.03885590286786001,585.2836208969201,758.5369590617728,1.002031306791044,0.004755266685645368
b_ws[4],-0.18808451045784685,0.870210014550717,0.030545881985315767,817.4598066731795,716.4976882817141,1.0023794688620205,0.0066416336400633574
b_ws[5],0.9985732648827177,0.7337286496194785,0.025109508564766483,869.1255999060726,742.3923930971224,1.0040846087680828,0.00706140384475714
b_ws[6],-0.28573433427200495,0.9331796964565376,0.0379279032520688,605.9168046152618,743.502409135155,1.0035604782810759,0.00492290556644007
b_ws[7],-0.159601038705661,0.8871232889362353,0.03359686675876984,714.9816697583866,560.5103428611591,1.0071006519002086,0.005809027270981752
b_ws[8],-0.2963311406950034,0.8853654500276085,0.03408865584194033,687.8459459281286,546.5636501677387,1.0016347548027174,0.005588557059764915
b_ws[9],-0.10030555448429848,0.6951492891617889,0.025937857513903505,717.1324748825583,740.2774156024867,1.0007018220312127,0.0058265019645988665
b_ws[10],0.3651727330950963,0.8865376335972407,0.03566639159917052,622.9617243681307,433.27078994119285,1.0025308499342296,0.005061390800207771
b_ws[11],0.5562531031116136,0.9151578520045215,0.04087752007269552,503.1617964083338,517.1224861987761,1.0027578359792044,0.004088049695092053
b_ws[12],-0.3441645674365494,0.926922279415272,0.033055563758808436,786.8977789238062,765.796853944453,1.0006231374022678,0.006393325662164281
σ_ap,0.24608721115115556,0.03899649510779437,0.0017859980586734582,516.2635821036506,711.642864351433,1.0110630303172763,0.00419449806100383
a_ps[1],0.565370077032008,0.23404582575614263,0.009136913029724872,656.5950382448282,781.0944210821498,1.0042118227627932,0.005334652123941075
a_ps[2],0.5299896484327264,0.23141593828787396,0.008865629756055614,678.2814024052393,748.4156287598785,1.0054663156500547,0.005510847802997911
a_ps[3],1.009615894973844,0.2616161507891409,0.010207031890439632,650.5622700441302,738.7112594666395,1.003774042101642,0.005285637559680695
a_ps[4],0.5217395991805392,0.23383125520773082,0.008834883460176019,705.864447199801,687.754841120324,1.0081146375728602,0.005734952372675155
a_ps[5],0.5606151337605856,0.2321300713478078,0.009184017452118515,636.6738690986275,913.9807946032116,1.0067694652347168,0.005172798163574194
a_ps[6],0.32005862439484994,0.22216897300969082,0.008783734507747899,630.3484106817643,672.4592097241228,1.0056717462792943,0.005121405572688003
a_ps[7],0.8835275775702621,0.2520450972929425,0.009721632218369906,665.3817389365299,821.1213392574299,1.0029745966904318,0.005406041623978605
a_ps[8],-1.8491646527974828,0.35230439230210764,0.014867531042633395,562.0000298235046,676.7606072594702,1.0121896411572247,0.004566093982018484
a_ps[9],0.02276620013110559,0.2170301656864797,0.008355582233601319,677.1753830800048,844.8374944600423,1.004723574135424,0.005501861703501555
a_ps[10],0.1384102927218614,0.22777360071543604,0.00842762952129802,729.2667509222572,791.4701716094927,1.0064153894613652,0.005925089583568247
a_ps[11],-0.4834012413881021,0.2373127561050104,0.009107839029862144,673.8680490212901,746.4845035352361,1.0061161380662784,0.005474990533856306
a_ps[12],-1.863311880286958,0.35262129313027135,0.015362847983060708,526.1356799512866,882.0681216749994,1.012547758450413,0.004274706111146007
a_ps[13],-0.6737602003214612,0.24203708265025617,0.009740950963786703,613.5852303596598,744.5833013817668,1.0073695833665277,0.0049852093934595245
a_ps[14],-2.122778691221092,0.3790196788831145,0.015798168692693564,571.5158386935135,702.1830751480383,1.0108331958879457,0.004643407283281175
a_ps[15],0.34517345281113565,0.22181007034515696,0.008828216500371107,624.5444208363665,849.6796146244421,1.0055999287819355,0.005074249768954166
a_ps[16],0.7010593847595301,0.23825743972595714,0.008822139182625347,716.5781348899935,817.3354239775687,1.0060077446030153,0.005821998106289754
a_ps[17],0.5661705805409537,0.2344554215137561,0.009147375739540222,660.6637667219943,667.1924142753262,1.0086300815828158,0.005367709411535686
a_ps[18],0.1310066002934234,0.2266984369108963,0.008638772069938417,692.2703227832415,722.9422371544526,1.0071181720194848,0.005624503891544724
a_ps[19],-1.4943384345573067,0.31021000522620645,0.013258013241363518,547.3967978588635,820.314236381634,1.0127250847928873,0.004447446782635402
a_ps[20],0.20601841303857404,0.21781307832441865,0.008069820890328662,727.4008356143027,796.0898604287871,1.007390325056282,0.005909929540496216
a_ps[21],1.127571561602302,0.26786019718010606,0.010733896029757203,618.1555796519542,821.0636003584174,1.0050526104440065,0.005022342210704786
a_ps[22],0.6985560786298464,0.24258563753393853,0.009484837017317945,653.0150088179757,848.2456178271291,1.0060083422481623,0.005305565380250806
a_ps[23],0.1439465384442231,0.21919383498129658,0.008493939024626931,665.7488418734822,794.7322856539976,1.0058924422801232,0.00540902423327086
σ_bp,0.04831189242578783,0.010046452395832033,0.0005324356565287722,339.24694118998553,657.3437271187261,1.0220418787198564,0.0027562870718569952
b_ps[1],0.9257895483189127,0.500064111736959,0.012911184209361224,1521.7024281676418,638.9572515124074,0.9981175741640269,0.012363409129820275
b_ps[2],1.1145575375854238,0.49806046861396647,0.01389387878119054,1298.3532805350471,790.9283854983711,1.0031226694224957,0.01054875940602146
b_ps[3],-2.2261260281266475,0.5720010258162752,0.018988596026300753,944.5497082956313,573.8251829824511,1.0021943178068062,0.007674203754260402
b_ps[4],0.7968274652467662,0.5082979747726819,0.011871975391084042,1880.4870529494451,698.5108151854013,1.0084517687415406,0.01527843444854035
b_ps[5],0.3374472891794859,0.5084266407264828,0.012657692149356074,1619.7041091351728,616.0507008310447,1.0042746827542397,0.0131596455389786
b_ps[6],-1.6796088133218852,0.5420312533872794,0.01645908915956064,1137.9171636266087,600.0869253397753,1.0050145974379079,0.009245260564314822
b_ps[7],0.23268765214732082,0.5162202978562545,0.013405670896817174,1474.3357078041306,619.166624908182,1.0190489590119194,0.01197856769686216
b_ps[8],-0.24748458500294931,0.4828360879858025,0.01302162297033369,1378.5493042327146,704.1967486114071,0.9985096060312195,0.011200329800604411
b_ps[9],0.43462615860168413,0.4841671675883769,0.012149673456741462,1557.3590725513282,809.1116410937353,1.010260165119917,0.012653109451349537
b_ps[10],0.07935958463940825,0.46071441666357327,0.011929825536707529,1485.716093799726,727.3567352149515,1.0034507854903876,0.012071030168837215
b_ps[11],-0.33823357772292406,0.5018828541337532,0.012747009119028535,1573.978333833302,543.9366982576034,1.0035666141091424,0.012788136328392666
b_ps[12],0.9836401062805923,0.5029061175130208,0.012609694672196518,1611.6284668281442,750.6615071705997,0.9995416384527426,0.013094033190611577
b_ps[13],-0.05563537529549603,0.4997260726862165,0.010897020469346054,2074.2346331923645,560.6007222939193,1.016237960638653,0.016852579667813145
b_ps[14],-0.09129115534133377,0.4759918875973299,0.012896639154966956,1369.8238829886484,698.6663030344349,1.0040812172749516,0.011129438179040585
b_ps[15],-0.9115392217642677,0.4800549712176258,0.013937297880829922,1280.7794387742065,621.6497807896066,1.0020126474573159,0.010405976828002168
b_ps[16],0.333603236576724,0.4454280712051433,0.013100493928861857,1164.5794795934473,828.3564426765514,1.000657714920849,0.009461884468269222
b_ps[17],-0.889548679676876,0.4828049565456176,0.012384345793742446,1532.4894540274406,624.3443140087556,1.0022479696390552,0.012451050715671746
b_ps[18],-0.15058391046664787,0.4856367802317846,0.011507851214752793,1850.6766021075407,606.9302260341021,1.0017415787384505,0.015036232824043594
b_ps[19],-0.0014134468477211407,0.4927503184925477,0.01141074008789738,1877.1974903142707,506.0820325989306,1.0029553773182922,0.01525170766677014
b_ps[20],-0.3244743910999206,0.49416142667416846,0.013161559441929543,1433.4602264115053,673.8364641418598,1.0007617385740741,0.011646465775697513
b_ps[21],0.8999349771535297,0.5199873787086555,0.01227019260399384,1761.3716140018248,807.1156012638004,1.0025759227757058,0.014310654626331036
b_ps[22],1.2389730910592829,0.46223841469975213,0.012994774620238245,1264.8883599511364,846.2992984098681,0.9994936553180339,0.010276866230971436
b_ps[23],-0.5608237985217035,0.494456230362145,0.014195533563171214,1243.5554191179658,522.6962822720579,1.0052660478250812,0.010103542018181469
a_e,-0.008506794239462186,0.0514377894058901,0.002095878147311379,601.9800056414418,822.2518422096721,1.0072758715672863,0.004890920169378044
b_e,0.027767919288305014,0.0147653258384218,0.0005886797991918886,630.2240544386855,676.4389425934402,1.0021157632619866,0.005120395212789397
aL,0.008866942854337962,0.006895785718295969,0.00020606764877512652,1109.3604555805055,847.6027114139022,1.0018481805059185,0.009013245251439268
σ,0.9694314334975499,0.0035315789663252746,0.00010817505702458941,1072.8238935706167,610.334697022734,0.9989802677230422,0.008716395843852243
