prob: 0.031
0.031 : 0.004534040178571429 - 0.004375206134564644
prob: 0.031
