prob: 0.02
0.02 : 0.37050083705357145 - 0.9164021273087071
prob: 0.02
