prob: 0.041
0.041 : 0.005440848214285714 - 0.005462565963060686
prob: 0.041
