prob: 0.015
0.015 : 0.37301199776785715 - 0.9302131431398417
prob: 0.015
