prob: 0.009
0.009 : 0.36997767857142855 - 0.935062458773087
prob: 0.009
