prob: 0.01
0.01 : 0.36582728794642855 - 0.9318158393799473
prob: 0.01
