prob: 0.042
0.042 : 0.006208147321428571 - 0.006039742744063325
prob: 0.042
