prob: 0.047
0.047 : 0.008858816964285714 - 0.008544277704485488
prob: 0.047
