prob: 0.019
0.019 : 0.38804408482142855 - 0.9226170844327177
prob: 0.019
