prob: 0.011
0.011 : 0.361328125 - 0.931202589050132
prob: 0.011
