prob: 0.033
0.033 : 0.006382533482142857 - 0.006519005606860158
prob: 0.033
