prob: 0.005
0.005 : 0.36586216517857145 - 0.9343306810686016
prob: 0.005
