prob: 0.039
0.039 : 0.005580357142857143 - 0.006271644129287599
prob: 0.039
