prob: 0.013
0.013 : 0.37684849330357145 - 0.9332381678759895
prob: 0.013
