prob: 0.014
0.014 : 0.3728724888392857 - 0.926595481530343
prob: 0.014
