prob: 0.049
0.049 : 0.006382533482142857 - 0.00765789907651715
prob: 0.049
