prob: 0.001
0.001 : 0.36031668526785715 - 0.9348460174802111
prob: 0.001
