prob: 0.022
0.022 : 0.14704241071428573 - 0.30535228397097625
prob: 0.022
