prob: 0.027
0.027 : 0.10016741071428571 - 0.39787578331134565
prob: 0.027
