prob: 0.003
0.003 : 0.36216517857142855 - 0.9323569426121372
prob: 0.003
