prob: 0.007
0.007 : 0.36683872767857145 - 0.9353355870712401
prob: 0.007
