prob: 0.028
0.028 : 0.30615234375 - 0.6363683212401056
prob: 0.028
