prob: 0.04
0.04 : 0.003941127232142857 - 0.00377226253298153
prob: 0.04
