prob: 0.043
0.043 : 0.006905691964285714 - 0.0067921339050131925
prob: 0.043
