prob: 0.05
0.05 : 0.005440848214285714 - 0.006008822559366755
prob: 0.05
