prob: 0.048
0.048 : 0.009660993303571428 - 0.009410042875989446
prob: 0.048
