prob: 0.044
0.044 : 0.006243024553571429 - 0.006008822559366755
prob: 0.044
