parameters;mean;std;mcse;ess_bulk;ess_tail;rhat;ess_per_sec
σ_aw;0.05192448240110842;0.01568414424808532;0.00029310102646793455;2863.518732221543;4583.760116495808;1.0010001285567323;0.04337082893374924
a_ws[1];-1.3381846925146146;0.5842224491563622;0.008681749595227347;4445.708122645711;5630.516884372683;1.001074175327033;0.06733465519433142
a_ws[2];-0.22895134980748635;0.47368159831942186;0.007233612284184725;4262.951689516026;5972.824433966347;1.0006526969809981;0.06456662790377464
a_ws[3];0.5040237481336084;0.6077509752043484;0.008895214674048994;4660.429509052337;5391.280169443791;1.0004639236700508;0.07058682337939316
a_ws[4];-0.4454533108090052;0.6459369604635424;0.008786275256896148;5408.555173242505;5729.204284110091;1.000519779864763;0.08191792795273979
a_ws[5];1.7999462226645992;0.5753971532210506;0.010278248621267529;3083.900674944555;4864.688628310621;1.0008874349189776;0.04670873185380864
a_ws[6];-0.5389327961981629;0.48191241950238595;0.007925194362521768;3608.3699841639536;4793.556197581159;1.0005242795107925;0.05465233928867571
a_ws[7];0.6675228041348608;0.587051868193323;0.007835136136469112;5638.623890210637;5423.197752986574;1.000029424986941;0.08540254666829149
a_ws[8];-0.3174110528156294;0.38382562436776735;0.007247716750889447;2787.662810723891;3850.397146053887;1.0010528646819201;0.04222191582978843
a_ws[9];0.002086747404154837;0.4851305339492446;0.007572680098111268;4078.202589642473;5397.921373409982;1.0006839870979942;0.06176841970065816
a_ws[10];-0.2949229610370619;0.6837585887342592;0.008511967149796972;6431.476993750063;5207.676381626339;1.0002063702180461;0.09741109263527495
a_ws[11];0.2019648624211859;0.6839418569920557;0.00815969346646675;6993.187904809018;5484.5039203518845;1.000543191904969;0.10591876103626292
a_ws[12];0.023166976902066906;0.9962294996933291;0.00958635676623142;10768.763673397132;5460.8964900571955;0.9998971201069575;0.16310359763022692
σ_bw;0.04603894581448621;0.016473096979096585;0.0003091822958995882;2794.593382237728;4534.871071448427;1.001134200266375;0.04232688620353085
b_ws[1];-0.657106253780222;0.5251658822983774;0.0066656840413041275;6180.464233042675;5707.774141653537;1.0002649713882035;0.09360925562183858
b_ws[2];-0.3498662653099432;0.5450144153412153;0.006533416165732606;7014.3661317007945;5241.696265255826;1.0008311949757769;0.106239526270067
b_ws[3];-0.9791726324823303;0.7339048053482725;0.009062500353974502;6559.873085964649;5667.3454207835;1.0005030324601198;0.09935577869181787
b_ws[4];1.092267593291136;0.6382470851134389;0.008408236328061347;5807.868137572713;5301.549077258646;1.0004144022477273;0.08796591851488215
b_ws[5];-1.174551732011565;0.4295435120100552;0.006717831945796926;4134.168836526224;4901.627556383113;1.000325668771718;0.06261608397201288
b_ws[6];-1.1674023580995454;0.5734089967737059;0.006896611434232192;6995.703930923873;4728.342466180264;1.0011649893710783;0.10595686874514303
b_ws[7];0.05682554183198195;0.5907972235692989;0.007223735187641924;6777.919960728545;4683.042761863744;1.002040245942868;0.10265831469359456
b_ws[8];0.10305903705101882;0.3581293009534081;0.006186291744040131;3495.662078991694;4021.8578582835758;1.000726460063619;0.052945266371812
b_ws[9];0.7674938498180963;0.6036524508783347;0.007161192059608592;7230.155681646049;5258.935570415324;1.0006006731325852;0.10950787285046655
b_ws[10];-0.19189247755639452;0.7676329914025453;0.008595157890712352;7977.465825461311;6135.9372675804225;1.0002566941161566;0.12082662555955821
b_ws[11];-0.35135234540862686;0.6911334425352497;0.007837051288351637;7742.3569513391085;6154.409869122873;1.0004424194982149;0.11726566866913493
b_ws[12];-0.012726536145353995;1.0081419539685617;0.00978415350539785;10612.9980525215;5825.640721433762;0.999833033886997;0.160744372939032
σ_ap;0.20534489165733524;0.033057317395740145;0.0008950633622927225;1340.3443841680137;2666.358097101869;1.0010187062366376;0.020300843973513383
a_ps[1];-0.30210903816994233;0.1498292479496759;0.002684792064208571;3200.1789081947877;3427.7826637326925;1.0006039482145233;0.048469880927592406
a_ps[2];-0.6351593032948066;0.17170589174721934;0.0035416223514192547;2405.907208615287;3620.1459721911533;1.0013771887881409;0.03643984891775968
a_ps[3];-0.46191772945080434;0.15726288982826833;0.0030469538236410727;2738.6253246269307;4117.699086129067;1.0003412654683717;0.04147919450692061
a_ps[4];-0.15732270495599243;0.14719848150467088;0.002324074939908703;4053.4240800329026;4385.979217889549;1.0001137761484489;0.06139312461722904
a_ps[5];-0.3601821815476732;0.15219047493621846;0.00276489363475949;3131.3111557669336;3850.483079352594;1.000302708210225;0.04742681056943797
a_ps[6];1.0689428242753485;0.21515033221548033;0.004749688480442988;2057.8132580000783;4129.925593420774;1.0008910057106986;0.031167621076144444
a_ps[7];-1.3542273624247059;0.25030737940950254;0.0063304104881037925;1577.5644498944143;3185.5470894171226;1.0003786791942444;0.023893776952963675
a_ps[8];0.5196313968473675;0.16280738132544714;0.002915773419657446;3158.266963068254;4609.220108697313;1.0007631872303313;0.04783508298410092
a_ps[9];1.031544377806847;0.20811471016528488;0.004528067962186071;2127.1978065367807;3699.8911437509364;1.0009734625111675;0.03221851882351002
a_ps[10];0.3245771783608637;0.1503733014352043;0.002392257368506505;3955.8922961727276;5122.80881974199;1.0003497758382862;0.05991590909710518
a_ps[11];1.9195846556184042;0.31886851545425354;0.008011588859222946;1582.8148706997458;3214.9316251569917;1.0016898808119252;0.02397329977920395
a_ps[12];2.202007211703477;0.35763600963104997;0.00906123431755067;1555.206207059071;3190.7089088356383;1.0013922249106801;0.023555139208303766
a_ps[13];0.17123572127441955;0.14792346010933774;0.002198861752911927;4518.181966478;5120.428691929758;1.00081075613898;0.06843234338042646
a_ps[14];1.4175505228835734;0.2529979652199153;0.005968010566646209;1800.2688433050832;3341.757708214632;1.0017413552337688;0.02726685569022588
a_ps[15];-0.5472484114521874;0.16387860971849247;0.003303967578725058;2573.5740553572145;3661.4020263581906;1.0009590988073171;0.03897932946876125
a_ps[16];-0.3447248221267176;0.15061166198589965;0.0027280956316393327;3127.589543255183;4058.2314440755267;1.0015668581732027;0.047370443059846154
a_ps[17];-0.9123564048621688;0.19658030747212635;0.004622328952093778;1816.1593634470898;3480.3279696443774;1.000927449282261;0.027507533365210945
a_ps[18];-0.00311757534511637;0.14220712283755507;0.002249855878819241;3996.800432937061;4404.778949259375;1.0001797754338697;0.060535503368181545
a_ps[19];0.2505037093386745;0.14451964406435966;0.0022641592322691583;4125.383685468754;4838.15067118126;1.0009574312280742;0.062483024153202095
a_ps[20];-0.32593668195738046;0.1497371145457206;0.002728789785789836;3105.4113733160607;3688.122198398626;1.0006623378899493;0.047034532697650955
a_ps[21];-1.4099518462440648;0.25598108278023074;0.00650381935230789;1558.620990788789;3037.9870726157105;1.0008848667655514;0.023606859491925748
a_ps[22];-1.280227961042026;0.24006023898468906;0.005964924501708052;1627.248752705545;2978.449243685854;1.0003962351893576;0.024646294955960078
a_ps[23];-0.7451402674328403;0.18252144591911326;0.00403833088975513;2082.402130334669;3503.6807340828723;1.0006350698657067;0.03154004391511431
σ_bp;0.059351412870517956;0.01137514324132396;0.00025316560342125363;2108.663460819546;3111.648880025576;1.0011623016217177;0.0319377977901688
b_ps[1];-1.3390462363266256;0.42892776398382215;0.005675011856902702;5758.568172207797;5309.561774624531;1.0014722309012636;0.08721922168338538
b_ps[2];-0.7333561008437316;0.4094609282568204;0.005025381020579689;6669.518045864966;5458.492950202318;1.0011023235224574;0.10101646026717294
b_ps[3];0.025826371429292207;0.41613515475711693;0.004990097009902246;6962.189872661516;5558.316223158475;0.9998293867683913;0.10544926512047782
b_ps[4];-0.10567379184679765;0.40878157637791196;0.004778948925867021;7346.350922858552;5872.29660533748;1.001383236216339;0.11126776492759416
b_ps[5];-0.7526589035639347;0.4081718061209499;0.004864188672679971;6992.829541387275;6077.724436712971;1.0007748445250975;0.10591333326710407
b_ps[6];-1.3257066118204366;0.4405070215295628;0.005319475017305477;6850.218698057671;5765.69936466573;1.0001792090200547;0.10375335071816943
b_ps[7];-0.7274308073472298;0.4056526518663281;0.004913847844979291;6823.783111444639;6116.97408118203;1.0011783663093898;0.10335295756136699
b_ps[8];0.8418742047544051;0.44358052409648574;0.00598850547208428;5504.955372871061;5527.688322664885;1.0001628214234393;0.08337800450828087
b_ps[9];-0.4841128279953794;0.4052788735290486;0.00457775945530245;7848.379560855167;5515.467593613848;1.0022146448490235;0.11887148615818738
b_ps[10];0.5988045132792084;0.42749165460432687;0.005331714847405492;6537.736553474059;5751.4374349604905;1.0001007515058689;0.09902049897004322
b_ps[11];1.33665364721052;0.46325275501135194;0.006980198587284351;4415.602898342849;6131.543280388684;0.9999218759882776;0.06687868173812195
b_ps[12];1.2840991544331237;0.45847945836105297;0.006682087436236968;4726.876918161596;5831.30844194918;1.0000212721800694;0.07159323523943807
b_ps[13];0.53836044491926;0.42770467057856965;0.0056511850557382885;5772.446699754666;5081.23180697218;1.000241427772649;0.08742942573664142
b_ps[14];1.1917067730756905;0.4511190066982206;0.006625024836271326;4721.8553890744815;4884.446144683861;1.0000980295322637;0.07151717920510085
b_ps[15];0.20299831117847306;0.409631590453656;0.005163896727671416;6279.594588982194;5458.398249574599;1.0007585422223524;0.09511068310028188
b_ps[16];-1.3489936243694978;0.43151136524981887;0.005518945489877027;6122.221151556652;6329.277364572363;1.000206421527337;0.09272710643409955
b_ps[17];-1.0669441528924573;0.42153574835490565;0.005263778150159834;6407.575039750117;5325.921889466473;1.0016844397271727;0.09704907385521627
b_ps[18];-0.4311962796423718;0.41160894866470865;0.004717655143694066;7603.972701927219;6302.540588158926;1.001024855668872;0.11516970207361973
b_ps[19];0.817055854801026;0.42929400525382816;0.0058637109014066085;5423.5592291369785;5195.749132053732;1.000160500225741;0.08214517924821386
b_ps[20];-0.15211538952475548;0.41458917173287146;0.004948888287257646;7028.092918377818;4982.508461520094;1.0007681908683936;0.1064474320574747
b_ps[21];-1.0863149643221046;0.4229582393526103;0.005107001515680766;6905.804405183122;5680.074551281059;1.0014818382690562;0.1045952513377715
b_ps[22];-0.9797758040805505;0.4148366000347837;0.00483044535613315;7367.991219349032;5875.367462492432;1.0005214813630066;0.1115955286633795
b_ps[23];-0.3392272881707577;0.4135680235795389;0.00494020360585491;6981.789618354231;5426.880142638903;1.0003826799901485;0.10574612269225428
σ;0.9735598055912227;0.003518605416600362;3.211423939709713e-5;11992.697046844265;5617.312175920708;1.0006123585128888;0.1816412814835817
