parameters;mean;std;mcse;ess_bulk;ess_tail;rhat;ess_per_sec
σ_aw;0.04421834761224565;0.01405390962192858;0.00024200461174242796;3402.4564945974926;4684.038701473235;1.0009172467516108;0.06931942781612005
a_ws[1];0.642154784134634;0.5777564382272149;0.007880253619391833;5372.704348846505;5533.870390219942;0.9999073111680623;0.10945997160539095
a_ws[2];0.7533652330989978;0.5308075527215296;0.007992367868486856;4409.764927981419;5207.10342457057;1.0003141773501047;0.08984167236131779
a_ws[3];0.43216275202892385;0.6095935500628699;0.007816774170041323;6082.4490100528155;5914.604836296807;1.0002399599213485;0.12391984607799243
a_ws[4];-0.14467830624802594;0.602443317255282;0.007535698258205702;6372.353097465223;6256.286326347685;1.0007736087852384;0.1298261627327069
a_ws[5];-1.7074337844385727;0.6005764429164118;0.010981811001649022;2904.9542624022315;3971.325300510645;1.0005881497334683;0.0591836420602179
a_ws[6];-0.12892040762305534;0.47833893352322643;0.007718230186162533;3830.6835114069017;5509.012771813421;1.0000587972754689;0.07804384555012076
a_ws[7];-0.42962253648952886;0.6019417703512276;0.008145831107654098;5459.027187924737;5513.419531928792;0.9998721766297233;0.11121865678530943
a_ws[8];0.47919758939043006;0.4254424429231233;0.007906596455036587;2873.5734715315593;4858.837654159785;1.0004573761403397;0.05854431030945891
a_ws[9];1.1090104147447577;0.5616025311797979;0.00791812573496863;5009.3082733289675;5598.9459749092985;1.0002560382462522;0.10205637715370663
a_ws[10];-0.5880438269072024;0.6795499536655838;0.007417003834842677;8392.405311743716;6277.669145374858;1.0011434080809425;0.17098138804559856
a_ws[11];-0.19945628379319413;0.6727062617881493;0.007633412445756027;7759.430108525054;5640.796028638029;1.00005176954958;0.15808556440212812
a_ws[12];-0.01348467362509617;1.0161122392854738;0.008515069156333984;14232.043572929239;5400.683902801141;1.000757567093169;0.28995436641027567
σ_bw;0.022813999473311697;0.010900960730725778;0.00019321746149805137;2976.203997893752;3905.817850880628;1.0003319000256987;0.060635237665970496
b_ws[1];0.14435220539885457;0.7357729537058799;0.0070618743479128445;10822.84230377836;6153.1601988834345;1.000330606081276;0.22049752495976183
b_ws[2];0.5878576937796857;0.7698870927228567;0.007425063152158743;10813.370448331387;5734.434873605138;1.0000368126288623;0.220304551559225
b_ws[3];0.18019260948379462;0.9028479974585379;0.008533633362864931;11212.404712159792;6303.609084128804;1.0002682344655458;0.2284342151982847
b_ws[4];-0.24040254501397915;0.8132956974463048;0.008217177850918779;9801.684241866977;5797.983470260901;1.0001029826254182;0.19969311712268556
b_ws[5];-1.2077780197393049;0.6182371035300903;0.008046848724938547;6091.437234689611;5648.9892061869905;1.000064237966089;0.1241029663000716
b_ws[6];0.3196329928249111;0.7995404913727366;0.007391030769558355;11686.048082976695;6123.00217750734;0.9999225442920271;0.23808391608529342
b_ws[7];-0.38816379158320596;0.812593077688295;0.008353353005183623;9478.66415026166;5938.623664086252;0.9999315616782027;0.19311211661356953
b_ws[8];0.12186437969137433;0.5552432826830148;0.006795123651225;6800.006176116734;5248.18691960243;1.0004322506249745;0.13853888742529163
b_ws[9];0.945932547873232;0.8394570184156478;0.008401839759161518;10131.036707709085;5842.310791322841;1.0020451114294895;0.20640312929132137
b_ws[10];0.36418967267717595;0.9120069399922688;0.008334007881558166;12034.478085470317;5669.174405954082;1.0003809215038377;0.24518260153363872
b_ws[11];0.177856581898909;0.8653168953394714;0.008167640555644158;11231.32020717466;6018.288397814624;0.999988891493929;0.22881958714745473
b_ws[12];0.0052448578391020816;1.0025078103955518;0.008717289246305224;13194.920632265066;5298.778985654365;1.0010933251958296;0.2688247005538671
σ_ap;0.24018841542895084;0.038416303116225896;0.0011578249566950266;1081.2459158778063;2427.675320646657;1.0021094894914595;0.022028598554067
a_ps[1];-0.416397123534029;0.13653551135533123;0.002899964606234252;2263.5645687526917;4219.971768746362;1.0002753694390893;0.046116387080899705
a_ps[2];-0.9334201792095387;0.18321665862859726;0.00485510552239856;1429.6706473875458;2931.8912185974737;1.0015098307898682;0.029127176614827076
a_ps[3];-0.5599944235306578;0.1469328833644416;0.003401056397496037;1903.9621893946066;3092.595266894431;1.0007636933392643;0.03879008291859867
a_ps[4];-0.5869393864603389;0.14765164162411448;0.003422592577846741;1896.7954098706869;3413.262038401522;1.0001528307401961;0.03864407163038052
a_ps[5];-0.5448110777949866;0.14474075819083052;0.003332075880355322;1912.5243512272907;3221.6668689750068;1.0000779651465428;0.038964522815200756
a_ps[6];-0.6840815532982739;0.1599042135357876;0.003967171518943836;1651.6973354942654;3283.0517780229884;1.0007370158204774;0.033650603440094
a_ps[7];-0.2984162099016147;0.13025473885391126;0.00235459803672987;3207.945497795331;3504.2675781467756;1.0001887658208577;0.06535658772582696
a_ps[8];1.3333531071561533;0.23337020447811962;0.006207121664785357;1406.3616027306725;3145.794452972558;1.0017766787733995;0.02865229335294837
a_ps[9];0.199729209288763;0.12500737075468105;0.0018171359363352991;4804.8745815522925;4918.194212906097;1.0003650635590857;0.0978913785526084
a_ps[10];-0.1250371403531756;0.12057902072893822;0.001963809401495989;3810.635990650346;4327.0787267614;1.0009886338696727;0.07763541044736989
a_ps[11];0.985871740677323;0.19174008935561335;0.004617970737954923;1721.4957069113163;4062.9781770199456;1.0015205056027712;0.035072629901507835
a_ps[12];1.6983543826145098;0.27960799656159757;0.00770609875928646;1311.9964378656252;2937.8551207657724;1.001770389025762;0.02672975907672605
a_ps[13];-0.3054622792055209;0.13026021733582321;0.002493058857932341;2753.495701543776;4377.488441788673;1.0000565862690929;0.05609792419924547
a_ps[14];1.0151991684497033;0.19469896492154048;0.004784570461774337;1653.2416675630159;3699.653643700774;1.0017123434286932;0.033682066653667436
a_ps[15];-0.43111924741239976;0.13696105559519095;0.0027979526667253943;2461.2581956915174;3270.4833670274807;1.0003359040614486;0.05014406800027442
a_ps[16];-0.06024047837467589;0.12121393404038922;0.0018677321359500338;4205.151316217601;4845.067530730318;1.000242009006878;0.08567300818783641
a_ps[17];-1.502659018395421;0.2547294389284275;0.007404347396419797;1183.0197788811547;2583.9884474564406;1.0010422016666969;0.024102072810455073
a_ps[18];-0.2911855435572436;0.1265185030599543;0.0022296735752968546;3309.454724614893;4106.272769517872;1.0005453286179136;0.06742467045733629
a_ps[19];2.843080748343882;0.43959878553532866;0.012740114117541293;1188.8705474519668;2454.323496876324;1.002020623525135;0.024221272550483258
a_ps[20];0.35169881440356243;0.1294236747075993;0.002198274802165402;3513.9918293437304;4834.046116528449;1.0007781158868372;0.07159177592642359
a_ps[21];-0.4632888704942383;0.13854135883391572;0.002953927156484302;2275.62399463097;3212.0746590155586;1.0006842052248388;0.046362077952480436
a_ps[22];-1.089676074174236;0.20287141280348941;0.005640029442907876;1294.891885036683;2910.9870288124566;1.0007178837897153;0.026381282081638674
a_ps[23];0.20056996964278562;0.12274400861001492;0.001839934509417597;4541.5020262994985;4963.0535625009;1.0010465788202998;0.09252559801681556
σ_bp;0.04328555986241176;0.009234249270410283;0.00016367523861444912;3221.633575985627;5291.209110666936;1.0001589147302077;0.0656354596965811
b_ps[1];0.40517619034730057;0.5141991277424977;0.0047459080475764515;11772.686083202281;5342.381281804125;1.0007100889416813;0.23984902215272044
b_ps[2];1.0855392384820808;0.5168361946409535;0.005087267320944333;10466.799387075316;5497.968174434286;1.0002976262968268;0.21324373896631088
b_ps[3];1.186189212283706;0.5294634764875626;0.005141158940592901;10704.948922705842;6358.5840431819015;1.0011904359363464;0.2180956421635436
b_ps[4];-0.5206512405587564;0.5161169186677174;0.004994495498189894;10879.343972400027;6021.127688428483;1.0021036342668423;0.22164865307726428
b_ps[5];-0.4963725883197182;0.5158314743875086;0.004728009699555246;12065.481373160552;5479.015065563181;1.00064593345407;0.24581424228099819
b_ps[6];-0.8748487331473364;0.5161889259284448;0.005075154502190733;10578.971182516085;5044.703562142767;0.9999755445705317;0.21552905391138288
b_ps[7];0.7440841098305078;0.5185666378049406;0.004660205482260962;12390.572115549192;5726.126126126849;1.0009032276641598;0.2524374288776468
b_ps[8];-0.8011565624565019;0.5170356775082433;0.004852704274467798;11458.450672412639;6028.1877161582315;1.0004232471218066;0.2334469949967264
b_ps[9];-1.4379043758782633;0.5248300069293667;0.0053182855135524305;9819.570347276305;5624.76873667187;1.0001065938197526;0.20005751695992144
b_ps[10];-0.17250594676514097;0.5031317282281934;0.004449482856751763;12764.98581823295;5835.197247252932;1.0008941992117733;0.26006548927394096
b_ps[11];-0.09542967636417883;0.5068565257545354;0.0046181602348658885;12057.970251266634;5816.871248320984;1.0005253584262919;0.2456612155860881
b_ps[12];-1.6034831241293745;0.5236145102404319;0.005510487293072036;9049.11523376509;6268.136285754641;1.0002430501435577;0.18436076735815485
b_ps[13];0.3030549543834939;0.5104987354056754;0.00492129834678408;10758.4874326311;5469.273439539924;1.0002902301260213;0.21918640081983778
b_ps[14];-0.9055775793668134;0.5186941664611865;0.005176298735401006;10052.784014675004;5816.935229380102;1.0004906457367677;0.2048088599994712
b_ps[15];0.7692645570823166;0.5131062587949577;0.004746641460470057;11811.250401840281;5527.556482455891;1.000714391379339;0.2406347064094771
b_ps[16];0.30609816873067086;0.5180734218532048;0.0049719142013192295;10884.16228989346;5121.733961145216;1.000161232299718;0.22174681833292928
b_ps[17];1.598492392586862;0.5206350196483196;0.005471260459554885;9158.095237461437;6478.660014329054;1.0001572942345371;0.18658105482152862
b_ps[18];0.4911990932028653;0.49770035898530424;0.0047641900860456695;10959.794249791377;6106.653662915486;1.0001861525415217;0.2232876945184323
b_ps[19];-0.3155272329310139;0.509026321640249;0.004635834812386941;12153.984242884359;5515.917578004064;1.0009185913505239;0.24761734198236987
b_ps[20];0.6657336243806972;0.507171793185074;0.00483176554570977;11118.865049951726;6042.567468184473;1.001048489660042;0.22652849917438492
b_ps[21];0.8664276867789446;0.5188767285277099;0.005050298292031116;10611.504155565477;6192.152715129152;1.000613494600835;0.21619185946981456
b_ps[22];0.5348788590796697;0.5005372262720069;0.004745525274734961;11167.62049136846;6012.7815343878565;1.0006918139916232;0.22752181071482538
b_ps[23];-0.004554782118862535;0.50796171441783;0.0046492437320775765;11972.898646444402;6285.135057033255;1.0007745959594478;0.24392802223621288
σ;0.9747578991679754;0.0036552566236605216;2.99517272107307e-5;14916.208850449399;5239.468004779012;1.0000955722155869;0.3038931032154806
