parameters;mean;std;mcse;ess_bulk;ess_tail;rhat;ess_per_sec
σ_aw;0.0312616534607252;0.011146495558277006;0.00019997466814028302;2870.8738324714955;3992.445735012386;1.0013427453032153;0.03834360619142086
a_ws[1];0.42428957468557954;0.6936291160111814;0.008264058368177202;7045.69610124833;5740.072593317919;1.000214939589946;0.09410284548036739
a_ws[2];-0.7676503702068119;0.6450499576226096;0.008154021977603865;6208.0759987924675;5781.327933698355;1.0005743269998273;0.08291552857938893
a_ws[3];-0.01384848387605398;0.7141215422072708;0.009372303192900838;5845.330015350644;4903.647764355973;1.0000164961635127;0.07807066602245835
a_ws[4];0.1366027888943899;0.7120873594569672;0.009263886235859838;5916.511642409619;5714.643928121769;1.0006357287278627;0.07902137317132119
a_ws[5];1.6320046798132337;0.6200003964172697;0.010024192196276463;3888.7202053696665;4890.869038234655;1.0000786373670534;0.05193803867547572
a_ws[6];-1.0976221761881675;0.6238981034749941;0.008310676147958135;5669.339748158783;5204.097380510822;1.0003411140172138;0.07572012681645
a_ws[7];-0.12091900752272847;0.7022076117267774;0.007940529599658424;7791.271239092279;5604.9113269917625;0.9999703778104133;0.10406080293159807
a_ws[8];0.19088302710127364;0.49611573653316;0.008140781137695017;3710.474522294741;4747.58002451086;1.0002742835244358;0.04955737596580103
a_ws[9];-0.21375574446378026;0.6557787893835928;0.008596301417430844;5885.777600242815;4967.741214273536;1.0010797243498935;0.07861088699941585
a_ws[10];0.027705201262852974;0.7994780891309731;0.00894335118015493;8003.832185482787;5495.340884413184;0.9998176529052228;0.10689978287139461
a_ws[11];-0.3588624052321388;0.7848474918977929;0.008909786109973032;7757.665679839815;5759.233658772542;1.0003327054374924;0.10361196456216348
a_ws[12];-0.01742827431762658;0.9964217832314828;0.009637926820824264;10677.681619930447;5893.261372903952;1.0003675587504282;0.14261191642807972
σ_bw;0.02412099142705793;0.013083554576136783;0.0002856577802540209;1854.8594659259895;1733.8316462227392;1.0008828462642037;0.02477364212159314
b_ws[1];0.3261575322730622;0.7452929590796371;0.009381684380959963;6502.185876225726;4873.997766703811;1.0002866107324278;0.08684368215749289
b_ws[2];0.13682571572768587;0.7554885332434564;0.007975875717394575;9115.388632643168;5675.23166438582;1.0003255276636411;0.12174581413455209
b_ws[3];-0.24691629139825522;0.8545605706294529;0.00945506888780184;8210.431371103767;4780.064049182473;1.000057391719188;0.10965913708728481
b_ws[4];-0.21492264522427965;0.7723501440156826;0.00922229001723851;7025.665782537233;5297.181270358587;1.000526716786301;0.09383531904160163
b_ws[5];1.287247140006522;0.6012321265614048;0.008513204062951595;5615.792153147198;3225.40617877877;1.0003853134189442;0.07500494112197652
b_ws[6];-0.02226438012277489;0.7500744009175225;0.008443769095671357;7958.843509236055;5509.960080657848;0.9998818181777209;0.10629891073777215
b_ws[7];-0.08632432537385444;0.7909670387211198;0.008747478465487915;8170.71359120151;5388.417939558115;1.000338225727457;0.1091286634405002
b_ws[8];0.4210880631518061;0.572002791428968;0.00839115212642776;4886.3070762930865;3713.9926462998837;1.0007974149123744;0.06526188373190915
b_ws[9];0.7151873607910643;0.8286270651217005;0.009369622587018707;8239.704641387867;5039.89592690971;1.000267666598974;0.11005011308038246
b_ws[10];0.8253869508637708;0.9098592957572766;0.011219110523737426;6661.217817196662;5196.951840584853;1.0001243370566093;0.08896772468680086
b_ws[11];-0.23536556362060718;0.8547295591131103;0.008721123975655545;9611.74549339306;6077.45238635125;1.0009484194599636;0.12837519358820063
b_ws[12];-0.003654492900463599;0.9786390788078264;0.00986673059095869;9838.69136637525;5115.377344834821;1.000328864957193;0.1314062996862718
σ_ap;0.23883078867206858;0.03672381341051394;0.0011002353808467872;1091.4532947238881;2337.1988710694236;1.001766705057183;0.014577532051693567
a_ps[1];0.5091469337787758;0.135949413534889;0.00287702597382017;2278.353788399422;3540.512417743449;1.0006712795931834;0.03042986405010769
a_ps[2];0.5220088051892844;0.13488994770261523;0.0028961502053336152;2207.668464022201;3656.30791018845;1.000892163029137;0.029485785557079765
a_ps[3];0.9837239234469959;0.18296912053824393;0.004732254899952795;1503.540967856743;2863.5101110696355;1.0018976338499217;0.02008140591623827
a_ps[4];0.4849667262942272;0.1308023083909458;0.002726234307981424;2352.0345039518706;3617.9012435969444;1.0010289979011369;0.031413949212294366
a_ps[5];0.5112107617980268;0.1344262660281875;0.0028004268643689284;2322.0468925727696;4210.5521468847855;1.0011252879852401;0.03101343242596393
a_ps[6];0.24918920759989538;0.1210504782628727;0.0019960570467066827;3725.6465407739074;4165.493340409999;1.00113818773407;0.04976001458234842
a_ps[7];0.8567501830528288;0.16689841628103871;0.004179768847274334;1599.7868496235924;3128.3523846081594;1.0012512954867996;0.021366873130531382
a_ps[8];-1.9816581773136668;0.3079823014897433;0.008813531382726445;1221.1404265887552;2630.81844794835;1.0012668066612875;0.01630964311003305
a_ps[9];-0.038832615432816735;0.1162621749604744;0.0013567440039928152;7348.598721618372;5562.562160859551;1.0010095185278405;0.09814843559249702
a_ps[10];0.09068756416848509;0.1146518221535793;0.0014856346133928476;6014.238148883891;5426.772152497474;1.0005348937084337;0.0803266157202377
a_ps[11];-0.5618234426094021;0.13938619062559657;0.002663107107205511;2782.1734498292954;4255.054203778337;1.001428341473285;0.037158917229268555
a_ps[12];-1.9484666777711928;0.3025918120007094;0.008428316100043383;1289.8455320189219;2859.5055387098287;1.0013659921812317;0.01722727365030881
a_ps[13];-0.741677312782295;0.15546011743711605;0.003425129043455902;2060.5659341976743;4052.4794399977245;1.0006903201563664;0.027521073137621883
a_ps[14];-2.2520835732655495;0.344992008405993;0.00983347568406875;1230.445107829089;2605.787721983984;1.0017197245537135;0.016433917130430846
a_ps[15];0.284395180364873;0.12044622349864807;0.0021064215400581373;3327.773069615572;4890.526392799031;1.0009692930216145;0.04444598666528901
a_ps[16];0.6876224616058552;0.15056352865850245;0.003526460991010333;1844.6932017298946;3700.042032190313;1.0013938067238557;0.02463786073462866
a_ps[17];0.5380442398623868;0.13754043084458867;0.0029538283021734108;2213.7257032225675;3661.7548372724455;1.000954533276742;0.029566686498068224
a_ps[18];0.06826211304851798;0.114049083502037;0.0014601200643379398;6118.77115045065;4794.979242056486;1.0004263078432194;0.08172276632802404
a_ps[19];-1.6071999552209517;0.25679889220986485;0.006988445577308052;1348.221805617999;2999.5323435662144;1.0013248030895425;0.01800695153809627
a_ps[20];0.1250146854992673;0.1134119388940859;0.0014822364241392442;5896.671367236081;5153.450561236842;1.0001958040094754;0.07875638496829429
a_ps[21];1.1309843267058879;0.199205645133158;0.0055219222248114545;1308.9609385309197;2967.1405206447257;1.0017678044695704;0.017482580453134756
a_ps[22];0.6911214048807836;0.15030713482073765;0.0035141072593466377;1848.442029972774;3237.677060990822;1.001193693406224;0.024687930365762712
a_ps[23];0.10310826136352193;0.11345356581770862;0.0015368010104715142;5506.419534143521;5061.160295624906;1.000601008193;0.07354415222078298
σ_bp;0.052320495049294084;0.010733132677224535;0.00023069167945212037;2202.076959006005;3594.759930710779;1.001999327817245;0.029411104996780183
b_ps[1];1.2981546658418084;0.473569352068852;0.005230386711705673;8213.220851108073;5887.831857383697;1.0003108024304959;0.1096963935914036
b_ps[2];1.342274303128353;0.4632370165947966;0.005245461318681712;7794.640848102789;6028.693236555764;1.0012101071950692;0.1041058076822272
b_ps[3];-1.8024616904834925;0.5424772807022028;0.009043043411695208;3644.5593885986814;5247.639756129584;1.001063030668288;0.048677008497224145
b_ps[4];1.069747893649723;0.45773697479465064;0.0050518412080430165;8208.366336661478;5557.909912487429;1.00080421570104;0.10963155633241804
b_ps[5];0.6766505388142879;0.45897109445200934;0.00509123200060278;8107.823552963227;5614.561057575194;1.0000484643637964;0.10828869937370729
b_ps[6];-1.2389602373058584;0.5078038328523647;0.007538270297975816;4612.2494396008615;5298.553500341697;1.0002835336276126;0.061601549384846715
b_ps[7];0.5321469838258374;0.45077512905506906;0.005141434495298338;7641.467868827072;5693.26886849423;1.0003096993013232;0.10206001788468023
b_ps[8];0.16153205036174775;0.45589802540759156;0.0054648084095058275;7050.181959473907;4846.918838370531;1.0008175108424462;0.09416275893921974
b_ps[9];0.7804888822302389;0.45689184638398445;0.005425852275730791;7082.460284399341;5152.395637075595;1.0007030473639424;0.09459387066745409
b_ps[10];0.38440821684270554;0.4457825840899541;0.005055788914639889;7739.7612567328115;5438.210441721318;1.0005080572895286;0.10337283174450548
b_ps[11];-0.037690688604099264;0.4509027309796699;0.005610708018589092;6595.294670218914;4845.928932204539;1.0006498638034742;0.08808725019223283
b_ps[12];1.2423109219105604;0.4665254826697437;0.0054773846829601356;7270.3177223037765;5790.529301831771;1.0004082106327226;0.09710290869541087
b_ps[13];0.3096166044607418;0.44551099159855034;0.005357918667209148;6956.264896087256;5358.53366403827;1.0008687648482792;0.09290839559784911
b_ps[14];0.19110575153835183;0.4506580479266121;0.0052165706404137405;7511.381566756274;5929.722122895071;1.0004892512877528;0.10032257547913682
b_ps[15];-0.5524292844483177;0.47184684702350477;0.0065184241471988175;5350.55184521114;4439.110329934248;1.00012929776662;0.07146237167898711
b_ps[16];0.6072474467062771;0.4456430264661178;0.005001985651114051;7926.333017501966;5305.920122824239;1.000319052303994;0.10586469817223138
b_ps[17];-0.5361098775568679;0.4688389890748573;0.006499389345379467;5264.979867982013;5340.694433122392;1.0005519276207033;0.07031946593412887
b_ps[18];0.1726105732788674;0.4530044896185836;0.00515123337373458;7824.637891166453;5526.6868254211895;1.000807613613743;0.10450645043884393
b_ps[19];0.315316243864926;0.4443399084732639;0.005287521916344187;7047.5525182375695;5207.386742001194;1.0005572179542066;0.09412763992488717
b_ps[20];-0.038593394504965274;0.45654732659608815;0.005600956425572781;6642.598812507112;5379.214086213806;1.000424288270583;0.08871904786394037
b_ps[21];1.093059097140463;0.45381101761821546;0.005380326584278991;7142.397913879381;5321.226449624951;1.0005721099195324;0.09539440214147274
b_ps[22];1.4908882753204784;0.45933841127467073;0.005870228813836911;6186.6726592549585;5566.271552107612;1.00018990899322;0.08262966397150368
b_ps[23];-0.230164626332148;0.4515884741587141;0.005504199609698096;6740.922226986494;6093.671112870918;1.0002782646055286;0.09003226276093489
σ;0.9712807266780121;0.0035277868340158865;3.1892808286666635e-5;12241.607395667446;5285.6511436878345;1.0009446266664601;0.16349982636658353
