parameters;mean;std;mcse;ess_bulk;ess_tail;rhat;ess_per_sec
σ_aw;0.0664046603268028;0.019627407078813157;0.00040897979198448306;2390.077125464008;3644.216353946833;1.001229046572038;0.04517510098840136
a_ws[1];0.9958044520857307;0.49330750783875643;0.009365952391056611;2712.4552227478516;3890.926734410298;1.0017584306136096;0.051268403562651534
a_ws[2];0.5399002895578248;0.42016864120075353;0.00880936032785295;2263.9149200213487;3981.823962968172;1.0008879199175686;0.04279049577584567
a_ws[3];-0.9861206667752295;0.4942681113004885;0.008511986795327192;3314.442976058936;4882.676229615086;1.000264736978768;0.06264663787144167
a_ws[4];-0.7652741605556912;0.4958098685126814;0.00890257829567232;3090.815171739465;4860.976285831616;1.0004743095532498;0.05841982504757295
a_ws[5];1.6608094353978033;0.5321569196566076;0.011845614167448866;1950.1152736953072;2580.287428310312;1.0024752362378575;0.03685933541207647
a_ws[6];-0.3949116670103125;0.38490056598962313;0.008326153778715869;2129.7127076627553;4390.5132529135435;1.000829697903466;0.04025392554069506
a_ws[7];-0.7946046394147941;0.4756166860975021;0.0078457747966399;3665.464982924895;5364.080417688601;1.0008729839345216;0.06928134201566148
a_ws[8];0.12679557473880862;0.32564541948285536;0.007911457045741827;1684.6540850582326;2925.8749257623645;1.0021190165932423;0.031841825358775264
a_ws[9];0.39877273179739714;0.41963185146745763;0.008335006033963458;2525.0591622250167;4059.6944318778305;1.0012428497140813;0.04772641076720811
a_ws[10];-0.49253849276262146;0.565481510125573;0.008816307138231732;4077.6671224854163;4999.129837644303;1.000092553772328;0.0770724183302664
a_ws[11];-0.8418892532068374;0.5610805125574884;0.008549202089204429;4277.9264612389925;5197.7877052199865;1.00025163308142;0.08085754131047439
a_ws[12];-0.018081698561542615;1.0127964326204477;0.010550244003757555;9212.2867969252;5494.876448266421;1.0021206945315428;0.17412240883415767
σ_bw;0.02352984453498008;0.013036064483635564;0.00030210287735642634;1669.6583373642127;1735.6343436287275;1.0012717108785545;0.03155838914274001
b_ws[1];-0.09112588705509252;0.7470654174728879;0.009173157094542776;6694.681221301173;4711.80259000571;1.0006763282538607;0.1265368790970377
b_ws[2];-0.5075120614202493;0.794893612698737;0.009265572643416096;7416.859374644331;5108.234661296754;1.0006788898603334;0.14018684489157693
b_ws[3];-0.016746816102249373;0.9039244322062585;0.009976321675385;8201.207449730147;5738.118914136356;1.0009906085873659;0.1550118909641722
b_ws[4];0.5381742537525657;0.8397037807096444;0.010101710870460395;6935.006067191922;5758.161673135286;1.000263811495495;0.1310792844727759
b_ws[5];0.431219567510367;0.560158205964911;0.008521993785405425;4493.500472419888;3457.444277025165;1.0009375521206287;0.08493212853689332
b_ws[6];0.39021652425820597;0.7968698238101385;0.009853990468951645;6666.154039141385;4756.54628404209;1.0009090774018068;0.12599768380444532
b_ws[7];0.04807354801682967;0.8093015885698854;0.00948464578790622;7283.116325136043;5808.352769100474;1.0004533600728742;0.13765895334211042
b_ws[8];1.2041161937971305;0.6239532964223793;0.009940825196916823;4321.273367127007;2776.4008252014073;1.000706607258979;0.08167684577147401
b_ws[9];0.6259099125425844;0.8228677708143308;0.010699521547340976;6127.944793092408;4811.480889675732;1.0003632044299002;0.11582493381905158
b_ws[10];0.5550875240676703;0.9137401268431085;0.011325514074788774;6538.3898160425515;5982.709165732599;1.0004614979996884;0.12358279868642892
b_ws[11];-0.08977483063071626;0.882671567172763;0.010575194862724126;6951.3800332384635;6229.855936504831;1.0004917342801618;0.13138877053992093
b_ws[12];-0.006983977633466646;0.9884658118254858;0.011131273740613568;7900.330890463411;5728.931210573323;1.001109095722336;0.1493249912381733
σ_ap;0.21600404752622238;0.03483341310099003;0.001089246025416409;981.2858822523802;2222.717741004831;1.003166265010685;0.018547388432345113
a_ps[1];0.2018772107450228;0.1461420995155305;0.002937593347931241;2522.4747935851765;3390.150039850078;1.0012016998743396;0.04767756334172038
a_ps[2];-0.8321844514846971;0.18593237265169615;0.004945148455310359;1414.9578147499155;3060.9143710126373;1.0019909367450606;0.02674426757807892
a_ps[3];-2.0157084850991804;0.3301528449764674;0.010214699673412453;1044.0300140578747;2545.288612458867;1.0032713999937122;0.019733321915639083
a_ps[4];0.41666308828422993;0.15914719665981733;0.0034498772040642734;2184.5531574984575;2974.7345828763687;1.0013572294209727;0.0412904706936454
a_ps[5];-0.5682838427096278;0.16392559446840166;0.004026576703901927;1670.368321161278;3215.5510641597666;1.001700466961464;0.03157180862171449
a_ps[6];-0.40283826822012575;0.1571008400830365;0.0034433794066384377;2098.536586403635;3519.7111797423754;1.001087902050069;0.03966466236951852
a_ps[7];0.4967679326663043;0.16432025775823497;0.0037358572308983313;1982.6690003313047;3331.7603340045434;1.0014928027090033;0.03747463684844518
a_ps[8];0.42185242639547904;0.15823222052087826;0.0034126670632346335;2204.3641300230183;3213.819921468568;1.0013137830886552;0.04166491998439861
a_ps[9];-0.24242569259706606;0.14832936279219663;0.00311746029213918;2311.7377866298707;2959.6736682296487;1.001017919088225;0.04369440084467286
a_ps[10];1.3394107486215525;0.24935390897977502;0.006985953797150802;1281.6889102031284;2726.652408320589;1.0021478912424227;0.024225337892767644
a_ps[11];2.2126414159409262;0.3634115650656862;0.01080087946894656;1131.683387493339;2639.1143058213875;1.0029685128215864;0.0213900676142334
a_ps[12];0.7971445214624813;0.1898435139347775;0.004695809893995719;1664.5126701421993;2745.42543246159;1.001264909366824;0.03146113034136889
a_ps[13];-0.4865756884746346;0.16075158986992572;0.003739158744488835;1854.348605214094;3610.526676036389;1.0012243996963301;0.03504923946418037
a_ps[14];-0.34669036887238547;0.1502083188161289;0.0032057229494677954;2215.6969017549627;4296.671083275837;1.0013130191711852;0.04187912190366501
a_ps[15];-1.121520385371984;0.21828182173032057;0.006217571617224895;1232.9053379906716;2801.885850728688;1.0029078884789766;0.02330327442552917
a_ps[16];0.967586863808302;0.2050777618370671;0.005386649620333355;1458.5083424509787;2881.045151026187;1.0027162608577311;0.027567420716541658
a_ps[17];0.5424900475165788;0.16529306714529787;0.0037930397400699474;1927.3339681390553;3258.822948603688;1.001158529373056;0.03642874354197039
a_ps[18];0.006026336579710714;0.1404899741255738;0.002659592220571946;2822.128735611556;3771.506308292841;1.0010996496652027;0.05334135424971721
a_ps[19];1.0482058428326908;0.21592007086677306;0.005744673016239119;1422.18591997624;2878.4082906409412;1.0020420754153871;0.026880886760813703
a_ps[20];-0.44747956523661137;0.1547787415456563;0.003555521907304987;1913.4753334684879;3515.424186077732;1.00086911841927;0.03616680001967393
a_ps[21];-0.9771444802052668;0.20002580074602797;0.005606224280989492;1273.6221665423566;3141.248295681895;1.0021592059469915;0.02407286751612565
a_ps[22];-0.9673165496934166;0.20001150413954283;0.0056310560748738525;1266.9164888132875;3274.581392970043;1.003011253545874;0.023946122790870158
a_ps[23];-1.2334852512904486;0.22933717960737243;0.006733128140286733;1154.6226211966264;2699.61817687949;1.0026360535655638;0.02182364450097983
σ_bp;0.038823954781750984;0.009181061818842675;0.00020345976680651059;2063.149279764611;3400.269886467595;1.0016800860655415;0.038995803137281376
b_ps[1];0.2834193306596788;0.5630402278807011;0.006956708131160564;6610.725522549939;4969.679272637196;1.0011003379399208;0.12495002353943621
b_ps[2];1.4820398789286222;0.5701060896155214;0.006508462386915716;7701.806347343461;5097.076672667807;1.000513571469984;0.1455726578140463
b_ps[3];-0.5360609387919539;0.575856417771915;0.006979031963654736;6877.9536879201005;5971.562289669745;1.0006610531372588;0.13000093140718905
b_ps[4];0.5234794856576387;0.5469265444341453;0.005900834055089857;8575.553657921455;5798.039500742867;1.0009940383842826;0.16208744830895216
b_ps[5];-0.3276499435069056;0.5693530478310601;0.00646063115772032;7842.101300689073;5906.830333649871;1.0004622701572055;0.14822438759214732
b_ps[6];1.5986950708524137;0.5611345450517019;0.006617185244151264;7222.7914795758425;5697.406861667217;1.0012375329934804;0.13651874704447362
b_ps[7];-0.10977326840479722;0.564239958444432;0.006756060741201699;7023.360313249106;5414.30858002803;0.9999104270488561;0.1327492774390541
b_ps[8];0.7532815182986089;0.5527667202389367;0.00595766025557632;8629.396080691777;5436.822945508628;1.001283643978754;0.16310512964659404
b_ps[9];1.2663605760702412;0.5665041796068481;0.006096167262345649;8646.88010373577;5395.38907861781;1.0002303277680593;0.16343559701866373
b_ps[10];-0.6840469634465166;0.5627459412470036;0.006959460351343244;6566.433725439645;5037.008188193681;1.000022746889434;0.12411285958932858
b_ps[11];-0.8663301084015977;0.5818467959576061;0.007265104534132038;6474.003843797476;5247.467207295839;1.0007154032169499;0.12236583260302565
b_ps[12];-0.7157408842414277;0.5758478321354329;0.0071765022569681165;6559.48213044376;5365.584737155196;1.000288697150584;0.1239814667557569
b_ps[13];-0.40742553701534656;0.5715216284265464;0.007004830409067572;6636.865192972718;5766.470792653608;1.0001041172575853;0.1254440922197192
b_ps[14];1.2066183925417522;0.5597813721554318;0.006444387114745698;7600.935090856693;5504.341113162594;1.0004438643760816;0.14366607950740187
b_ps[15];1.076242187797247;0.5714697851231372;0.006139333337135838;8655.778162972767;6426.050234495361;1.0006306168440469;0.16360378017909377
b_ps[16];0.6360516240132107;0.565290607455172;0.00659724898698819;7364.834325357775;5186.665461848782;1.0001410417971217;0.13920351392271105
b_ps[17];0.7246333158025215;0.5645394304504596;0.006465863652685251;7571.670622696627;5766.184907258544;1.0001299887782589;0.1431129486939993
b_ps[18];-0.5427232562280693;0.5618267334933503;0.006789543871182409;6878.637564698027;4907.533039105186;1.0003573227031797;0.13001385743462862
b_ps[19];0.7750971246776202;0.5526153240219202;0.00614893955072313;8065.396684948425;6401.382393687148;1.0001050828593756;0.15244491730923826
b_ps[20];-0.8095849566712241;0.5794709733610786;0.007453007895248642;6093.3265886824765;5127.99779297319;1.0010412102564028;0.11517061146953654
b_ps[21];0.33866575230280227;0.5676996748335551;0.006483324715819515;7614.8857552971685;5543.694652460412;1.0000253387759328;0.14392976249413036
b_ps[22];0.21039075397986853;0.5596043901303757;0.00644283321578769;7578.877990812454;5214.481574428147;1.0003823354789496;0.14324917592241138
b_ps[23];0.15560829102461185;0.574195804221066;0.006826189235454396;7194.005682046611;4982.105496515389;1.0002816487887005;0.13597466363538183
σ;0.9756402511302966;0.003545190467569908;3.196791993824722e-5;12347.83845934019;5511.518294063646;0.9997044964918949;0.23338780303203205
