parameters;mean;std;mcse;ess_bulk;ess_tail;rhat;ess_per_sec
σ_aw;0.06745353242121416;0.019120741660722827;0.0004072843684142029;2200.0511444361273;3814.4070841653374;1.0010276490288137;0.0478883772350592
a_ws[1];-0.36401563933672876;0.47510793059059786;0.009864487526601717;2307.286911276796;3748.135018094621;1.0013985987521627;0.05022257154165246
a_ws[2];-0.5547264938626814;0.41019988791394146;0.008270473701576762;2421.5776994609278;4262.140927519227;1.0020852854820208;0.052710332061627424
a_ws[3];-0.21391802005409827;0.511487083109739;0.009294776141250571;3010.622071414144;4576.288608880786;1.0014780167041606;0.06553202448619783
a_ws[4];1.5797861589545625;0.57670227562497;0.010775979612523095;2824.57821685996;4959.295404514839;1.0002454634202789;0.06148241940693104
a_ws[5];-1.8630631756956928;0.5403101483744802;0.012000891351297515;1971.8870399272241;3409.3121578079113;1.0029117546790352;0.042921943279260286
a_ws[6];0.25317704678390063;0.3973092537841752;0.008495576591580038;2159.2277379045067;4629.2786251298085;1.00150478229703;0.04699977666913577
a_ws[7];-0.5003245964591214;0.5073814038930833;0.009173561482288687;3060.280415664513;4505.298013286464;1.0009153109588016;0.06661293459519423
a_ws[8];0.6674217647792372;0.36881463674323156;0.009681712732370649;1373.3587567102643;2070.4493473954167;1.0021648899946807;0.02989381514458807
a_ws[9];0.3383114852941552;0.42281014868449096;0.008979139372197104;2192.5420354126773;3933.0448423154467;1.0014627768502542;0.04772492692322277
a_ws[10];0.3101166916737942;0.5896708616742172;0.00882328373566362;4477.3814809562655;5004.794189949277;1.0002048345448598;0.09745888586615382
a_ws[11];0.14179742028196876;0.5946832074550285;0.009408387876615918;3997.5190250758233;5443.425439284968;1.0003923720677153;0.08701374945818442
a_ws[12];0.022708789920503514;1.000298067023003;0.010918029190746605;8401.095656686191;5794.790197491163;0.9999147291587158;0.1828661297318699
σ_bw;0.0436651097097388;0.013140402091664073;0.00025380823352092293;2787.7934227878322;3792.004270273776;1.0011752580867903;0.060681727068712006
b_ws[1];-0.30494227682799435;0.5149662727740739;0.007301728758100788;5005.921100780434;5250.5837427248;1.0004412338331041;0.10896357509204987
b_ws[2];-0.9409637445282331;0.5687271727345287;0.007990978078603198;5190.65904494692;4992.944654327045;1.0007950185268641;0.11298475450065013
b_ws[3];0.11186693445849447;0.7648915057526683;0.009953150740152801;5911.583371182913;5579.181457085989;1.000328699958961;0.12867706973615278
b_ws[4];0.04660282613267778;0.6707601375790018;0.009419543444854475;5085.503771610435;5168.637150439795;1.0005727827484243;0.11069584616752862
b_ws[5];2.0667758793820057;0.5711322511584137;0.010120391651390743;3173.6508072165857;4549.565937754499;1.0003779785084923;0.06908066089858592
b_ws[6];-0.17544353180156785;0.5802415935675069;0.007769860014397896;5660.448343450249;5453.3250387833405;1.0001586804509628;0.12321062911480021
b_ws[7];-0.5065641071397249;0.6210111339492007;0.008322621487304832;5571.226508441449;5779.3330304775745;1.0004010498964302;0.1212685429486167
b_ws[8];0.15426173841202928;0.33122811628950244;0.0055986389815555915;3491.516054036838;4671.722855107614;1.0004799112647402;0.07599961407298807
b_ws[9];0.14008663707163674;0.607691388410609;0.007699727845314098;6256.85324574947;5564.384522531876;1.0000716879969325;0.1361925377483215
b_ws[10];-0.15628268528157907;0.7845774679907723;0.009961371357230771;6201.827862136768;5562.644164069304;0.9999702204723603;0.13499480362536123
b_ws[11];-0.36131735967198175;0.7300015814425602;0.009259068074252806;6248.022123461769;5442.941943916051;1.0008563623879656;0.13600031125550022
b_ws[12];-0.006043707529828799;0.9813821020435494;0.010462280018553361;8804.924919852401;6396.30896847506;1.0001687389395275;0.19165625633504754
σ_ap;0.16503104060108462;0.02620866990648788;0.0007858443354916954;1140.6722854531938;2477.2238132779594;1.0020325685794582;0.024828943111393
a_ps[1];0.11607541050774221;0.18636447257710262;0.004022465344262948;2174.217399897193;3679.687710218801;1.0016220938960751;0.04732605571494212
a_ps[2];-0.22104997397308193;0.19028559711414025;0.004082779523575404;2169.521076939577;3843.032987971401;1.0008213076546526;0.04722383114349034
a_ps[3];-1.504766146678768;0.28800102573174285;0.007589807302493251;1423.9009932708695;2854.944331053243;1.000086887858649;0.030993964882851638
a_ps[4];0.3011990731981265;0.19041311352668436;0.004365341315962981;1899.3406951147103;4313.317981768033;1.002239826447047;0.041342831477158636
a_ps[5];0.4275852085615949;0.19661314509150904;0.00454763016316518;1878.9084067883473;3483.334696077507;1.0022239137245346;0.04089808312045661
a_ps[6];-2.0256701165115816;0.3485131518165703;0.009487592872896146;1337.5524184210624;3052.6641911311667;1.0006000981558272;0.029114420792899522
a_ps[7];0.23621890648384689;0.189103508698123;0.00412681533233473;2122.7424512408916;3592.3037832497876;1.0030058976201786;0.04620560369015973
a_ps[8];-0.04983047341787449;0.1877711518902153;0.004009400856427007;2193.510094041003;3557.144749751298;1.0009012323070565;0.04774599859553191
a_ps[9];0.523157142509056;0.20351716583490712;0.004968630193447307;1697.8860299666355;3216.5116241437404;1.0021986964541687;0.03695778023652207
a_ps[10];1.1999187142368646;0.25837037853446027;0.007495903931913257;1153.0738635756138;2564.5461534059023;1.0030428876576305;0.02509888749561263
a_ps[11];2.2086199766326744;0.3730794127474349;0.011431386189741119;1069.396347324917;2461.2980806620835;1.0033140921034909;0.02327748417303978
a_ps[12];1.0231223788627997;0.24090162435324775;0.006563698214184728;1366.3043376933729;2963.354784031329;1.0031316456161372;0.029740262042011606
a_ps[13];-0.6419162769373674;0.20686768652628337;0.0046266386152789725;1990.6439687427496;3637.9155115838353;1.000157846242007;0.04333022418907489
a_ps[14];-0.5733541122452739;0.20212077998673691;0.004416539641750335;2113.559967051651;3287.0401962428937;1.0006588714337834;0.046005729124551836
a_ps[15];-1.7611300976297075;0.3142749036300332;0.008419349371616126;1382.8689505761824;2911.8225298334423;1.0004762656596566;0.030100822946466405
a_ps[16];0.25466776919334216;0.1886397566529254;0.00421529215265788;2009.2928729789921;3569.252494051052;1.001915200942023;0.04373615373455124
a_ps[17];0.044231127818362005;0.18766186315366643;0.003957284016149811;2244.514219590317;3942.6234572566154;1.0013140197537977;0.04885620224285481
a_ps[18];0.5499055929104204;0.20067969666896912;0.004860678683079442;1727.4533440628982;3821.4560222641226;1.0024806817975447;0.03760137013435247
a_ps[19];0.7993497358206053;0.21894872475491226;0.0059401334170330325;1357.261279682585;3189.015500134105;1.0030623848094866;0.029543422357409577
a_ps[20];0.5404325046272238;0.20275233514405358;0.0051322016961187905;1585.4088923243564;3244.4041004566466;1.0030652900191188;0.0345094973357563
a_ps[21];-0.43391870692114254;0.19858505087664519;0.004125463144360566;2315.406175043999;3761.679328387953;1.0011201624943187;0.05039930305407119
a_ps[22];-0.5536443611250886;0.19998727457447366;0.004381784012218682;2082.86487146074;3808.789778842492;1.000509693159077;0.04533759087665647
a_ps[23];-0.8657986379357737;0.2232094242260503;0.005186632567837053;1845.7738071332553;3817.229416463955;1.0001710307716487;0.040176844338427116
σ_bp;0.05293076180862864;0.010041916015334731;0.00021182836732801832;2226.837936124762;4138.084335504127;0.9999568637570786;0.048471443673558316
b_ps[1];-0.3829776130698567;0.44719468475656754;0.005510065898961584;6633.2883012150405;5557.383591695131;1.0012281235204858;0.14438637632622234
b_ps[2];-0.6462923054938001;0.4480556647799831;0.006033406505241909;5556.694706410621;5409.958117237512;1.0003585216313575;0.12095223011229131
b_ps[3];-0.9923993949410647;0.4571898198487335;0.006048675700232616;5755.3189972161845;5450.908697439498;1.0000548709010535;0.12527567276961227
b_ps[4];0.7825975149869923;0.44935958108962304;0.006018890907699009;5668.085847411352;5427.8226811723225;1.000557542323217;0.12337687419130605
b_ps[5];0.26510490795329994;0.45588348126114847;0.005799828968708024;6167.988831075704;5468.386988920008;1.0001302009827788;0.13425823152847188
b_ps[6];-1.4985873927155238;0.49339504077450813;0.007332347071574057;4567.309167338573;4704.132867645049;1.0000428261561662;0.09941633625554276
b_ps[7];-0.16978308430582348;0.45097083993088816;0.005822800337102274;6012.415018539605;5061.614243777011;1.0004826089523464;0.13087186596989547
b_ps[8];-0.20920166498735712;0.4494597186326621;0.005819797347961028;5970.669073001763;5198.267244427856;1.0002780730670804;0.12996318455446285
b_ps[9];0.5820851076220633;0.4591394207878247;0.006038346567848039;5794.866283149365;4442.623480463615;1.0003394533880288;0.12613649609737007
b_ps[10];0.8593976814545475;0.45565518756431556;0.0060580538178706105;5892.82209842183;5567.768714153909;0.9999785797160756;0.12826869427194382
b_ps[11];2.054749464866037;0.4987782897892842;0.007473252064757958;4492.089036189489;5729.00508844714;1.0003406414195555;0.0977790243115692
b_ps[12];0.840659752423583;0.45409109898178573;0.00587935051221226;5966.2176996061835;5779.754632979812;1.0007125666052157;0.12986629178498305
b_ps[13];-0.4817809022818991;0.4487191745518837;0.006063043333009873;5493.489416365157;5501.816286437633;1.0000443985060508;0.11957644447176054
b_ps[14];0.1950011564864042;0.46747409589223093;0.00579286972674021;6476.585376079525;5557.416213371933;1.0006860059754998;0.1409754334435058
b_ps[15];-0.9878100834601017;0.47571644385379086;0.006497354287979747;5393.128483553488;5576.753836216198;1.0002610192518944;0.11739189425241578
b_ps[16];-0.8936815524044279;0.4498465048267674;0.006096660810062537;5464.737624437495;5427.242205250433;1.0000347163571237;0.11895060599455154
b_ps[17];-0.0189979330838929;0.4496254214498884;0.005748838083076163;6113.73728647075;5230.99408089703;1.0009175924515563;0.13307734151134798
b_ps[18];0.6083705331163121;0.45010619322627743;0.005508940234699283;6653.056550540304;5511.55111075785;1.0001754037280286;0.14481667058704398
b_ps[19];0.5805634279888662;0.4570518371254239;0.005666956850330319;6529.005626513013;6246.059095953038;1.0004398510490042;0.1421164617936256
b_ps[20];0.9386567167178487;0.4659494627027311;0.006361451939728883;5367.070745196101;5508.969274265226;0.9998700904697232;0.11682469707270164
b_ps[21];0.8907684729151016;0.4657869676347544;0.006400632266722865;5368.4615894520275;4733.07853215394;1.0004782487205228;0.11685497149362657
b_ps[22];-0.9886390848341814;0.46756208628022483;0.006323499634946491;5521.533490149432;5098.7843320623915;1.0005837786978935;0.12018687809189958
b_ps[23];-1.1480476864022044;0.46731043869637023;0.006867391669095894;4665.67576475781;5591.190313499427;1.0013772786810289;0.10155747589970722
σ;0.989020160511211;0.0035854603638618026;3.160962321555179e-5;12900.05386928913;5376.540686027262;1.0014099628062918;0.2807946749817197
