parameters;mean;std;mcse;ess_bulk;ess_tail;rhat;ess_per_sec
σ_aw;0.029878093000039442;0.010839775028993354;0.0001923717464679992;3053.9598816596263;4629.957876260256;1.0008111959266113;0.051314160163168844
a_ws[1];0.08404166736368171;0.6877646906296137;0.008326883607195171;6784.635083993614;5986.06644209675;1.0013492717875974;0.11399882933612977
a_ws[2];-0.4544379063011062;0.6649993391760906;0.008404074873107055;6234.611448944858;5482.955470223472;0.9999869740343936;0.1047570573430143
a_ws[3];-0.5047309156996679;0.7084617748355712;0.008137850719435645;7531.044438880154;5722.598352895936;1.0004948691833497;0.12654037233869248
a_ws[4];0.03388350798678379;0.6709275013635797;0.007988333006714218;7086.635514705954;5574.658792668221;1.0002834192054155;0.1190731914991643
a_ws[5];1.6524513771326736;0.618054272538967;0.009775445803381331;3920.655913959681;4357.561036282959;1.0007940242215418;0.06587682003349413
a_ws[6];-0.24991812823262302;0.5886732053984048;0.008894318420228562;4407.231357518833;4856.437323777875;1.0004170723038013;0.07405250380465442
a_ws[7];0.5661400132831762;0.6826425867024462;0.007946343619505473;7398.097379411275;5687.851954757387;1.0001292453684902;0.12430652940454723
a_ws[8];0.19137932268108054;0.5114746252628597;0.008353061239402283;3713.8764161613994;4727.630574520357;1.0008523952372188;0.062402407572412805
a_ws[9];-1.185522670516668;0.6772867877110392;0.008071415104990435;7040.590170804582;5479.122397020273;1.001434504318981;0.11829951461954558
a_ws[10];-0.010470899253150185;0.8018662771037351;0.008517167642838159;8851.55674715643;5384.386199759392;1.0003487730541276;0.14872828007489394
a_ws[11];-0.2088290382946131;0.7772054037045174;0.008576349587717899;8242.927749507726;5376.581823119507;1.0002906668841811;0.13850179149105493
a_ws[12];0.0036632685541470597;1.0045788620231422;0.009871766327142588;10355.766074019579;5551.805585553191;1.0005504455826901;0.17400275692088377
σ_bw;0.011774236575155304;0.01161371834372604;0.0002625207977589121;2202.41456074337;2637.931563586167;1.0021793498848905;0.037006070117156946
b_ws[1];0.02135303645820359;0.8979379863620428;0.009177127370878167;9548.443457452548;5586.574236142552;1.001824986767879;0.1604377188538623
b_ws[2];0.3013051898263751;0.9255235657129717;0.009649818242784262;9304.672498646;5289.27697750509;1.0005298415676318;0.15634175737825487
b_ws[3];0.42651710560201583;0.9964597366381593;0.01151179085280368;7455.2233847573425;6273.067485275882;1.000175390530281;0.12526638909537496
b_ws[4];0.12027602640749575;0.9089935065438548;0.009844002722999068;8494.138432550335;6186.354929929859;1.0004451198398472;0.14272275893131556
b_ws[5];0.053689721472156525;0.7977918895569408;0.009287102982718716;7405.917338394558;4906.782214981756;1.0002639572665901;0.12443792426344744
b_ws[6];-0.10711875549757553;0.9266320690590444;0.008858211886625545;10971.826371604559;5480.071881203059;1.0012790554034046;0.18435410992008092
b_ws[7];0.36766242362527685;0.9280232118187269;0.010211692186606499;8367.660269551649;5900.8598725528;1.0004635180448318;0.14059760962852544
b_ws[8];-0.15726849152052125;0.8327696122790955;0.009543807040674817;7655.7190847084585;5233.162412385856;1.0003151064630027;0.12863521804466924
b_ws[9];-0.00971208986311922;0.9248900453708091;0.008888049517930628;10863.726009002427;5354.469625168327;1.0002045670111648;0.18253775360395014
b_ws[10];0.5378804973449862;1.0457711129074507;0.012582232423517343;6897.10609407842;5555.951758568522;0.9998587583640243;0.11588862345551708
b_ws[11];0.06453243530067791;0.9459060841647957;0.009043861903219779;10957.078721490201;6244.73994002488;1.0001421002771953;0.18410631253264853
b_ws[12];-0.002714362959227571;1.0244182462141904;0.009603955142148195;11352.268768533884;5674.517107404371;1.0001844960068547;0.190746493201253
σ_ap;0.21669413791086775;0.03529589028490519;0.0009823716206385305;1227.3387948709974;2509.8797556253016;1.0020895710026163;0.020622359800042817
a_ps[1];-1.0541086341362589;0.20010421265795184;0.004849812869782292;1702.613651760247;3327.0289341410253;1.002233706484642;0.02860816546645146
a_ps[2];1.1155113993951207;0.21057066548716932;0.005223713689231747;1650.6929306108768;3378.3104332668327;1.0013155154319264;0.02773576756206309
a_ps[3];-0.8591369861735966;0.1791029870443012;0.0040752162940772595;1939.3941891037905;3807.120102361659;1.0022468565044549;0.03258667038713985
a_ps[4];1.1847495396281584;0.21696833489742248;0.005496635203701217;1589.9954131147422;2876.309618320792;1.0010162125802802;0.02671589753920909
a_ps[5];0.6954763089572507;0.16376723640382182;0.003555413268287381;2167.422084907256;3823.363360738596;1.0007386255528385;0.03641810905049605
a_ps[6];-2.8537699549278646;0.44791294365685275;0.012335601298595863;1321.2934982854326;2522.760115206378;1.0019891396061473;0.022201033681138908
a_ps[7];0.04232229325137316;0.12320165015643696;0.001558892314086082;6298.622907641482;4801.959810480108;1.0012473431703413;0.10583260986207739
a_ps[8];0.39103591905161444;0.1362900908876844;0.0024202928716076408;3239.250369584473;3914.417602844027;1.0007746578102725;0.05442750354111797
a_ps[9];-0.2315580867882085;0.12902034480098434;0.0017626990787022114;5433.283610097569;5032.315866230527;1.0003794692944101;0.0912927465271597
a_ps[10];-0.2952286740080775;0.13253476191379204;0.002012516086994098;4393.4289312314195;5611.564557618786;1.0005092716829922;0.07382058854034264
a_ps[11];0.5141219490530322;0.14553368450554593;0.002809576512401785;2721.335639419662;4305.234751320059;1.0001598168383246;0.04572524141444623
a_ps[12];-0.20228445242046358;0.12832616177295872;0.0019488402823720481;4516.0749461496225;4351.376691858895;1.0009320454492525;0.07588134817594958
a_ps[13];0.38896057405339923;0.13825307462363076;0.0023069575686318635;3679.0575700056143;4847.858853300132;1.00099035837358;0.06181736391841308
a_ps[14];-0.11668032784041196;0.12656749352844565;0.0015596281075904214;6719.911290034627;5065.615887665678;1.001208886497604;0.1129113078039954
a_ps[15];-1.0930926032103414;0.2062203026297461;0.005034927991817701;1678.8819812094848;3375.0359323317466;1.0021077657482285;0.028209414077838064
a_ps[16];-0.4894174305598132;0.14635725333468394;0.002575964048672048;3315.2290268751285;4602.483194331948;1.000614591484553;0.05570413491162454
a_ps[17];0.055454631824813895;0.12420628061953319;0.0015259072473604058;6618.969313978766;5503.821532725042;1.0000814329345182;0.11121523027605408
a_ps[18];-0.059980139695543534;0.12456221110590075;0.0016134361916193998;6008.387846819469;5183.046420562267;1.000822743780524;0.10095593532374181
a_ps[19];-0.5902828205331015;0.15091772314111912;0.0029294282511184147;2635.5871278362974;4493.679848797203;1.0012508273746474;0.044284452069580656
a_ps[20];0.7850255532029944;0.17057668825791128;0.0040837064618833635;1753.314079128734;4183.185948167731;1.0011106797482967;0.02946005938488559
a_ps[21];2.1477088596961513;0.34489637158121533;0.009652136379900717;1284.062635666687;2700.26661252105;1.0018966074921343;0.021575462121111392
a_ps[22];0.27855106211239433;0.13157761300046025;0.00196570483212103;4584.114524371204;4605.731869489884;0.9998798450854818;0.07702458317234362
a_ps[23];-0.6262635218044568;0.1551626833786603;0.0030562829055170654;2623.353253776018;4131.183430676333;1.0009124330428696;0.044078892403680896
σ_bp;0.05429565561312343;0.010672886143314398;0.00024093999799876397;2024.8840673550478;3327.127844599485;1.002205246783412;0.03402311404550607
b_ps[1];0.08511671601831344;0.4124383098410248;0.004137255055575576;9939.830731824522;5330.556886151657;1.0003943564235906;0.16701400343558231
b_ps[2];1.7252421568000733;0.46762202696235666;0.005602773412516811;7133.723942304282;5278.672305188833;1.000287843569349;0.11986439479234551
b_ps[3];-0.3033453226413883;0.42605190835202084;0.004572283826065374;9047.706843200289;4113.469982359346;1.002792530754296;0.15202409201560146
b_ps[4];0.24160483654696022;0.4146363737167556;0.004055715429660404;10428.289876231891;5886.759556895112;1.0005890127071855;0.17522133808978313
b_ps[5];1.012355128241347;0.43025646819791646;0.0044934924226681;9149.651877279666;5859.466354907424;1.0004307822983665;0.1537370234257371
b_ps[6];0.8475064943118102;0.4417465843736868;0.004623162095775139;9112.655368036054;5173.620971735177;0.9999574701556263;0.15311538958823784
b_ps[7];-0.08968189897341446;0.4302188066554195;0.004390035293303298;9669.554671098434;5029.989585286701;1.0004527764604245;0.16247268999146727
b_ps[8];1.013478523023987;0.43488716697580326;0.004796212590596775;8303.978206643345;4711.900229405295;1.000204667194128;0.13952759178211488
b_ps[9];-0.5493784098356572;0.4269658773561015;0.004691712375813432;8467.212515948884;5393.988404570972;1.0009152822276293;0.14227033622421828
b_ps[10];-1.0114089408836477;0.4449348618638717;0.00547361020003478;6797.785655727883;5297.788599037927;1.0003530965614171;0.11421979181447209
b_ps[11];-1.3089373919767326;0.4687519730935446;0.00601728385302244;6579.125013953793;4639.945774607557;1.0006674158672773;0.1105457464346489
b_ps[12];0.29836746802777897;0.42457984664036114;0.004324979408317067;9558.175108744656;5617.858447748799;1.002161640860306;0.16060123492231307
b_ps[13];0.47694172952047215;0.42011679421724357;0.0044407782402392515;8978.052930980948;5695.963411863272;1.0011267370373467;0.1508537321726057
b_ps[14];1.3982054626617577;0.44869591051224744;0.005053810260296862;8025.9008211209275;5656.129296128616;1.001138915870975;0.13485519658002135
b_ps[15];0.8398203842797826;0.43386441348353005;0.004284555150826762;10292.325931206846;5931.863062841782;1.0006180055113907;0.17293680393681976
b_ps[16];-0.2480896055413766;0.4273146038483658;0.004355796415000023;9689.613121726457;5376.2893870740245;1.0018710123126384;0.162809722103229
b_ps[17];0.9156242804372531;0.44372386116282175;0.004401220757733184;10182.635062200125;5587.566790105361;1.0012838406955915;0.17109372313721566
b_ps[18];-0.20925432959191625;0.43218763914564934;0.004309979639559644;10206.662465784062;5532.743666876235;1.000778289622331;0.17149744358004648
b_ps[19];-0.7517601809729492;0.44324441732234926;0.005233160083905598;7524.852235410479;4843.815359915235;1.001318867090598;0.12643632784141073
b_ps[20];-0.056444110949338704;0.43163356891501714;0.00464554397794839;8730.02689073796;5171.498462830926;1.0001312012932437;0.14668627469220524
b_ps[21];1.7059512806648465;0.4664318026964215;0.005811248458731545;6494.458013538289;5332.904847335811;1.0009205510623105;0.10912312918091627
b_ps[22];0.5831063473086474;0.4139991630295789;0.004099454333952745;10266.398427272052;5077.063249959531;1.0013305137466644;0.1725011570583093
b_ps[23];0.9018378145182562;0.42948401708771633;0.004900539731115129;7774.693640629769;5346.9954622641;1.0004070544227721;0.1306342879913806
σ;0.9810074001898088;0.0035754038257426704;3.1835032521214965e-5;12619.687131362714;5020.678303317361;1.001001310763477;0.2120422899320852
