parameters;mean;std;mcse;ess_bulk;ess_tail;rhat;ess_per_sec
σ_aw;0.0426981462040236;0.013278432522610278;0.0003345737239274579;1508.9248636163243;2405.8827932090944;1.0026334718788785;0.024950997762472338
a_ws[1];0.5735665581481774;0.6244533853780835;0.010881800234096229;3280.2858127609106;2966.0624370662285;1.000478391805907;0.05424153710232612
a_ws[2];0.720377002250581;0.556731088310074;0.01032168017009793;2923.0278242144614;2763.1841144798987;1.0029018894931587;0.048334057221926734
a_ws[3];0.45867263420184806;0.6220039147801529;0.011335817018175466;3021.972774368041;2951.122835937699;1.000423933646716;0.049970172637225266
a_ws[4];-0.09413175666042392;0.55730671702763;0.009808758808889085;3228.9139459081766;2909.3876048137586;1.000509052035993;0.05339207178711841
a_ws[5];-1.8108775906939167;0.6180943465237564;0.014464364484396069;1845.6270511695652;2597.4309121280085;1.0011925094155807;0.030518574870404866
a_ws[6];-0.15109752789101366;0.49942631487189615;0.009913881122052163;2540.1928460851564;2232.907804867317;1.0019576894564366;0.04200364613717092
a_ws[7];-0.4304366741422322;0.6157343518336094;0.010844046269547188;3213.486895153614;2820.9241674967966;1.0006706761885649;0.053136976044354835
a_ws[8];0.4305217890681181;0.45147529029008415;0.009638595504236706;2221.066658706015;2363.515918834528;1.0015502906654397;0.03672669896820445
a_ws[9];1.0957976310527542;0.5837901886302823;0.010682870935100938;3014.4794247559867;2829.575857368338;1.0001436996449238;0.049846265507114296
a_ws[10];-0.5716754237902892;0.6955136820417782;0.011651621749386054;3560.0582291604023;3013.600015413131;0.9997651451549843;0.05886774553980612
a_ws[11];-0.18164402350159892;0.7027495928578861;0.011699058971826767;3613.054954809431;2773.8901165592774;1.0007210254210421;0.05974407889143383
σ_bw;0.024591105428380385;0.011679051023908378;0.00031033396839982364;1289.1568240368763;1342.4757229207542;1.0004423031608887;0.021316998485220045
b_ws[1];-0.0004980597209174477;0.7371554178183811;0.011571846194177282;4108.111598965515;2911.835077670683;1.0018051910527883;0.06793014402858855
b_ws[2];0.472950266586975;0.7812722135519523;0.011612045791422023;4473.992183013465;2774.8106384855246;1.001136417404968;0.07398020381223708
b_ws[3];0.11694679451244047;0.8836502909430252;0.012801197140801726;4752.1185297407055;2820.2068100433758;1.0041435772939433;0.07857919347845846
b_ws[4];-0.1291738469346753;0.760702683905514;0.01132186189358262;4523.617047122103;3040.3373855658147;1.0000374589580427;0.07480078136595976
b_ws[5];-1.3679099622896453;0.6421987492542519;0.012974520000860568;2492.8709716475673;2738.3416624676415;1.0005254990042087;0.04122114992965366
b_ws[6];0.20948186138879954;0.7821225196901815;0.012214599451008019;4112.895281999762;3070.922182939256;1.0012285890455486;0.06800924516050164
b_ws[7];-0.5088342501489811;0.8170684712551709;0.013832377082958485;3495.133644889071;2671.9035932699558;1.001185906940629;0.05779417773272455
b_ws[8];-0.09368142537875732;0.6087964210607344;0.01113389416877869;3049.5201241898617;2413.2625580182957;1.000110925714316;0.05042568495618793
b_ws[9];0.8476521951164193;0.8120607099710645;0.011488002324632542;5065.366966916345;2744.6387390923937;1.0001399562513507;0.08375894844408056
b_ws[10];0.35641193573635704;0.9167985056710044;0.013499457094209343;4616.894909912075;2900.1669289675897;1.0001196508574546;0.07634318801713187
b_ws[11];0.1038501545696447;0.8678132945581203;0.012941580430836994;4523.91470942417;2743.444155563337;0.9998004086155996;0.07480570339462528
σ_p[1];0.24122537039788391;0.03764337445756265;0.0013129919204359615;809.5796655886193;1466.7215729594384;1.0032661441207273;0.013386896134929731
σ_p[2];0.042981693509496544;0.008983666145752488;0.00022730305510682816;1559.645972955179;2214.4317985627767;1.0019435408184787;0.02578970240319968
L_p.L[1, 1];1.0;0.0;NaN;NaN;NaN;NaN;NaN
L_p.L[2, 1];-0.5545664414660643;0.17269967856339735;0.0038791820741391064;1909.014588296544;2481.4662455347457;1.0055839898595265;0.03156672666056983
L_p.L[2, 2];0.8060313306296744;0.11382035024501833;0.002635265763000291;1906.2812699901888;2481.4662455347457;1.0055020965927552;0.03152152956653922
z_p[1, 1];-0.4415179967981658;0.23967812582344597;0.010742866668232732;502.0024902696309;641.9773019935008;1.0023400990478202;0.00830091896123594
z_p[2, 1];0.1729152371863881;0.5925096296234587;0.008643865888366515;4697.397577299702;2778.35933585695;1.000997223342108;0.07767434897967829
z_p[1, 2];-0.9433631006734854;0.27329278071964236;0.011896478257035274;533.8590860417204;846.4170465639168;1.0035423958338088;0.008827687304044228
z_p[2, 2];0.6561916557283635;0.631571644884713;0.010040311755948349;3949.474014180789;2712.4000984139716;1.0014077679883475;0.06530697430128914
z_p[1, 3];-0.5893839509702027;0.24936621260177105;0.01117531715640229;504.9526398524373;790.8623016054356;1.0029992572491053;0.008349701493364909
z_p[2, 3];0.8791017905678804;0.6090086671517706;0.009810157394634714;3865.409935362929;3036.480985174908;1.0008855919417416;0.06391692321719351
z_p[1, 4];-0.5749846620719768;0.2455204431005749;0.011053536175824922;501.5903983784775;697.9299665136426;1.0028729477004128;0.008294104769156516
z_p[2, 4];-0.9400723871759616;0.6265387017009987;0.010307906688646383;3709.752092948121;2741.181710654151;1.0011879520285896;0.06134302535690172
z_p[1, 5];-0.5610304748844388;0.24653380005613712;0.011040108169785262;505.17830242043215;722.3453320768929;1.0027177642659455;0.008353432962283526
z_p[2, 5];-0.8303062211301822;0.6108755639237097;0.009564799652451468;4100.132073840814;2905.585539009187;1.0009831016028552;0.06779819768829506
z_p[1, 6];-0.6612043052877628;0.2523943511568257;0.011163808685914035;517.3553200568361;712.419660862401;1.0034751920647498;0.00855478741479837
z_p[2, 6];-1.459226485853343;0.6384271960317769;0.010311075822665798;3867.9966478622364;2670.53088375752;1.0012047903889327;0.06395969609431855
z_p[1, 7];-0.3270463599853027;0.23874808418383325;0.010862079964992858;488.05416510592005;673.025352730929;1.0024666635551838;0.008070274852744082
z_p[2, 7];0.5424198047729675;0.6057864074174425;0.00870429823211757;4854.838140889651;2817.8546551337017;1.0012725954086346;0.08027772522761191
z_p[1, 8];1.3030428350436556;0.30150035112102125;0.012484069359228066;581.8515375487132;1155.2499196725166;1.000501150476379;0.009621271914544103
z_p[2, 8];-0.41549549789182777;0.6500449828325208;0.01057087124365988;3797.332462322301;2940.3128434836995;1.0005452234167818;0.06279122046123217
z_p[1, 9];0.1588557280854134;0.23637756130701842;0.010555893232096481;505.0052669339079;797.7965867779535;1.0005233832072165;0.008350571714423412
z_p[2, 9];-1.5071259209494683;0.6172699552059332;0.00951254957211472;4271.597541404562;2610.1240516642365;1.0006238673657117;0.07063348432229687
z_p[1, 10];-0.13738760413769271;0.2345560643520993;0.010524172581707847;502.0332914512876;635.4190430378435;1.0021892599217457;0.008301428277659261
z_p[2, 10];-0.3006503069596813;0.6036217770824377;0.009054722609474443;4454.915852113452;3078.3213640889307;1.0004801405311128;0.07366476498484466
z_p[1, 11];0.9427880420213884;0.27023484885213883;0.011318696463835182;567.2033491580127;1123.9143629267687;1.0015455809594218;0.009379055138498205
z_p[2, 11];0.2804499308329142;0.6263560083253724;0.010104814557725807;3846.217272799984;3054.8670315291847;1.0023006996331998;0.06359956077442996
z_p[1, 12];1.6815823501002127;0.34144246091930036;0.013588329985159244;625.6483294652422;1140.1203086863356;1.0019774996045279;0.01034547872129909
z_p[2, 12];-1.086778634733099;0.6640039122465505;0.01170768583191655;3222.0107967665595;2862.056099079038;1.0020060597837968;0.053277923983646135
z_p[1, 13];-0.3679754325927994;0.23941255086617716;0.010781620605787127;499.57685589726873;772.6224071563311;1.0020632985852793;0.008260809609699155
z_p[2, 13];0.09137564745268247;0.5982310272582478;0.008746463858159708;4668.26310620511;3011.6099024977584;1.001709434109025;0.07719259263738448
z_p[1, 14];0.9781812802942463;0.27258005800340285;0.011594938009067832;550.1156277290612;917.1677061017411;1.002116892848311;0.009096499187953588
z_p[2, 14];-0.5595150939529567;0.6418064726867201;0.011374197994697447;3203.501089818294;2627.999520166254;1.0009492765299082;0.052971854630700796
z_p[1, 15];-0.485262202182334;0.24494961672591728;0.011084716711831989;494.1292590216249;692.2700774562903;1.0031487157998444;0.008170730255363853
z_p[2, 15];0.6551776818646224;0.6198130290419237;0.00967175822457513;4099.9764094915845;3132.5610881381226;1.0010764332726985;0.0677956236828406
z_p[1, 16];-0.08547065826913658;0.23349444370009945;0.010717542634071478;478.82762023385084;723.5634660242196;1.0016705438126592;0.007917708276362925
z_p[2, 16];0.2598492782332988;0.5853012790418588;0.009145744776680858;4115.053297236592;2833.5802427720637;1.0008518738467547;0.06804492926555143
z_p[1, 17];-1.5191946438518962;0.32340284346198644;0.01341547752475616;586.5866691741967;950.1854082227251;1.0035158151377515;0.009699570219145765
z_p[2, 17];0.9547842074851571;0.6758891037223304;0.011264420731555503;3590.544385569314;2999.5923935466817;0.9998794652671938;0.05937185282750905
z_p[1, 18];-0.2962833994221625;0.23939920716476434;0.010961368096217278;480.615164920901;723.1132729474134;1.0027520158151493;0.007947266423731518
z_p[2, 18];0.3245648310044151;0.6156060386227802;0.009345650678107434;4361.761885448489;2770.2302818417656;1.0007823111193501;0.07212440703206198
z_p[1, 19];2.759621736372186;0.46785182982787976;0.017384734427316095;718.6560325069767;1433.6369847559472;1.0016434230802278;0.011883418115395441
z_p[2, 19];0.84970106910487;0.7637208165503135;0.013666406038335216;3125.8993696557263;2958.9723515350597;1.0029711758009352;0.051688662609131346
z_p[1, 20];0.34443677120008115;0.2380840653180545;0.01052967075073835;511.1539674829163;823.7239443089;1.0003243448133252;0.008452244247854096
z_p[2, 20];0.7628376364193246;0.6031555433320084;0.009177896270386676;4321.6059764440415;2874.98221746852;1.0013782979855987;0.07146040445653362
z_p[1, 21];-0.46995310503332566;0.24225325087655875;0.010874461326430737;501.26496828393874;821.5645318350652;1.003290737836722;0.008288723583017653
z_p[2, 21];0.6097320712183802;0.6131698299388382;0.008897225702721093;4768.4049601724555;3056.619450486758;1.0007708672107698;0.07884849959108182
z_p[1, 22];-1.0753622421273608;0.28147646325073455;0.012004206478279907;555.7000414730429;1015.245294159796;1.0039559419214135;0.009188840893091159
z_p[2, 22];-0.016388697791602985;0.6392229119333421;0.010483626614029407;3732.5797990499273;3066.135803532276;1.0002053509382471;0.061720495473275495
z_p[1, 23];0.1932130697380149;0.23483708465864495;0.010673973670125118;486.7583777439184;747.4160164386725;1.0027502112979745;0.00804884821424834
z_p[2, 23];-0.051071048275582606;0.6045438653451392;0.009641361514325675;3913.67915136381;3012.9467874454813;1.0005242342918506;0.06471508429828794
a_e;0.007729452722099913;0.05358349113964076;0.002539843405138305;447.3211373436921;635.8898726169521;1.0031882672067831;0.007396729264716384
b_e;0.009986812631879062;0.01484227712884025;0.00041294242926562366;1284.9146078528743;2170.9302026499263;1.0003340074532316;0.021246850839656512
σ;0.9733805879696158;0.0034326040728592188;4.2299622652946566e-5;6558.5518630456045;2380.994005463579;1.0008324070069752;0.10844967619376386
