parameters;mean;std;mcse;ess_bulk;ess_tail;rhat;ess_per_sec
σ_aw;0.055200583259138805;0.016559084984668307;0.0004162165398878749;1594.4155614632236;2424.838948417907;1.001418414777668;0.02533602499164119
a_ws[1];-1.1814446243878651;0.5689147405704892;0.011269601272653992;2526.493838560154;2673.344153099271;1.0009628422802055;0.04014719410806755
a_ws[2];-0.12226990268209197;0.4714680319201811;0.009375721869513881;2526.4257002284576;2637.4618909589376;1.0044851158487438;0.04014611135742432
a_ws[3];0.5462462367798695;0.5862555766194796;0.010412159340501853;3151.7097806597385;3144.318911185148;1.0009983317184468;0.05008217412022352
a_ws[4];-0.9808328400295121;0.5594428493733229;0.010965725656980143;2639.832015095127;2430.417862336922;1.0005767984541942;0.041948191879665975
a_ws[5];1.8268351734605912;0.5778670512388672;0.013145797957379602;1950.91488990213;2468.098769562161;1.0020770114271562;0.031000969635396645
a_ws[6];-0.41883651125290294;0.4618758050808505;0.009444501821420943;2383.423240177334;2775.9813627118415;1.001525414088067;0.03787373394886689
a_ws[7];0.6287668369116247;0.5694578837593591;0.009864835789075259;3362.160436075197;2629.597780728666;1.0006984027625627;0.05342633557598608
a_ws[8];-0.1733802230407075;0.38422048161917965;0.008447710594707216;2073.692529747641;2413.8144841978847;1.0029615067500552;0.03295196498863181
a_ws[9];0.07370084694687193;0.4943104233943862;0.00847608519188483;3383.0408481003615;2716.130420151213;1.0008391489261612;0.05375813529852506
a_ws[10];-0.3443672481490065;0.6584330228906534;0.0105097944125052;3955.845320189977;3158.1116318638296;1.0007735756525915;0.06286027201303873
a_ws[11];0.17729770610341072;0.6428113341300736;0.01034642227994965;3872.909336570907;3229.232996527486;1.0008863188110917;0.06154237961129201
σ_bw;0.0387941975786158;0.015113965972069073;0.00035910603963080844;1654.0784435065812;2183.916042866738;1.0009557558680493;0.026284096690801357
b_ws[1];-0.30715633128511555;0.6085696376592422;0.010360290807612577;3461.3476863328815;2793.5767174565353;1.0009070542205836;0.05500246836854025
b_ws[2];-0.022317298506815745;0.6378565046882135;0.01126957316715793;3257.986239517456;2605.8478766666753;1.0001552042960717;0.05177095782424808
b_ws[3];-0.7441412041046542;0.813416545533205;0.012737498880853806;4086.0807474802305;2616.053344304612;1.0001212187145143;0.06492977517167246
b_ws[4];0.9714687364948483;0.6524403022196311;0.012031921844688917;2946.9156900209027;2514.7077884114624;1.001311270387485;0.046827898181142594
b_ws[5];-0.8795140448965958;0.5319159073584027;0.011971752938650495;2020.5172549896324;2386.2428448688565;1.0001428222260158;0.032106984468641214
b_ws[6];-0.9115597788044265;0.6575849937201753;0.011295340594309202;3392.8931186595755;2880.022367929418;1.0013983980815693;0.053914692584558804
b_ws[7];0.3617090413580894;0.6711659361075016;0.011415801170414625;3453.551932512406;3253.6176177016305;1.0006009848326365;0.05487859011597039
b_ws[8];0.617880565455836;0.5139386356121617;0.010287232116891075;2471.01458538861;2796.789275001036;1.0003591707960595;0.0392656022703776
b_ws[9];1.0991786210612573;0.6807807803176008;0.01087931682085215;3926.0654665991433;2856.5930361416526;1.0012336359648502;0.06238705591238028
b_ws[10];-0.05871534535288329;0.8145275265517697;0.01175813705988181;4803.164279677035;2900.848839110506;1.0009239842096422;0.07632457507952048
b_ws[11];-0.15029503876034245;0.7834937585661669;0.012236947460263348;4101.122130003224;2869.344435178635;1.0004980365223;0.06516878992586972
σ_p[1];0.2067290632346602;0.032502543276812894;0.0012213127287194218;740.1413242262383;1123.7294412405108;1.001194250494989;0.011761199238881685
σ_p[2];0.05857312828659317;0.010815443829008006;0.0003004950722026388;1309.4791545589942;1799.38850267095;1.0000887608389328;0.020808249359716945
L_p.L[1, 1];1.0;0.0;NaN;NaN;NaN;NaN;NaN
L_p.L[2, 1];0.610542279137682;0.14911873020770572;0.0038405499873085335;1413.302747338148;2464.7246715010997;1.0027202476620745;0.022458055849914886
L_p.L[2, 2];0.7699338549909823;0.11050882668117332;0.002964709831571947;1415.1660970472644;2464.7246715010956;1.0026737141370148;0.02248766536699399
z_p[1, 1];-0.2960928508705152;0.23412935801855417;0.008973865530524205;678.981844631777;1177.6664158024557;1.0071573544198502;0.010789345889646305
z_p[2, 1];-1.2889559650463065;0.5199009422127494;0.008525961164798198;3755.016866525003;2732.8540220815726;1.0021117045558927;0.05966901194002557
z_p[1, 2];-0.6329744745518687;0.2478983206115817;0.009691196514051008;651.5234793352383;1211.711538136296;1.0071512136696603;0.010353019347057702
z_p[2, 2];-0.29302745025713023;0.5297463668489114;0.008963398634196542;3494.8321587508553;2869.158601293127;1.000862396928555;0.055534552632215614
z_p[1, 3];-0.44168415554811735;0.24567329870396418;0.009417333448172714;679.0415585297642;1323.3525239470268;1.0072175078282484;0.010790294772013185
z_p[2, 3];0.4617847385910274;0.5238213729282494;0.008058582167028901;4281.048900464614;2876.0424692257907;1.0004912558828085;0.06802791226715667
z_p[1, 4];-0.16541757146533967;0.23496324954057898;0.008745516857016439;722.7340300608471;1242.8204947709437;1.0073895159919612;0.011484589018390322
z_p[2, 4];0.22000300333206277;0.5044636058423733;0.00773835970484329;4251.842868166398;3015.617855738081;1.0017316326822114;0.0675638144609767
z_p[1, 5];-0.3576583321249338;0.238733293610604;0.009218020580957565;670.0813753651557;1242.155935682726;1.0065632482928777;0.010647913180867734
z_p[2, 5];-0.4521403259461213;0.5181542859580296;0.0078822449659695;4320.76616621806;2969.399213757157;0.999843662552489;0.06865903859460261
z_p[1, 6];1.0381050727018981;0.2784940274743481;0.009691293053118628;819.2828344657105;1707.4773596932148;1.0041225675627707;0.013018795645845594
z_p[2, 6];-2.014371880046297;0.6031869912141351;0.010812423087112192;3120.221665495563;3137.7572865233064;1.0003225811656866;0.0495818129270556
z_p[1, 7];-1.3312820172813657;0.3027208345285103;0.011916841137903892;639.2307869847409;977.2662672939109;1.0050895399956485;0.010157682592867383
z_p[2, 7];0.1919524782540759;0.5747341617765225;0.010223354698965365;3157.4267603621447;2893.862837390009;1.0008869286355109;0.050173019658938625
z_p[1, 8];0.5204230500821996;0.24455198799789366;0.008863985708372915;758.6057278050738;1590.9312409939052;1.0065475635660648;0.012054607432978714
z_p[2, 8];0.9365848418691769;0.544395167077087;0.009322199050604316;3406.3507135275813;2953.5542918577003;1.0007063989385654;0.05412854019627571
z_p[1, 9];0.9911894868541149;0.27631587216074566;0.009486689108595006;844.0214966528989;1838.150879680618;1.0037862852936952;0.013411904806709007
z_p[2, 9];-0.9342862141781352;0.544496852626726;0.009276378622023353;3439.786061825509;2974.7411898920714;1.0011221632227945;0.054659843854214865
z_p[1, 10];0.3314803595236968;0.23951346645534716;0.008627349897077237;770.5214413926221;1697.3723787120034;1.0063588243849255;0.012243953814527014
z_p[2, 10];0.7115756673612947;0.5260266564489685;0.008455344846315908;3902.848844924354;2791.5816605887144;1.001856894281505;0.06201813270240225
z_p[1, 11];1.9329901724139495;0.3697667057299954;0.012811905860781157;824.9264199317104;1525.8842371306462;1.0033203589410808;0.013108474915080657
z_p[2, 11];0.4424198170541936;0.6182955002707149;0.011894542089343926;2714.4230428747323;2792.095802030941;1.0003268809561905;0.04313347894638398
z_p[1, 12];2.1901840828361747;0.3976172713864617;0.013872073654067731;816.8333169527089;1592.965112283692;1.0025441225839493;0.01297987164232551
z_p[2, 12];0.4087351196664492;0.6424951116821616;0.012824926047123672;2504.739952314511;2571.9546954962348;1.0000443164709887;0.039801514462869454
z_p[1, 13];0.16735280832219962;0.23345527512946962;0.008551118573345323;744.2810957554705;1615.2690434695214;1.0069101637230835;0.01182698218622576
z_p[2, 13];0.7972209973515392;0.5224551323266042;0.00873776165584349;3576.4030913769816;2685.441453370066;1.0009633118845227;0.05683075372154165
z_p[1, 14];1.3878441905488528;0.3117486139752311;0.010702369652421268;839.7774386249561;1746.8015777384605;1.0043167625127603;0.013344464697078331
z_p[2, 14];0.9220226581254638;0.5900189089683309;0.010151338224376246;3371.319032068241;2899.943608444229;1.0001903483026038;0.0535718700417656
z_p[1, 15];-0.5401127709741036;0.24509135114715713;0.009519117112181954;661.5645742484988;1063.8597572855736;1.005537342026051;0.010512577142286657
z_p[2, 15];0.74914828061233;0.52034100043617;0.009653768905106578;2910.629542088041;2736.4100386429395;1.0012398115729895;0.046251293955056345
z_p[1, 16];-0.3239531269256406;0.23829324321273934;0.008964493583390158;706.8854477308533;1246.851973003524;1.0054930798650605;0.01123274747362623
z_p[2, 16];-1.1851554282073296;0.5432434476644042;0.008401117389330873;4152.607005717111;2866.642096153798;0.9999796595146548;0.06598690919747384
z_p[1, 17];-0.9061656895600263;0.26762412828089654;0.010392841062105288;654.6189457919165;998.4999897590321;1.0051064205368916;0.010402207787890035
z_p[2, 17];-0.5708020293723796;0.5260894492763146;0.00895491930245201;3481.255948019668;2688.1766350027838;1.0001454063037047;0.055318820157764924
z_p[1, 18];0.001269736764789524;0.23397088387158171;0.00897017463941722;679.0346661895787;1301.260732807913;1.0066116129845328;0.010790185249434875
z_p[2, 18];-0.2979391022092689;0.526133659152577;0.00837133465576402;3947.5842223337054;3014.7361691465208;1.0011483192113444;0.06272899922142547
z_p[1, 19];0.24763176268629863;0.2354010060570785;0.008506467849307432;769.0966448027183;1732.819915915998;1.0074079602908494;0.012221313116027633
z_p[2, 19];1.1579518171276906;0.5268446763635468;0.008859023432544013;3581.8265321802446;2440.4200095673464;1.000769329127811;0.05691693478691338
z_p[1, 20];-0.31424714700989526;0.2400236577695486;0.008930860571813993;716.4523661181041;1230.5509930114556;1.006918506157753;0.011384770377322637
z_p[2, 20];0.2416865248852964;0.5235969824463543;0.008496362098539587;3833.1558765834457;2909.7663974103302;1.0002760759547784;0.06091067814017603
z_p[1, 21];-1.4078929377852625;0.3124953839699664;0.012170550801143017;652.9191422010834;961.5721412060544;1.0050343441066423;0.01037519709676337
z_p[2, 21];-0.16893470134530003;0.5767146287757412;0.010455018139048308;3038.5995702484206;3130.3864854461995;1.0006091124438972;0.04828479883923907
z_p[1, 22];-1.2653863970604626;0.2945851758623157;0.011290925039769315;675.090995735004;1128.6720941914507;1.005117719671638;0.010727518441852912
z_p[2, 22];-0.1517851020312319;0.5656560229593861;0.010062786146184596;3181.827800970437;2586.6069963547743;0.9999209777328624;0.050560763851617216
z_p[1, 23];-0.7436389245857105;0.25638586933880114;0.01002392971519705;651.3647364274741;1071.103763709005;1.0062935020966672;0.010350496846415102
z_p[2, 23];0.24463824719168836;0.5345099422690448;0.007905395929490636;4553.863192935626;2646.5089607183468;1.0000501949513163;0.07236306170948847
a_e;-0.006346941152860048;0.045801275055594996;0.0018988046370866534;582.6260888877098;1106.2549876603748;1.0080973879257835;0.009258206897638625
b_e;-0.030517229358409025;0.019708503348069447;0.0005603466971808053;1241.7531322609445;1564.5210395013844;1.0015245022610497;0.019732050509805373
σ;0.9730744579073212;0.003527662121600899;3.9778512805051756e-5;7796.679648605937;2411.6802123149714;1.0010111894573572;0.12389296442115577
