parameters;mean;std;mcse;ess_bulk;ess_tail;rhat;ess_per_sec
σ_aw;0.030111638631857462;0.010737410855511397;0.00023777104357314153;2002.179429285609;2477.6569936720675;1.0003649779183836;0.031235458042629758
a_ws[1];0.19962955446947103;0.6961172905590683;0.010503427884199645;4393.500292945352;2701.0302394331707;1.000506886335956;0.06854180602062311
a_ws[2];-0.9281814638968455;0.6467604240783814;0.009815602950299577;4340.6046624934;3529.6215602058764;1.0001751757811528;0.06771659564164627
a_ws[3];0.12935123218704547;0.7014024035145081;0.010853769110977565;4222.199804158305;3056.1512919275565;1.0026826365188017;0.06586939357250454
a_ws[4];0.7220646604214399;0.6323255820649917;0.010461036229584032;3661.425195110659;3326.601053029334;1.001161444126411;0.05712090104677237
a_ws[5];1.537208078690963;0.6036565896041278;0.010988169134199213;3061.415214750645;3216.088848885446;1.0004511602094153;0.047760308138582605
a_ws[6];-1.0613032959462518;0.6167701791806818;0.011102681994901754;3119.8898989653258;3130.6233638335552;1.00072367023072;0.048672555821596394
a_ws[7];0.029915944772675056;0.7001669422363789;0.010476381974293337;4472.641015326044;2855.724139443839;1.0000221256012232;0.06977645895793129
a_ws[8];-0.024362774048351306;0.5047779873348502;0.008718404605232159;3326.32916436399;3004.309931157562;1.0016743114285924;0.051893158789739
a_ws[9];-0.3179720142372988;0.6526726593753327;0.010132383636811865;4142.519999347021;3061.247742696683;1.0000238329129625;0.06462633055646116
a_ws[10];-0.027874869966792355;0.7870612860832246;0.012236903780617718;4146.693943174074;2624.908316141369;1.0034811854243018;0.06469144712162771
a_ws[11];-0.18405291009593597;0.7626212890600613;0.010736149714971287;5017.404333333451;2615.6875595118167;1.001484750316529;0.07827516367634683
σ_bw;0.013678554633020215;0.01017101419990374;0.00023937098787742755;1613.966377565783;2149.3915635123763;1.0022773926923172;0.02517905155316616
b_ws[1];-0.06374956486945063;0.8823793369427189;0.012179154251790714;5251.959857370139;2851.2688352313266;1.0009797439056867;0.08193440076696519
b_ws[2];-0.1500038067447706;0.8861167519424046;0.013167823155328906;4529.882211839979;2873.1756081811423;1.0009517490250748;0.07066946333399708
b_ws[3];-0.28637989301671646;0.9426246960482723;0.012766822609749064;5438.15093713253;3383.1400027550676;1.0005799610354817;0.08483911728475761
b_ws[4];-0.13681541520476065;0.878464418413163;0.012874617427564166;4672.827562885911;3092.2284188163862;1.0024529952611796;0.07289951497156551
b_ws[5];0.7637421598617566;0.7864093028692098;0.01358759666963722;3420.710626731445;2621.1792535928057;1.0015544036409663;0.053365578376445344
b_ws[6];-0.22646033601641116;0.8883912257700435;0.013375882930698683;4410.750730644106;3123.2968800287;1.0013295357554994;0.06881092541875251
b_ws[7];-0.2630116033531913;0.8909133608159209;0.01228416118838115;5267.661925001218;3039.589362387749;1.0018794396750534;0.08217936446377437
b_ws[8];-0.20791150424743052;0.7665684242297613;0.011698030227738897;4331.336537699657;2793.438679378176;1.0014674335514502;0.0675720061413775
b_ws[9];0.35339064429161554;0.9280695108418264;0.013393368812233101;4828.970098639909;3299.6226446544088;0.9995465966496093;0.07533545230708895
b_ws[10];0.45792072115440136;0.991068275955188;0.015278193421566867;4215.825733160934;2637.9048783752733;1.0013120427885964;0.06576995342029493
b_ws[11];-0.28173878195711777;0.9233911617940865;0.012879646792805946;5165.676049743245;2894.228457527951;1.0006870920658544;0.08058831049480121
σ_p[1];0.24888699716558016;0.041301930536883455;0.0014963387911907738;756.5846991418493;1350.8799620451382;1.003614784840082;0.011803272613870099
σ_p[2];0.04904601031814365;0.009960418821290238;0.00027773327872298133;1276.053125251602;2096.109036105585;1.0044474000385895;0.019907358586829866
L_p.L[1, 1];1.0;0.0;NaN;NaN;NaN;NaN;NaN
L_p.L[2, 1];-0.020957879221898387;0.2143846463989852;0.004840892561976712;1964.5224520134789;2423.5027597472827;1.0044440749753982;0.030647981757342194
L_p.L[2, 2];0.9759972399133258;0.03226652824269448;0.0007308799401279871;1965.7289508475744;2784.6792627277287;1.0019520519194962;0.03066680401830425
z_p[1, 1];0.5777224745094736;0.25023601023547154;0.011138565530264353;512.4680713364437;653.0695877760264;1.0052092279513754;0.007994875337485784
z_p[2, 1];0.9231881821725875;0.5195069996697527;0.009893376815031722;2810.1213769568208;2174.976228722866;1.001903285055371;0.04383994115649794
z_p[1, 2];0.5377594070398592;0.25063397283941846;0.011007166670620103;520.3371912992789;766.0968572895922;1.0041963768855375;0.008117639342967182
z_p[2, 2];1.1153890717996018;0.5198271556798294;0.00956364925686959;2967.804872694873;2423.491692403706;1.0011466140590415;0.046299918590637555
z_p[1, 3];1.0087538146708583;0.28288314024606376;0.012546963295757455;510.0912700127658;647.6740999553082;1.0042072701517146;0.00795779550491159
z_p[2, 3];-2.226796018314768;0.5785812547427299;0.012056932226621318;2311.217393220768;2844.0745812638975;1.0039051289198977;0.03605667546944181
z_p[1, 4];0.5182776910835719;0.24801422227260092;0.01143832710184054;471.79993122456887;641.1157208565933;1.0061650387371857;0.007360422717727574
z_p[2, 4];0.8481660110670642;0.5155877664496907;0.00947710012418374;2982.0219660021917;2528.7878875303422;1.0006825437495124;0.04652171560592671
z_p[1, 5];0.5745000872805074;0.24920276071593694;0.01112009599383577;504.30294413639666;627.5540616454563;1.003605278246953;0.007867493403409675
z_p[2, 5];0.35126989325331326;0.49715559032634465;0.008702362411823253;3265.9566744560343;3059.33282879548;1.002637974748303;0.05095130395501927
z_p[1, 6];0.3204593278003242;0.2428192321430903;0.011033355928069422;487.3112235977989;682.7896039617333;1.0046156141090166;0.007602410181500421
z_p[2, 6];-1.6665057656798117;0.553656747641004;0.010831492057199974;2708.9793021056066;2670.4502484212153;1.0028537087694656;0.04226205108872971
z_p[1, 7];0.8800900171810481;0.2688297631736743;0.011547615953308358;541.4213788842719;790.0710213295549;1.0034522692489842;0.008446568032894322
z_p[2, 7];0.23619235853832748;0.5208897460164088;0.00949430591350975;3012.3908949407128;2735.1537870368234;1.0008142718530646;0.046995493026563404
z_p[1, 8];-1.8242867654577737;0.3663510284153749;0.014321898191332071;651.7205124318876;1125.1387926126051;1.0047089888066876;0.010167314888881278
z_p[2, 8];-0.2528656847081285;0.5830603894105547;0.01138868915583124;2617.805736195609;2666.1732947779847;1.001287241894501;0.04083967702428595
z_p[1, 9];0.032608225012642336;0.23536529391798056;0.010382947181450834;516.9716281503231;727.8096870940121;1.004591129591812;0.008065134105428837
z_p[2, 9];0.4364833321447662;0.4946968884010513;0.00867834841730346;3262.9295265817;2620.6366756164243;1.0029052119920239;0.05090407824236107
z_p[1, 10];0.14891921375817282;0.2337587547488558;0.01064286213330011;487.81022977672365;568.5956788129456;1.0069801243831096;0.0076101950415068875
z_p[2, 10];0.07657536859471793;0.48672327470080373;0.008317582499012773;3389.4075234829966;2440.618448531566;1.0005111446775705;0.05287722715586074
z_p[1, 11];-0.48386405970474006;0.2501200226991866;0.01070096299605309;544.2931868830171;948.1000262406882;1.0053507455341966;0.008491370330300455
z_p[2, 11];-0.32819905844255093;0.4896701686408195;0.008517290236181694;3307.869764390306;2653.9903898735733;1.0008817770813976;0.051605178699175455
z_p[1, 12];-1.839660403271012;0.36996297689511554;0.014300892077886266;667.8994716542467;1098.4449106241118;1.0047311226956541;0.010419718442015238
z_p[2, 12];0.9720398190850309;0.5995786330414409;0.012580789440009017;2292.220454291032;2381.61779138093;1.0051573022951972;0.0357603093794706
z_p[1, 13];-0.6585363103338502;0.25834211445509053;0.010872812692813547;564.9755943780497;963.8967767453214;1.0046552037042342;0.008814030958055564
z_p[2, 13];-0.022415145820793875;0.49353872548474714;0.008760476402095428;3182.391364409936;2579.4917663104434;1.0006996822746226;0.04964762422602735
z_p[1, 14];-2.1073344608554763;0.4027006184330635;0.015400625691368948;681.9561680398634;1149.638434004778;1.004965794121573;0.010639013148448007
z_p[2, 14];-0.12328088324929413;0.618437209664285;0.01185451728304433;2716.323229295713;3083.7135946404155;1.001387052457892;0.04237662170425969
z_p[1, 15];0.3518433851992861;0.2395861092329611;0.010441199055803827;531.7426290690958;732.3481751572511;1.004747014753185;0.008295572483077433
z_p[2, 15];-0.9287359015266182;0.4994522724860673;0.009238317894493801;2982.338293073686;2519.3469244537328;1.0015201660425324;0.046526650538742866
z_p[1, 16];0.7090096251435173;0.25736035915507155;0.011538665078369767;499.07520340285714;820.7488982470315;1.0049798762003674;0.0077859368386224296
z_p[2, 16];0.3672774283605546;0.4982734416008292;0.008165438384420807;3692.470918965133;2980.87398066084;1.0002908374316106;0.057605236961264066
z_p[1, 17];0.5756242478359552;0.24977255027153217;0.011042896149956466;512.2878632314238;822.0755904429064;1.0045028926313653;0.007992063959733642
z_p[2, 17];-0.8896616576907384;0.5240131290044594;0.00957349722793087;3068.3284725892827;2772.615138177733;1.0027359347629061;0.047868159998410015
z_p[1, 18];0.13665104165317243;0.23581677848395372;0.01051019864546847;509.1347913666414;628.2676657089444;1.0053251080875618;0.007942873741066303
z_p[2, 18];-0.1611886842257728;0.4936445234386812;0.008778381501986772;3159.39682093134;2878.5848909783313;1.0012655544553983;0.049288892592124094
z_p[1, 19];-1.4655542564214643;0.32773092529469633;0.012805186666798736;652.233825687028;1019.4143964292017;1.0042570783560405;0.010175322949701972
z_p[2, 19];-0.0012086794674695228;0.5657003320417333;0.011214677581755124;2547.550487579458;2909.9919658215913;1.0021494715555048;0.039743643952361275
z_p[1, 20];0.20386775274310825;0.23791968243137937;0.01057805011997854;515.1668325525318;635.1972226114875;1.0048695274546582;0.008036977978986939
z_p[2, 20];-0.36057083282944186;0.5100353063984424;0.008781157217783839;3375.117190166073;2693.350663725801;1.0024268567551098;0.052654287543053305
z_p[1, 21];1.1176042989390282;0.28774304049286736;0.012388439037371418;542.278628687397;788.0517596141717;1.0040006371279775;0.008459941754482862
z_p[2, 21];0.90337730949552;0.536533635146059;0.010091592334840381;2831.117755061768;2793.0273259330456;1.000707513968452;0.04416749995455146
z_p[1, 22];0.7082719617767504;0.25725535712109465;0.011382748666936327;513.2446667261434;611.3205284784286;1.0036358740615636;0.008006990791453724
z_p[2, 22];1.2817432674014173;0.5270204512464272;0.010715041201702387;2436.446692689185;2660.736459942597;1.001725499366901;0.03801034379308917
z_p[1, 23];0.14914358941323747;0.23714666567281517;0.010655387250813424;499.39204498233886;679.9291627821681;1.00574410884557;0.007790879798138098
z_p[2, 23];-0.5600459111719507;0.49116100949093916;0.008853298205791265;3104.4468198498885;2739.082250871941;1.0011441120910498;0.04843163253435068
a_e;-0.009816681472718776;0.05587247702950686;0.0026672448011758236;447.7753503171907;547.2668469754406;1.0068635456600337;0.006985621749368845
b_e;0.03439533771024128;0.01358966563029205;0.0003695636959049573;1356.9589475041698;2028.277310005853;1.0029295951661956;0.021169548368330238
σ;0.9696199453209923;0.0034458199009348603;4.359260296255217e-5;6242.434998071382;2881.686358951532;1.0001999606780845;0.09738653470017634
