parameters;mean;std;mcse;ess_bulk;ess_tail;rhat;ess_per_sec
σ_aw;0.029759869492872307;0.011302394549521698;0.00027481482723114254;1694.0584816988785;2416.206971384547;1.0016624579604312;0.0301125224111711
a_ws[1];-0.020365205922636128;0.6994380779811308;0.009785306247374436;5092.5118730119475;2713.218630739969;1.0013517214522398;0.09052130110138966
a_ws[2];-0.4835870074306787;0.6508354626877975;0.00999607222330241;4258.250789179893;2918.9002852246117;1.0005975920463566;0.07569199865696197
a_ws[3];-0.3655633244580245;0.6971066868882171;0.011226123608524213;3864.7823847802297;2738.0034139252725;1.0010682299693667;0.06869795076925826
a_ws[4];-0.3230441032893102;0.6424982692643154;0.010246781637394776;3929.828715388562;2770.406142246364;0.9998005986818345;0.06985417359708151
a_ws[5];1.5863109250209546;0.6321982032882157;0.012698779671121846;2433.9399195294436;2928.870508857765;1.0009677330117928;0.04326419138775761
a_ws[6];-0.1603036485798172;0.5842498321730301;0.00978094948556824;3593.418338894743;3014.5332219336565;0.9998448895742894;0.06387435347224046
a_ws[7];0.6946359878328667;0.6954507215903549;0.010185805877587302;4691.0498462057585;3269.396944979068;1.0014557191605407;0.08338516358899864
a_ws[8];0.1482907516363783;0.5107908867707619;0.009066249581786973;3172.1950414004896;3021.4044077186895;0.9994685766013454;0.056386951990573246
a_ws[9];-1.1669056027367062;0.679674144007063;0.01045373094234851;4221.436764662648;2731.7357366515434;1.0005345066226827;0.07503761561747609
a_ws[10];0.09255753625692621;0.7960828584709685;0.010914457002269742;5315.98187723548;2997.9071966667343;1.000177087178209;0.0944935639146883
a_ws[11];-0.09335274337924838;0.7858123391881965;0.010073199143190601;6100.056335252878;2814.4005799554907;0.9993331027204682;0.10843078033557484
σ_bw;0.013351968213726934;0.011491575915216743;0.0003065827923054133;1305.8685008367727;2015.3454501520116;1.0008626073678473;0.023212300473862534
b_ws[1];-0.16877380862265567;0.876572272929523;0.011882829411971765;5578.3614193425265;3303.901838535199;1.000611895052506;0.09915745830044047
b_ws[2];0.16113910449289237;0.8815007637166067;0.010861447617622576;6581.450925987011;3127.7704012737704;1.0016716998301904;0.11698774903453078
b_ws[3];0.40516067403016254;0.9807428014518621;0.014401460352250213;4668.992324730368;3061.1311716989508;1.001454479870899;0.08299308290410015
b_ws[4];0.044821636679171876;0.8867458216516745;0.012661244062097215;4914.502307670475;2463.3455737927097;1.0019693513151258;0.08735711457320536
b_ws[5];-0.3518444688327505;0.7932466550998;0.011429697561042982;4900.342121191207;2909.1212171605293;1.0008507769625834;0.08710541196830138
b_ws[6];-0.2671263496535012;0.9241843823325953;0.014227545872436794;4260.295079461067;2611.6010720575205;1.0015957330279996;0.07572833668045514
b_ws[7];0.27199595846194813;0.9009432465691299;0.012973357945589369;4816.472440318346;2999.5987110904516;1.0014487740856493;0.08561459705713663
b_ws[8];-0.5047537830313913;0.8215157132120052;0.012685034784639117;4351.194611871327;2791.102610827376;1.0010406781631214;0.0773441098290444
b_ws[9];-0.16396191169653435;0.9172840377314303;0.011898623807872093;5919.867019356427;2403.3099556496295;1.0009022732697928;0.10522784792692265
b_ws[10];0.5376345236890393;0.9934826052366696;0.016107051310444296;3828.1658592640897;2606.8614741083647;1.0002281921113965;0.06804707834830251
b_ws[11];-0.011732459041594175;0.9374993442634643;0.011784331210979314;6315.432911880387;3125.9878610756477;1.0018611539882594;0.11225917944965572
σ_p[1];0.22355169595970562;0.03747912271070719;0.0014416004901644489;625.7803238379607;1441.1640078918153;1.0064988974637026;0.011123479047277672
σ_p[2];0.051905710520324944;0.010136027123690255;0.00027148235690465457;1423.19509464482;2280.3907798509954;1.0018663284456375;0.025297824511927705
L_p.L[1, 1];1.0;0.0;NaN;NaN;NaN;NaN;NaN
L_p.L[2, 1];0.19936980815537453;0.21277589412556364;0.005073346946908874;1745.4147423222753;2264.5502822157105;1.0040286795450404;0.031025399130412287
L_p.L[2, 2];0.9551062235266148;0.05255672367514265;0.0012407966443630499;1878.3078182547133;2292.175259893873;1.0030003645709713;0.0333876232038645
z_p[1, 1];-0.962914111966771;0.2775536952896679;0.012404569159743726;502.14641709192574;1049.2199926763376;1.0055541457217962;0.008925840165332407
z_p[2, 1];-0.06719616404907965;0.5154359935875263;0.008982317798016505;3294.0678179106876;2881.3600953217474;0.9998037173421265;0.05855328612461958
z_p[1, 2];1.1071825853402197;0.28630793657094983;0.012449414302984258;527.442576078391;1213.9992829634077;1.0050190992918375;0.009375488841942782
z_p[2, 2];1.3494997408486273;0.5460986134395693;0.010614812033363676;2661.389979391917;2582.8296025166514;1.0011219371612547;0.047307201176984226
z_p[1, 3];-0.7829521947983259;0.2669328135637309;0.011782708507838042;510.47153732125327;853.8224580928126;1.006304648226333;0.009073822287667354
z_p[2, 3];-0.5598616312897304;0.5108398760322647;0.008281963196489564;3794.791310526943;2875.366293346635;1.0002731320063163;0.06745383327579343
z_p[1, 4];1.2250750133224741;0.3054074215567891;0.01335032717887301;523.4129843684422;1143.1997631186443;1.0049964941362102;0.009303861343846013
z_p[2, 4];-0.366281775208334;0.5287322748047901;0.008620704488688806;3755.8560246107527;3089.6542613306874;1.0010160979567584;0.06676174402243965
z_p[1, 5];0.732498784469849;0.25971782427050905;0.011607659636522114;499.75743199851223;921.3847935984874;1.0041439123572269;0.00888337506277395
z_p[2, 5];0.591442693922846;0.494399320090041;0.00859374182736564;3319.3039131752766;2784.3417467814065;1.0001863620456173;0.05900186714613385
z_p[1, 6];-2.70476574299041;0.4810614587117573;0.020489369126143183;555.3964488889515;1360.2691207963323;1.0073538324832836;0.009872379374696334
z_p[2, 6];1.0321536913502793;0.716264432605566;0.014717723111129538;2369.891508331174;2582.6019698281093;1.001110616280063;0.04212570695027016
z_p[1, 7];0.09541786449930507;0.2318700135037786;0.010526510062389676;485.168611823596;1085.1421014036853;1.0047145187866586;0.008624053333792578
z_p[2, 7];-0.4877418602143601;0.48533373181936806;0.007256771925146373;4481.626378931929;2882.526907726773;1.0004341608345382;0.0796625832177566
z_p[1, 8];0.43765748873019117;0.24194172075226966;0.011119571560029528;473.79531681361027;916.9688228871906;1.0045768118880343;0.008421888765935628
z_p[2, 8];0.6172680727729346;0.48227874071144067;0.009312706172228503;2726.9075733877953;2203.818900362489;1.0047766538954457;0.04847180088758476
z_p[1, 9];-0.22188146732560313;0.23565308776477076;0.010811063911142543;475.90724262507706;1029.8245437903197;1.006273002712583;0.008459429036248342
z_p[2, 9];-0.9396830388808399;0.4822755450774731;0.008031966787446922;3621.1926542784595;3139.348375379208;1.0009735030549116;0.06436805230464934
z_p[1, 10];-0.22822634616694587;0.2364265536417748;0.011085015940072876;455.2566739974942;764.701853838477;1.0062289203511443;0.008092357463856163
z_p[2, 10];-1.381088901940134;0.5168727933575576;0.008519585700046692;3703.5524240203977;2633.6691357878826;1.0008160137039772;0.06583202798136027
z_p[1, 11];0.5856209425046942;0.24813680638934485;0.011062800576443887;503.78269438064683;1095.7654391404285;1.00381308174431;0.008954925605451388
z_p[2, 11];-1.8926882145541395;0.5362694586046121;0.009839251583554086;2990.5647303740243;2903.502602381349;1.002066838511215;0.053158405355130355
z_p[1, 12];-0.1433112101479174;0.23446636371936264;0.010716112192351883;478.8867731759252;916.2581301143766;1.0059653612081565;0.00851239130494004
z_p[2, 12];0.008602899776890804;0.4734662835243608;0.007725629421607449;3774.4545478908035;2866.2312703095713;1.000924179310656;0.06709233972213684
z_p[1, 13];0.4093924056327181;0.23885220226484216;0.011044156224882315;467.7693051704424;1029.6910841272033;1.0035268562130613;0.008314774157664904
z_p[2, 13];0.10419681096037468;0.48167713810826357;0.007255921161212792;4455.328250149666;2912.609553543918;1.000343653542636;0.07919512415369075
z_p[1, 14];-0.08554420898302287;0.23412030825540658;0.010857827708909286;465.0261051234313;894.2226556763329;1.0045664942083907;0.00826601275197181
z_p[2, 14];1.2214203985851078;0.5041709990920787;0.008440423399085099;3555.4563982039886;2800.6316074165775;1.0001656389627;0.06319956579390984
z_p[1, 15];-0.969569516888571;0.27848433504327424;0.012509534828802585;494.4824495189406;1145.718422798254;1.0067094259014846;0.00878961027847008
z_p[2, 15];0.666374871424751;0.5329731485387819;0.00991802890300645;2892.2408572209256;2966.7893840173406;1.0007265561138246;0.05141066177610903
z_p[1, 16];-0.4288982133560914;0.24385304750643702;0.011042833657199935;486.80049393485086;901.4416289723969;1.0055960211998516;0.008653060647990062
z_p[2, 16];-0.5407949762411977;0.4978421483930324;0.007695393691984837;4183.916574345791;3053.5433974561915;0.9999223341888753;0.0743706802170791
z_p[1, 17];0.11337798349518594;0.23537621535879363;0.010978255238368583;459.3144980000914;845.5094581322628;1.0053693456478923;0.008164486801502321
z_p[2, 17];0.5991652987972674;0.47676683428711625;0.007433014779841828;4102.66017940798;3230.9689386867994;1.0008060211868623;0.07292631743973152
z_p[1, 18];-0.004504289538966491;0.23283349925147148;0.01063984876997388;477.64723926647235;914.1790983429578;1.004226925820666;0.00849035812661058
z_p[2, 18];-0.6002941238816443;0.48806377081741353;0.00783783084677395;3859.463209209641;2658.1393527735704;1.000559357927086;0.06860340043625106
z_p[1, 19];-0.523257222977703;0.24374724335141743;0.011297353908563842;466.5627269926901;751.539294560463;1.0052663635738714;0.008293326779778658
z_p[2, 19];-0.9824322813565453;0.502766636651715;0.008663383044507247;3402.0945486372525;2707.866037322519;1.000109621132255;0.060473501621989556
z_p[1, 20];0.7975186417104299;0.2630281283158799;0.011439744106598924;528.6566680134019;1223.2168082057067;1.0040152234685011;0.009397069779671434
z_p[2, 20];-0.47650153464740275;0.5104269724007526;0.008570079438650964;3539.902803895718;2249.2647461670663;1.0028740125268667;0.06292309484426921
z_p[1, 21];2.1230210733967194;0.40167185921728815;0.016227770704832698;610.6142660789282;1581.4704116117387;1.0046581488018989;0.010853896704583105
z_p[2, 21];1.1721781477770963;0.6297375683583737;0.013951858525011303;2038.266265991045;2270.681477545106;1.0025428837867432;0.03623094437273346
z_p[1, 22];0.32965013426435097;0.24166520801352137;0.010903650449614942;491.02660572730053;891.6272367661902;1.004247824128764;0.008728181363973039
z_p[2, 22];0.23107136863911745;0.4919739742772972;0.008001039261446376;3763.6203423077236;3149.988916021046;1.0009728789520658;0.06689975767024654
z_p[1, 23];-0.5533538376386004;0.25005884263297823;0.011183376741077763;497.5077732254315;953.8609689700271;1.0044519721980867;0.008843386537611615
z_p[2, 23];0.6713438235827545;0.5051826188135736;0.008313780823561729;3677.56534533009;3286.6725352145877;0.9997107232398142;0.06537009794888703
a_e;-0.010937973657430237;0.04833105611059613;0.0024133165060441996;400.0491261716608;802.7098709489205;1.0060462538365769;0.0071110226757536655
b_e;0.027587836236745288;0.014536604706771612;0.00038771154833197895;1434.0249922390838;1865.551288386822;1.0016859318390543;0.025490329987707328
σ;0.9800965490870094;0.0033508874200500927;3.936336457075728e-5;7247.488193466853;2519.377465441991;1.0017157258038423;0.12882681029500673
