parameters;mean;std;mcse;ess_bulk;ess_tail;rhat;ess_per_sec
σ_aw;0.06034555112458576;0.017366794542120607;0.00042904960101449574;1688.0452079319944;2271.765146759207;1.001601725844467;0.03335535243890442
a_ws[1];-0.2839406194068597;0.5281530945927545;0.009635061399874998;3020.515835275036;2941.9393577346445;0.9997598520619078;0.05968463981857379
a_ws[2];-0.4920029918239438;0.46532385484051136;0.008932229562097606;2714.496953075516;3254.408664430743;1.0005021250527448;0.05363778300409932
a_ws[3];-0.14972955323590714;0.575362139106107;0.009180058377921433;3926.854855265466;3296.1427606192956;1.0002884932863132;0.07759367288170367
a_ws[4];1.0985796247018589;0.521697246774068;0.009746725071819342;2845.14766586533;2878.587309853845;1.0005370452357498;0.056219408514494945
a_ws[5];-1.9502886440405496;0.6056503793588107;0.01416529018771763;1802.518651507933;2620.0903819206196;1.0005560569589003;0.03561731914301197
a_ws[6];0.37170983263574386;0.44624269384080845;0.00840765783811687;2801.2971305770557;3104.5321779459214;1.0003907890977637;0.055352932870180366
a_ws[7];-0.46166931115963294;0.5439204361393692;0.009609548425313436;3226.2196161793727;2541.2268185982357;1.0007926436521355;0.06374929524239686
a_ws[8];0.863126993684473;0.4283898080996166;0.009256777830051986;2118.165933242533;2872.626046157286;1.0007531140571368;0.041854430731710544
a_ws[9];0.46863694196725;0.47273562010297715;0.008776073224330392;2889.99403958287;3309.6194676000905;1.0002861949512507;0.057105561677885594
a_ws[10];0.3726661985341066;0.675948187981335;0.010399124703511852;4213.120074743841;3123.5192248545436;1.0025210982007922;0.0832502022458664
a_ws[11];0.20382440336576446;0.6439769299195278;0.009997715341643797;4146.00121896224;3060.2632808405956;1.0002303456939596;0.0819239503899496
σ_bw;0.04631291916851364;0.014036137640147108;0.00030641935650461613;2120.177775107654;2762.721685050442;1.000643455646128;0.04189418422536529
b_ws[1];-0.23338698972662508;0.5690086448283598;0.009801367268524812;3402.0789874722072;2638.1784089779217;1.002786038083404;0.06722423257321802
b_ws[2];-0.851840824973567;0.5827463283246018;0.010239905270165791;3210.98772656115;3105.3629230969887;1.0012528143063342;0.06344831690121326
b_ws[3];0.14088737920439776;0.7537845377015086;0.01105536856964988;4622.795029889451;3455.597723428912;1.0001312608026374;0.09134527721783049
b_ws[4];-0.41668062075335566;0.5810229150184565;0.009486470944014974;3721.9327533750898;2728.8438364590465;1.0008030686473777;0.07354446324030528
b_ws[5];2.026716565299377;0.6293338481606978;0.013148317726713954;2249.7292575015695;2375.752373538076;1.001092565092497;0.04445408921720225
b_ws[6];-0.1408273655111991;0.5904316815178257;0.00983753466960719;3604.794889647843;2824.5074287742714;1.0001242946535938;0.07122984825831122
b_ws[7];-0.4518545081583209;0.6290991815358314;0.009772943247765606;4162.32281216504;3219.022425993139;0.9999999083846607;0.08224646100227541
b_ws[8];0.21808568624265126;0.43219091460396347;0.008740718908767847;2445.167212528535;2889.312611167762;1.0003532840707785;0.0483158944812031
b_ws[9];0.16938532323493247;0.5886023765632815;0.009575337114836784;3789.1912480825413;3132.626212596341;1.00005168602795;0.0748734743265816
b_ws[10];-0.1797811737960262;0.7880054586253159;0.011063326074857903;5065.139600502586;2901.3063982396416;1.0017734079497578;0.10008589564612046
b_ws[11];-0.370199146200055;0.7209480989771182;0.011099433577241776;4203.354589064921;2773.3993079655374;1.000553045260299;0.08305723868361888
σ_p[1];0.15799723071558117;0.024956517308005476;0.0008919712189633906;759.7016368060004;1500.225751312217;1.0016262126278292;0.015011514931593924
σ_p[2];0.05378231989441613;0.009832774375204833;0.0002673293992578374;1341.021051530665;1822.074283208032;1.0002744689380356;0.026498241629792637
L_p.L[1, 1];1.0;0.0;NaN;NaN;NaN;NaN;NaN
L_p.L[2, 1];0.8518719445663758;0.08919713280048651;0.0019510550745598747;1982.9327345668662;2625.4642173072916;1.0018764161698888;0.039182256442733224
L_p.L[2, 2];0.49769224945373536;0.13662775052028284;0.0030507190848372973;1982.9327345668662;2625.4642173072916;1.0018764161698888;0.039182256442733224
z_p[1, 1];0.1279314001626003;0.2589954256670228;0.008936130541788812;836.9936075181419;1888.3572536962276;1.0024296003612612;0.016538785002138633
z_p[2, 1];-0.5860192089605346;0.7491008422024844;0.010247268167701036;5389.770076842624;2268.987481108272;1.0015644042315086;0.10650051292049834
z_p[1, 2];-0.2638037882312901;0.25609074024050515;0.008907285112958865;831.0646776998543;1629.2467159865828;1.0018193854188044;0.016421630827152537
z_p[2, 2];-0.5819619870289358;0.7237551027035001;0.009145918303615622;6381.13407362641;2676.270573319772;1.0000505350000326;0.12608961832631532
z_p[1, 3];-1.5256816298832354;0.33542312169391014;0.011725722918572521;817.4378319851396;1874.9234142562984;1.0030589478105543;0.016152367753326617
z_p[2, 3];0.08773148061263455;0.7483457602635816;0.010748630240446541;4908.696355096281;2761.6490069844936;1.0024304019449994;0.096994616121915
z_p[1, 4];0.36342240870004583;0.2638155884312627;0.009444515091806764;781.8348292377393;1431.677214502044;1.0027467277838344;0.015448861295713627
z_p[2, 4];0.6576846948460905;0.7283368810048644;0.009597649568894915;5796.917008410525;2689.866958059026;1.0005098303019424;0.11454563477686332
z_p[1, 5];0.4746091384877908;0.26630048391360567;0.009562448378412584;777.6054727826842;1500.7585811703213;1.0016012369721645;0.015365290266640925
z_p[2, 5];-0.11135591052405514;0.6965485133793388;0.009376173875363152;5527.784377254956;2761.273084821918;1.000418804459662;0.10922764108639733
z_p[1, 6];-2.0614088077214694;0.394229762775612;0.014048937697601757;781.6792251347308;1927.7387150086906;1.002237476436994;0.015445786597433984
z_p[2, 6];-0.12001266094840654;0.7641488403972366;0.010861312695511743;4935.695949277005;3240.9659222648156;0.9998361499892584;0.0975281213712849
z_p[1, 7];0.2632246888913185;0.25584812244507044;0.00899575590263699;807.7805633660854;1440.746090855555;1.0026480701909166;0.015961542533200933
z_p[2, 7];-0.4549857658364287;0.7082074739528033;0.00867401539047174;6681.0050951158155;2655.393382057669;1.001913107871471;0.13201499494596589
z_p[1, 8];-0.02432508404297661;0.2591955126206506;0.009133845072052619;802.4092464237876;1479.2336150333037;1.0033442197969944;0.015855406649618237
z_p[2, 8];-0.25319877991612116;0.7050829338990355;0.009602212781506358;5388.299174509651;2932.5051275054198;1.0038749367366149;0.10647144825712973
z_p[1, 9];0.5813598394176552;0.27028187949249016;0.009806158194495049;759.7682084750525;1429.795920853223;1.0021093219596307;0.015012830371176492
z_p[2, 9];0.1900075364441916;0.745999174413233;0.009285057253642126;6437.1348150729855;2870.4652383609155;1.0022763028776103;0.12719617901498248
z_p[1, 10];1.2740664593333553;0.3182308215475285;0.011984515311046233;703.8954270752713;1439.8767037393318;1.002399471686958;0.013908798141130527
z_p[2, 10];-0.03305191332133971;0.7418957918162266;0.010210781551597199;5287.63144818667;3104.846173807661;1.0014109420754203;0.10448227908384687
z_p[1, 11];2.260954898702988;0.4210630220348402;0.01636150520314294;666.8387337277683;1548.4667640739542;1.0055552166524437;0.01317656711969916
z_p[2, 11];0.6941816254359606;0.7842512027632786;0.011339782826575485;4785.305004742792;3072.3903303003226;1.000688643473198;0.09455643380332938
z_p[1, 12];1.105792091433614;0.3035959764636031;0.010818746166631971;786.13337424047;1287.8274296240086;1.0025433649978257;0.015533799473238045
z_p[2, 12];0.012696326688579144;0.7211402487499973;0.01044702523347305;4839.888717632645;2911.791224716189;0.9999205930929668;0.09563499436101462
z_p[1, 13];-0.7039879329820733;0.27123976276759904;0.009733989093282344;775.1389290171427;1781.7338894400036;1.0017995338363743;0.015316551976801868
z_p[2, 13];0.1661792611850283;0.7214375507533195;0.009005926649328339;6500.900958565592;2979.7837050095804;1.000604342862219;0.1284561821119797
z_p[1, 14];-0.5493823135614628;0.2728598547008104;0.009583605381707896;806.9231127379935;1672.6695631605876;1.0023404715848667;0.01594459952257268
z_p[2, 14];0.7895412764651221;0.6980704323175112;0.009179673001532735;5884.665117548237;2505.5243548109343;1.0016590818009603;0.11627951553573321
z_p[1, 15];-1.7283731544082988;0.3570536385053991;0.012589588674461203;802.1991050174419;1822.8368530343364;1.0026156141202447;0.015851254307822096
z_p[2, 15];-0.002760934201318858;0.7575676659492167;0.01000825634718445;5736.250095770126;3293.184226691881;0.999362651061849;0.11334687170879372
z_p[1, 16];0.24703763152193167;0.2599598478586634;0.009199763803649418;800.0887163105896;1684.051084188802;1.0036257597556357;0.015809553553144808
z_p[2, 16];-1.335308115078662;0.7135168739011979;0.00897219561424888;6330.182298950326;2922.5179968187817;1.000116506806959;0.12508282396220557
z_p[1, 17];0.0832729085934309;0.25595597876175674;0.009025647271723494;804.3857892956386;1681.268361312475;1.0023316390670252;0.015894462643966847
z_p[2, 17];-0.09009708275818683;0.7166097383058562;0.009259686852997325;5994.190594687018;3360.2203277259705;1.0013014381339667;0.1184437116566883
z_p[1, 18];0.5815301962198645;0.26607737946568694;0.00970035024608525;753.7071872763759;1420.3571246192296;1.0035083449355662;0.01489306610344743
z_p[2, 18];0.22622404079265473;0.6968092945144564;0.00836555858006238;6927.719760894297;3081.0999079979497;1.0006473200420847;0.13689001522991273
z_p[1, 19];0.8608075608023037;0.28391783679629323;0.010168806374657264;781.0509097500851;1361.6418264892152;1.0038872912751005;0.015433371242087358
z_p[2, 19];0.011089830508511265;0.7217622942526948;0.009121364656915562;6252.185804353218;3103.7351441274864;1.0000113174830192;0.12354163267534848
z_p[1, 20];0.6186075366747257;0.26726150933520576;0.009234881394050754;835.943557692383;1649.9234847583887;1.0015235679472514;0.016518036279384044
z_p[2, 20];0.5601454635983527;0.74560892286541;0.009470500983462608;6182.679382152316;3025.1662873552186;1.001811866586053;0.1221682031022634
z_p[1, 21];-0.3388239482554543;0.25794911552613314;0.008728681419891037;871.4195239620377;1918.1002175934116;1.001903618226141;0.017219032527869996
z_p[2, 21];1.4296561441171496;0.6862567367079301;0.008515458506343835;6487.631776386556;3035.451717180721;0.9999465215441734;0.12819398638044477
z_p[1, 22];-0.5538482647726092;0.26176639978083505;0.009742202613665946;723.4339746643857;1336.550378689813;1.0025015626300395;0.01429487497006666
z_p[2, 22];-0.6625451609813404;0.7253408080358689;0.008905097991327575;6679.919066594278;2955.007427959194;1.001266000472649;0.13199353529315305
z_p[1, 23];-0.9016295792707751;0.28296243344283595;0.010039359265709053;793.7560375527004;1846.7812391334344;1.002514007672514;0.0156844213997764
z_p[2, 23];-0.7023851973835454;0.7079287810762225;0.00926896064928692;5827.346764874633;3288.595981064919;1.0023985503662778;0.11514691917773182
a_e;-0.011430237108701849;0.038819926996858344;0.001491741315847863;676.371744787039;1349.1731920054403;1.0032178325184757;0.013364937041423887
b_e;-0.0030085129883396593;0.020957846964119457;0.0006219873838574504;1136.486372719122;1864.3470930522876;1.0016775177981645;0.0224566873718382
σ;0.9870690723696921;0.0034688815434177184;4.9117539497968385e-5;5012.386079127521;2092.8407979212197;1.0030489632024107;0.09904349921645714
