parameters;mean;std;mcse;ess_bulk;ess_tail;rhat;ess_per_sec
σ_aw;0.05862203279010659;0.01883152749961201;0.0005231671627095563;1239.1707890704881;2168.163927099604;1.002722237595377;0.020442756952730158
a_ws[1];0.9468435815219027;0.5286431250836652;0.01093785793666445;2335.4384993914223;2914.899036673052;1.0001337901123286;0.03852802377380114
a_ws[2];0.5545454040271318;0.46362545447919357;0.009298809718210482;2466.0506757372154;2727.093807092931;1.0013513997066417;0.04068274933677783
a_ws[3];-0.9251104776501159;0.5435330868484176;0.011277862038288872;2333.941610429272;2522.74217822457;1.002038008132361;0.038503329407610164
a_ws[4];-0.6793895058239109;0.48508961282482355;0.010555125441338888;2121.5789112974953;2504.6634042262513;1.0016487731767032;0.034999955149221544
a_ws[5];1.8127839980319764;0.585813587238314;0.015731668807486596;1400.245663955532;2186.3363361287034;1.0011379173885377;0.023100029499427566
a_ws[6];-0.37705883597983575;0.4333564693749951;0.009669006053260326;2012.3639968430607;2374.2739133498617;1.0003783347641373;0.033198222917073014
a_ws[7];-0.696573911544122;0.518496617383827;0.010863088073021361;2276.8859235981377;2764.102820176003;1.0004875435524827;0.03756207453867086
a_ws[8];0.11429701611919711;0.37029612417487223;0.008863987046530191;1741.5331601055611;2318.6780303991854;1.0008902043939427;0.02873029241099464
a_ws[9];0.44012236618368666;0.4712643852272119;0.009690688561803244;2362.0821870716923;2644.5288228399218;1.0001018131089738;0.038967568053230754
a_ws[10];-0.44919246411661223;0.6154489828902614;0.010804154036700353;3262.781779814213;2519.153481885119;1.000807316042224;0.053826522948116524
a_ws[11];-0.7211814117323336;0.5841550441663834;0.011130842240115305;2749.272410327275;2798.9994467481365;1.0006224211973997;0.045355094049081966
σ_bw;0.01572325880888891;0.010976803271942562;0.000289202631399512;1295.7859135410854;1771.9536025488935;1.0028042902460859;0.02137674380878665
b_ws[1];-0.3583560576503908;0.8634219053319857;0.014210732006792423;3684.85794187134;2876.138897173444;1.0033533652271756;0.060789566680730024
b_ws[2];-0.7162921464204098;0.8820220058523697;0.014901597614081991;3662.577837926196;2967.0685315651995;1.00062362697911;0.060422008993081665
b_ws[3];-0.07211077084139345;0.9278203419181611;0.01406423319106631;4353.4502999679535;3087.1663453501283;1.0017267552353313;0.071819419222101
b_ws[4];0.3759500634820296;0.8702359463474311;0.013399132858510536;4234.850021664544;3142.9304996729365;1.0009434681786231;0.06986285545763282
b_ws[5];-0.20351050717489683;0.7427252904205972;0.012547139559504102;3547.105791285468;2642.998154355092;1.0008659169834997;0.0585170520612923
b_ws[6];0.07486528161188595;0.8714309750696422;0.013550407259187878;4169.7243830773805;2981.913090375985;1.0004380338152992;0.06878846957574208
b_ws[7];-0.12349329525852909;0.8967461796816101;0.012884723454898125;4866.174672896417;2814.209238219361;1.001394352669214;0.0802778979338045
b_ws[8];0.6438251290658823;0.7562291294970517;0.012706190101120618;3671.435524335161;2600.238465246709;1.0012229662244159;0.06056813536405414
b_ws[9];0.30177925605501604;0.894703066040767;0.014259862012691804;3928.678340713707;2833.9539836147155;1.000722413162774;0.06481190258278195
b_ws[10];0.33224695876517935;0.9637881652946614;0.014980552947271403;4153.263716464582;2498.4695092342754;1.0010043839155522;0.06851691588046997
b_ws[11];-0.1660688769008554;0.9360995837203397;0.013400128738487055;4890.654524736336;3105.721972570692;1.0023641885396217;0.08068174514019134
σ_p[1];0.2224465741781264;0.03637040288502606;0.0013925053599126089;661.2026457005488;1002.1302954856787;1.0046797378393593;0.010907943523021175
σ_p[2];0.038921193086763305;0.008937199696586802;0.0002365393882758393;1468.3629521926284;2403.032659931358;1.0009734478600527;0.024223769003289302
L_p.L[1, 1];1.0;0.0;NaN;NaN;NaN;NaN;NaN
L_p.L[2, 1];-0.20512424906183507;0.21696668279756573;0.004752405909332495;2032.0041354057018;2472.0603835810625;1.0022484017550881;0.033522228762510334
L_p.L[2, 2];0.9528443996064757;0.05430982568436578;0.0012868190912100445;2113.088102180267;2472.0603835810625;1.0030023956397642;0.03485988119924914
z_p[1, 1];0.2334120172962306;0.23547383746120698;0.00976613280309666;581.7816041548953;1202.2215014646617;1.0040106756973932;0.009597724573728202
z_p[2, 1];0.12791435191344266;0.574628007756371;0.008527193688073064;4556.244695273635;2903.6481596803;1.0001197166681173;0.07516494396427124
z_p[1, 2];-0.7783818903375156;0.2533317977000008;0.010298901346531908;602.2067882280483;1129.0885668935912;1.0037492498447251;0.009934681414064511
z_p[2, 2];1.0790074250700545;0.5930478181509306;0.009959602961173;3537.266610348005;3060.1763226348885;1.0014928112965102;0.05835473385116941
z_p[1, 3];-1.893996269960799;0.3567118085219081;0.01440798623418908;616.2139158490199;1077.6465455746668;1.0038799048353073;0.010165758766828924
z_p[2, 3];-1.1410965853476773;0.6655872403108545;0.011445738145980823;3415.774668995686;3162.149601115373;1.0010123048344572;0.05635046595631063
z_p[1, 4];0.42872512448460465;0.24294735922382282;0.00982839466786272;613.1248429759715;1134.5891478469935;1.0039078454762551;0.01011479794164649
z_p[2, 4];0.3094515098829956;0.5688393805013571;0.00901382211413699;3990.8693907857846;3012.6328612358084;1.0004356752368275;0.06583787618744721
z_p[1, 5];-0.5027012790092531;0.23753552997750751;0.009872536256183046;578.9303904371295;1109.610201188994;1.0047554198917605;0.009550687741060207
z_p[2, 5];-0.6683844500219145;0.5862452848466393;0.008345964435535118;4908.754626010402;2526.684532846552;1.0005986585491495;0.0809803447960492
z_p[1, 6];-0.3663893697509327;0.23508795747072178;0.00972007363812377;583.786270486705;1122.570999592445;1.0050370951605592;0.00963079580729339
z_p[2, 6];1.4176735619201235;0.6024072826295328;0.00910137064236703;4440.715592845211;2823.661434553153;1.0006790011395827;0.07325904577594895
z_p[1, 7];0.5167129363004349;0.24683089211084694;0.010028176667804522;607.423001145449;1086.0953299071612;1.0042959637397044;0.010020733937110265
z_p[2, 7];-0.26348856780424007;0.5932289798893584;0.008373350461117765;4983.705803911469;2799.9535072153653;1.0002114461041032;0.0822168238404767
z_p[1, 8];0.43067726913375975;0.24085014581881276;0.009813923937822685;605.8172021283025;1115.9438927740914;1.0043602905548914;0.009994242867992114
z_p[2, 8];0.6515741718517493;0.5907400813686609;0.009014560364957616;4296.4104307868765;2769.6899647280093;1.0012427139526616;0.07087842529893167
z_p[1, 9];-0.19731681428131287;0.23014557281116102;0.009476165350829518;588.9220056328484;1048.077729693141;1.0040752667987507;0.009715520678386385
z_p[2, 9];1.121221243863635;0.5823111068390145;0.009522508845353238;3743.717036406448;3016.1365369425152;0.9997182512759174;0.0617605725942422
z_p[1, 10];1.341365167815356;0.31142876203845876;0.012734440610517275;599.6667698503827;1190.9971215224793;1.0055036829114548;0.00989277841021059
z_p[2, 10];-0.7406008408808642;0.6136889710174123;0.010761558168960865;3253.7208254381994;2941.9209180926728;1.0018692723410294;0.05367704323982904
z_p[1, 11];2.236207973477941;0.41742930699587544;0.016220266274522253;663.2607898725576;967.5844165908727;1.0049875056974402;0.010941896987267708
z_p[2, 11];-0.959840949793418;0.680369592534611;0.012005805267314634;3209.0319607577803;3262.0691046768;1.0014373674671335;0.052939805397222595
z_p[1, 12];0.8223067005292519;0.26866425774581537;0.01079232931673051;621.3921669995483;1099.2566400592211;1.0045608172192155;0.010251185029813908
z_p[2, 12];-0.9675377572713251;0.5914601116741793;0.009326263661308079;4042.1030596369133;3357.212759406742;0.999949918658064;0.06668308449074004
z_p[1, 13];-0.3826553608905892;0.2344662095589751;0.009437909294824099;616.9286089148318;1294.904651156474;1.0038694070120489;0.010177549148565692
z_p[2, 13];-0.8320466169196393;0.5860546992953325;0.009301604176532316;3974.7466406433005;2852.811470293712;1.0012715481880714;0.06557189714284786
z_p[1, 14];-0.3031781354193438;0.23132065059239665;0.00950651869791515;592.0561252741581;1073.4020805279374;1.0036789446825403;0.009767224645791986
z_p[2, 14];0.9235437951710685;0.5919759167427642;0.009493819434460893;3931.4228649795673;2833.045065616554;1.0001033508882267;0.06485717934609231
z_p[1, 15];-1.0552888205386366;0.26896203590378726;0.010989981085199102;599.7569158226555;1152.607432066135;1.0049269364294855;0.009894265559696113
z_p[2, 15];0.5865935128848545;0.6055498832344819;0.010311774045222486;3454.4083636782902;3124.0068424698334;0.9996339887127227;0.05698781089499731
z_p[1, 16];0.9845941811720669;0.2829707630267793;0.011230447001954;636.7605884035427;1272.2104312798874;1.004875505888832;0.010504719817980322
z_p[2, 16];0.5791314208653647;0.5999690723419127;0.009968094834100816;3622.511637931408;2862.5669827273846;1.000103750946251;0.05976103183340595
z_p[1, 17];0.567159312432125;0.24674015041863193;0.00997901592613755;610.637781183675;1091.5954576302317;1.0045411346736828;0.010073768569267175
z_p[2, 17];0.5086565111787036;0.5979716863639618;0.009206200587701108;4210.354402615956;2993.3431780477586;1.0002677039725012;0.06945874813761395
z_p[1, 18];0.07614687177233011;0.22787212251304212;0.009100141265943466;623.7108179497702;1133.6474369129471;1.0044969447436563;0.01028943610726963
z_p[2, 18];-0.8420379219639187;0.5869968602208754;0.0094115365370536;3885.560680028531;2711.251304766783;1.0008585618644554;0.06410058509084969
z_p[1, 19];1.0692045701214254;0.2850820234175261;0.01136866563212672;630.8613509236436;1374.7106572504354;1.0045646827438635;0.010407399352495112
z_p[2, 19];0.6369206748074225;0.6116766670506567;0.010237096801084299;3571.244718403118;2942.2253621529853;1.0019629828579588;0.0589152749894941
z_p[1, 20];-0.4287024203354946;0.2359921464598931;0.00970524133394964;590.4407060562052;1210.0473092190346;1.0022372468987835;0.00974057487100658
z_p[2, 20];-1.0959051477596982;0.5906769525723394;0.008968913199502602;4343.196828902962;2924.509202943346;1.0036324849782632;0.0716502664154401
z_p[1, 21];-0.9305483525399946;0.26323645492719205;0.010863850888628563;582.0216808944946;1214.95058763702;1.0033770601820469;0.009601685150011084
z_p[2, 21];-0.04447610252865952;0.5958343612621311;0.009625970389566469;3822.3993796797513;2934.140819125018;1.0010744561690224;0.06305860514487548
z_p[1, 22];-0.9102976033853556;0.26305676721079646;0.010597022919697689;616.1077309606382;1058.3487291513593;1.0033338575425317;0.010164007021319437
z_p[2, 22];-0.14051648695093208;0.5930418303373098;0.009957269199473555;3547.0997035318205;2758.032575056294;1.0012899354668203;0.0585169516308518
z_p[1, 23];-1.1655201000760604;0.2825037895513919;0.011448111988187725;609.8806428054273;1111.2732771525302;1.0044099806402638;0.01006127796185243
z_p[2, 23];-0.29396090410843373;0.6038098403420054;0.01039236346304598;3383.775884829042;2854.6981364425747;1.0009920203547054;0.05582257797406384
a_e;-0.0079644533730492;0.05053107370439442;0.0022221111463958227;516.5077322067981;727.5755921798701;1.0054253542250147;0.008520893267367673
b_e;0.029012352471464043;0.012486087609712595;0.0002803354841000318;2003.9897028015766;2591.858872875593;1.001414457376526;0.0330600711310152
σ;0.9751832385505074;0.003496372569181685;4.059225870212301e-5;7451.710456878843;2873.618906755432;1.0050740784604975;0.12293180818631028
