parameters;mean;std;mcse;ess_bulk;ess_tail;rhat;ess_per_sec
σ_aw;0.042584352759861714;0.01311415796901411;0.0003279838909268602;1635.0663196782696;2516.119931238695;1.0014925694696986;0.03908049405966571
a_ws[1];0.5832626518469896;0.6115448133130857;0.009851087406061106;3872.805285417962;3002.1020664678886;1.0008219037913857;0.0925657523058758
a_ws[2];0.6941621951569298;0.5519358227415038;0.009767755839653714;3251.8607878168605;2840.6937876588554;1.0006361887126263;0.0777242639467633
a_ws[3];0.4438637069673736;0.6233376671053066;0.010458410332032153;3548.7494934497913;2619.427414773611;1.0004732551036155;0.08482034143134669
a_ws[4];-0.11876274024749013;0.553070028394609;0.00979883035494402;3180.67178887547;3360.846679325439;1.000700914516243;0.07602274198599661
a_ws[5];-1.827067556855491;0.6185694825696163;0.013118653969180143;2241.478281201277;2736.3619615487373;1.0007381878211965;0.053574633395049566
a_ws[6];-0.15973617689470054;0.5104336094622173;0.009379001090053077;2931.533636205458;2967.519366331579;1.0001778851542542;0.07006797307034043
a_ws[7];-0.44945372144087425;0.6159145297457612;0.010041821482690767;3776.1601782102575;2943.4904767845237;1.001176023626923;0.09025579185187438
a_ws[8];0.41598531391953386;0.4425770398616096;0.008452288795967986;2740.38749454056;2869.6386622970813;0.9998056100677656;0.06549929866003704
a_ws[9];1.1007377539588041;0.5725693743381453;0.009794147293537002;3430.193845974718;3038.1316600032233;1.0002527509533647;0.08198668678313578
a_ws[10];-0.593952829701301;0.7081596369056402;0.01124987333689768;3970.4747925234606;3127.9347633451234;0.9997696378507995;0.09490019742673057
a_ws[11];-0.1851639063436798;0.6969323624872998;0.010883210420840306;4110.9175974043865;2707.909908457018;0.9996711655271036;0.09825698738430967
σ_bw;0.024614774274548643;0.011135391302155852;0.00026059793443323565;1664.6778977635336;1567.805548564511;1.0009569892876036;0.03978825440402055
b_ws[1];0.012880815565078155;0.7229158725499548;0.010041453236620656;5226.153395332066;3183.452015123464;1.0017202206229698;0.12491276608361968
b_ws[2];0.48925382803098716;0.7739471915800233;0.01043577028545967;5517.096019954371;2948.394057572208;0.9996562724184501;0.13186672347141104
b_ws[3];0.14286192983002058;0.902057367222473;0.012888600846933211;4900.5274173516855;3040.21949672049;1.0014225103829424;0.11712982544997057
b_ws[4];-0.1668272587947636;0.7488173275845382;0.012230734244637689;3732.853989766124;3011.9114417553506;1.001431942922517;0.08922071014303534
b_ws[5];-1.358372258479613;0.6371627006340289;0.012019229233157503;2902.4231152862744;2729.5576148410482;1.0001694427222356;0.06937218873048577
b_ws[6];0.23250694499859664;0.7616636162043714;0.012339675927456977;3802.941149774;3046.561581285124;0.9997835359665196;0.09089589652990045
b_ws[7];-0.4781781521345306;0.8007342262627919;0.01258209712269073;4038.0059253507534;2873.7320934367804;1.001455735983911;0.09651429099806584
b_ws[8];-0.076340120696015;0.5895569768260961;0.010433416830430028;3257.273728480602;2569.620473063978;1.0011814462750879;0.07785364120376428
b_ws[9];0.9069677882623223;0.8060988519529348;0.012220798905895388;4375.629170385011;2841.0181099590177;1.001669767803762;0.10458398399043489
b_ws[10];0.32887007359671017;0.8883914225095525;0.011606119013861375;5832.39526523401;2995.493292527783;1.0020077697973568;0.1394028399786562
b_ws[11];0.1445826113056266;0.8418443296618647;0.013393678476132447;3964.3564643619925;2764.9537458880823;0.9993554615074436;0.09475396036925368
σ_ap;0.23997715683285703;0.0385678849251419;0.001487827172908072;674.763348343918;1709.2346526479962;1.003723553810388;0.016127838185685
a_ps[1];-0.4415608670747509;0.24518596348087132;0.010967173244352622;504.69075706714636;1161.8293772452723;1.009518180790583;0.01206285267830102
a_ps[2];-0.9467288636151581;0.2783797141492338;0.012618823881037853;486.009047264141;1289.4371571069644;1.0100171676008336;0.011616332289376117
a_ps[3];-0.5841467045627992;0.2515386610669764;0.011148743150086361;511.1437164727789;1072.3175389238468;1.011172096260742;0.012217087915541248
a_ps[4];-0.5829764533866951;0.25166429942977936;0.01156016290759051;477.12026674584007;1174.3507446944907;1.0114007329006256;0.01140387733873443
a_ps[5];-0.5674754286668604;0.2520415367205434;0.011379367868744605;491.85380295518354;1178.9508182459233;1.0112547321846823;0.011756030561742788
a_ps[6];-0.6720985111948521;0.25787177329604494;0.011668950487479936;488.3891215587869;1047.161994993869;1.011352000384829;0.011673219571692454
a_ps[7];-0.32092900819536346;0.24174237887764197;0.010753220299345516;512.6935770140134;1173.4432639219817;1.0108896521431399;0.012254131865958466
a_ps[8];1.3101596601090684;0.30518471551186577;0.013004599242893301;545.3695122919911;1018.0258065056229;1.0078630115857101;0.013035134862079321
a_ps[9];0.15354579675981467;0.23922949116430367;0.01075695088172797;499.8442448727269;1001.1220431425951;1.0100778601386233;0.011947013896262272
a_ps[10];-0.13420851635192965;0.23741948498805032;0.011005713240942603;471.78916644818264;936.1229222375035;1.0109680665846876;0.011276456187062075
a_ps[11];0.9536784289476341;0.2770048670270026;0.0119102096055449;533.2947432622076;828.3123874375135;1.0076912946695347;0.012746530091947953
a_ps[12];1.6862316806514168;0.3452211804929319;0.014246018791083446;579.5366489141717;835.9314122404596;1.0059096516453054;0.013851779767383013
a_ps[13];-0.37116296132672805;0.24567003414885794;0.011305155903940432;476.93477199635083;1246.5658643245622;1.0118073393133276;0.011399443740923583
a_ps[14];0.9818233525460434;0.2771498606356694;0.011945692737437801;529.7400877140606;840.361409541413;1.0077063464135032;0.012661568587107678
a_ps[15];-0.48133114581091113;0.25072510360047723;0.011292169601110954;496.0644903813467;1237.2315259841873;1.0092754057050128;0.011856672195029967
a_ps[16];-0.08477379663529638;0.237736596681484;0.01082557132792684;485.8305206750083;1202.1857917247928;1.0096589001882286;0.011612065240864307
a_ps[17];-1.5206395433954216;0.33073193105627763;0.01447044603898369;520.3660311636763;1228.5314664067612;1.0081124093916054;0.012437514824319422
a_ps[18];-0.2915875535940093;0.2422810940526622;0.011074204812480346;486.52177595341186;1153.3581465425682;1.0099157055699068;0.011628587260476747
a_ps[19];2.7901178882857165;0.4783138532510422;0.018820767109986616;639.9191284297723;1311.6565440133038;1.0046317918043837;0.015295009992124997
a_ps[20];0.3601051404040005;0.2435885796979658;0.010821729679229435;512.7033706845208;1153.4878490798833;1.0093563732995416;0.012254365949113064
a_ps[21];-0.47001303116961296;0.250600281222802;0.011150346240154518;507.8458270997647;1133.4477064601706;1.0086478431924795;0.01213826350059221
a_ps[22];-1.0805592717267656;0.2895173192384468;0.012764301097007257;516.3010310194766;1013.8562770914581;1.0082605511620055;0.012340355331719025
a_ps[23];0.20034805436653783;0.2375411126890912;0.011117347459999254;458.89342756251483;974.2986217084015;1.0092443240910274;0.01096822902780195
σ_bp;0.04326053089753482;0.009255976139661021;0.0002415939324518018;1434.2041631787276;2373.845230936902;1.0003798243679787;0.034279592579757184
b_ps[1];0.34563325557703944;0.5346538872729578;0.008603123202061917;3874.048820925907;2891.1647208619725;0.9997733313256219;0.09259547463667446
b_ps[2];1.0218296952792434;0.5283748705219008;0.008640248261161103;3747.4511243962256;2834.8432401754876;1.0013391640126015;0.08956960316733303
b_ps[3];1.0722395080613414;0.5363251013909024;0.009028899642699683;3564.3642580373853;2622.569603360023;1.0001226594377615;0.08519355731095005
b_ps[4];-0.6057815440354073;0.5298927239713981;0.00833774320121664;4057.813485603387;2892.3812418937314;1.0015886049366607;0.09698772087150477
b_ps[5];-0.5101900313613024;0.525517611184163;0.008425731307925028;3904.9502348940514;2942.5829558871387;1.00032100372753;0.09333406395900541
b_ps[6];-1.0581093052833108;0.5466709110399928;0.008947864061198614;3772.240615595235;3170.029725055708;0.9999399379249078;0.0901621085305012
b_ps[7];0.6334448641258055;0.5350247056541204;0.007925797393767276;4580.689551778673;3132.812421954548;1.0019315851445019;0.10948522923075314
b_ps[8];-0.9389248507024688;0.5396650609363864;0.008798790067500648;3797.432992316082;2847.899398701532;1.0009479450212182;0.0907642434512313
b_ps[9];-1.4192797617826003;0.5507817306504454;0.009102459246636626;3708.169478466491;3016.1305628975456;1.0023715016734485;0.08863071395413405
b_ps[10];-0.21793448343705057;0.5317027349786718;0.008834290659175851;3626.315358933032;2682.193022777104;0.9998764934649043;0.08667427989779805
b_ps[11];-0.12330994984865455;0.529529919166178;0.008142206241788307;4225.677638030862;2667.9906128501916;1.0021508995319033;0.10099992143659475
b_ps[12];-1.6998213435221883;0.5541141931505006;0.009717897959594853;3280.561080691832;3098.2379211030748;1.0009828546841835;0.07841024323195321
b_ps[13];0.23431616581828354;0.5188287861471086;0.008938893932097134;3363.08686582126;2904.456442996254;1.0017650335750465;0.08038273108562904
b_ps[14];-0.9201536593194279;0.5366809428901558;0.009134659669802266;3471.262198729715;3003.2066596221002;1.0004255891606757;0.08296828092189691
b_ps[15];0.8056368659112654;0.5310016877791324;0.008878076152994088;3641.2507238455773;2709.5207968114146;1.0005925614192759;0.08703125712417657
b_ps[16];0.27468554225739183;0.532881642618841;0.007976017271112624;4442.531892158295;2665.9919839379813;1.0008414657887095;0.10618305761171207
b_ps[17];1.5149761756927747;0.53485610271441;0.008950323117247848;3637.2454496218998;3104.6194253827307;1.0000213906974547;0.08693552516907363
b_ps[18];0.4185633534083096;0.5298701230536452;0.008299240072468319;4089.3090851455154;2664.405144265313;1.0016368387664918;0.0977405121044952
b_ps[19];-0.3875084205104899;0.5249485210009733;0.007867536279578733;4464.728993596108;3059.5056656120996;1.000585364480284;0.10671360104009908
b_ps[20];0.5562274486346157;0.5386620216223668;0.00855925343310621;3978.672826989121;2995.67990616684;1.0000659637913814;0.09509614252900583
b_ps[21];0.7635191531042287;0.529129596188442;0.007812818474143357;4634.347127620672;2908.1661359827376;1.0007651605313455;0.11076772434958226
b_ps[22];0.432440490390959;0.5379752796819964;0.007758431368441979;4817.877406177326;3194.019189744094;1.0008053630473248;0.11515436841079284
b_ps[23];-0.13209282516162052;0.5165050196349643;0.007873851573945326;4291.651786615484;2929.6255844870084;1.0024205050207569;0.10257680079055279
a_e;0.007605254524359874;0.05454465920726047;0.0027616610038972735;391.5525423385684;903.2230561096693;1.011760553841553;0.009358682654487313
b_e;0.00921286059163942;0.014978895356715222;0.00035741252079969405;1750.0373553175957;2279.6704930985925;1.002581058952211;0.041828471203626705
σ;0.9734657377552138;0.0034371051320836914;4.1346947321605736e-5;6911.710447080614;2101.0536983341885;1.0042448498056977;0.165200063030112
