parameters;mean;std;mcse;ess_bulk;ess_tail;rhat;ess_per_sec
σ_aw;0.029235537974750408;0.010323276413606608;0.00026318741960080843;1506.8753503919686;2325.827353128008;1.0031188465906697;0.02933635234740542
a_ws[1];0.20052678517683148;0.690472904776759;0.01129297491753822;3745.2777982809544;3108.4808378390544;1.0017394381214213;0.07291431842766873
a_ws[2];-0.9304572267401104;0.6582942288392766;0.010287201009040391;4107.488010338992;2870.9423801530193;1.0014168810659254;0.07996594774923073
a_ws[3];0.10991885407616821;0.685924537846003;0.01119937792576563;3754.9491074684233;2610.789169811729;1.00041514318826;0.07310260270341222
a_ws[4];0.7190364762091178;0.636005757888019;0.01146417760262984;3059.5477579402605;2921.4898984720753;0.9998477178367345;0.059564297091529446
a_ws[5];1.5490064851242875;0.6102916362297814;0.011875442602795626;2657.3114134576144;2710.7022484876034;1.0004062355017629;0.05173342566237919
a_ws[6];-1.0908192664521432;0.6208967849320796;0.011148729817248114;3159.473218002964;2781.2847410621553;1.002005909776186;0.061509679305203284
a_ws[7];0.015836663238922546;0.7023148299120993;0.01073232975977205;4283.74603433777;3078.559427424411;1.0015084976803508;0.08339739779899136
a_ws[8];-0.03564526174279737;0.5110792623267144;0.009627864895646902;2835.8763230188783;2734.558868815428;1.0007816864809091;0.05520978693035613
a_ws[9];-0.3312679885499398;0.6620324515469606;0.01029683187572797;4147.574529793096;2789.3110086164256;1.0020399517490182;0.08074636549166764
a_ws[10];-0.04492153849809821;0.7786869023317686;0.011273014364197573;4754.5669925568245;2897.9265821970744;1.001542034156678;0.09256349738331623
a_ws[11];-0.19826174280038153;0.7704415227833254;0.010392245268294367;5490.381615026843;2630.2850207332385;1.0008937795441346;0.1068885820836125
σ_bw;0.01348819725109655;0.00974102076384072;0.00024245005021508213;1429.9427416076874;1982.3587315632917;1.001437237212878;0.027838602637906423
b_ws[1];-0.020935754467807606;0.8773889536597584;0.014410886061875317;3773.3001419616207;2460.3999205193077;1.002674096087784;0.07345986676887842
b_ws[2];-0.14812644307924017;0.8695142649107503;0.01276490534597055;4643.644413837511;2874.8391890456346;1.0027324542011558;0.0904040195925712
b_ws[3];-0.28300169772886713;0.9569746966238795;0.012875273194985895;5566.924481919424;2910.9812925263936;1.0007908666159955;0.10837874416786002
b_ws[4];-0.1359943109192073;0.877751248294117;0.014019428661047764;3923.7728016221927;2858.867459263724;1.001129852308703;0.07638931873801807
b_ws[5];0.7729305672269408;0.8042159606793846;0.015144047169686582;2941.0709845248766;2196.5539471722523;1.0014917390494893;0.05725775171669581
b_ws[6];-0.2253648717813071;0.9122060574384454;0.01343102086132687;4593.653858808762;2742.2373397287756;1.0010638488516992;0.0894307867793964
b_ws[7];-0.2645805359008454;0.9027953225079514;0.013411615101652915;4572.4686289460315;2925.412537113413;1.0014201421327793;0.08901834565236345
b_ws[8];-0.1732154172883773;0.7640067618144004;0.013823920545722927;3080.2547137821734;2579.6911369716654;1.0005754237237168;0.05996742702026742
b_ws[9];0.34630718565370994;0.9065999379232718;0.01392596005383371;4227.1074906052845;2890.8941215556115;1.001233763002592;0.0822947397224969
b_ws[10];0.4607085221611785;0.997635318279269;0.014985518237526252;4468.922244193348;3012.3956475385926;1.0003933882706424;0.08700247006808598
b_ws[11];-0.2766665191644258;0.9219861706185758;0.012772537424315118;5219.7394310597165;2655.8294386303573;1.001192138975273;0.10161962970021485
σ_ap;0.2425765684479386;0.039287298960529494;0.0015423526255983675;679.979949785048;1445.834358989641;1.0057069732861947;0.013238076653703508
a_ps[1];0.5910308928443844;0.25320672087569457;0.01460584065705272;298.20059701487787;770.2238306107646;1.0177509359097938;0.005805468768176179
a_ps[2];0.5460760563007803;0.2530300271861664;0.013860059430399762;332.4312506325463;940.9697149465787;1.0178589896582284;0.006471882559700937
a_ps[3];1.02771555196615;0.28301972670487835;0.015372010263222862;333.7673585966485;782.2413313006272;1.0165951410202079;0.006497894355566388
a_ps[4];0.5298654959708136;0.2513712621870015;0.013829704602265631;326.18707970292286;779.8695227931854;1.0170547987926521;0.006350318955610386
a_ps[5];0.5908209997089521;0.2539614020432014;0.014353820727118256;309.8991213271652;663.3977048054961;1.0172078224161014;0.006033219544695735
a_ps[6];0.32305531624165074;0.24313411276635666;0.013033017980588753;347.11420240823844;635.1067519104147;1.0159299535972095;0.006757735166341308
a_ps[7];0.898879448794779;0.27171649055086544;0.015184540076122426;318.31460632727214;712.0339850457675;1.0178074094587564;0.00619705501593974
a_ps[8];-1.873898517601865;0.3714073937861578;0.01415531635604208;688.0976135971581;1361.2219252650832;1.0087828784455568;0.013396114042640754
a_ps[9];0.029161344529621595;0.23963125147494013;0.012817262573263237;350.21460124287523;922.0022227501735;1.0178291579006093;0.006818094765830895
a_ps[10];0.14565764721049765;0.2418437725357051;0.01316211813117322;339.44083502332074;729.5590547643488;1.018476509632733;0.006608347488563926
a_ps[11];-0.49813481837703366;0.254160184699666;0.01221027811290613;435.5975670632936;984.2277604858672;1.0155331778965913;0.008480358847012334
a_ps[12];-1.8894397466818234;0.3754656913801079;0.014423114739700772;676.9572253972624;1257.763878061757;1.00848256179795;0.013179229246274547
a_ps[13];-0.6788743563885864;0.2630501515076199;0.011920434784035702;485.57592760602057;892.3097951054048;1.0118203359941706;0.009453354253862489
a_ps[14];-2.1635684910439994;0.4082982240317086;0.015448733158656934;698.2139249291574;1316.2685017085548;1.0089117919859458;0.01359306176868484
a_ps[15];0.35796222288806834;0.24402608426483668;0.013940971325685662;306.88545834636454;520.6910165573088;1.0177338948825467;0.005974548547762842
a_ps[16];0.7229917180750621;0.26488990288704145;0.01524313069619233;300.1135375858145;654.5282905241302;1.0193557498126755;0.005842710533790068
a_ps[17];0.5889561294859952;0.2549371724201773;0.014307518222794005;315.8938821259138;602.2689426643528;1.0193738846725344;0.006149927549100186
a_ps[18];0.1358463077315337;0.24078985197661518;0.012968186706356284;343.2671371233749;798.3884185004716;1.0184249739293574;0.006682839215146093
a_ps[19];-1.5040544993673717;0.32877207155411897;0.013021184289148079;639.1307522684517;1288.308438679141;1.0083163855322392;0.012442810840148387
a_ps[20];0.2058578669075914;0.24235829093025416;0.012982572752176489;348.7530907970495;702.8103282045545;1.0180958942564233;0.006789641592589322
a_ps[21];1.148391406334933;0.28997588613621395;0.015676962351763548;340.6837550608595;936.4212093140222;1.015131740682221;0.006632545070766994
a_ps[22];0.7218576384148606;0.26104154409741387;0.01476084683670519;310.8307369330556;645.766609450152;1.0172468312674758;0.006051356548303654
a_ps[23];0.14935864405955288;0.24269636583573154;0.012772127165573693;361.17070984138235;720.2693556672871;1.0164689296243035;0.007031391945400948
σ_bp;0.04802215026823396;0.009479231110577042;0.0002475060199009647;1430.6589167666655;2494.857784541186;1.0019249697483354;0.0278525453749754
b_ps[1];0.9024819234972798;0.5047997935168328;0.009439918976554145;2864.265441253186;2512.540361060905;1.0005776528923502;0.055762475761013
b_ps[2];1.0968698201948988;0.5008430820405914;0.009819588957655652;2609.088364697361;2939.3854343320954;1.0009369842653897;0.050794603251269395
b_ps[3];-2.2309717399619475;0.5311897541943045;0.010498412470555952;2594.4723539707384;2634.3117154313036;1.00142307938106;0.05051005387531861
b_ps[4];0.8280188880188031;0.49172945691998193;0.009096093331242209;2962.141956149487;2552.810769244817;1.000657137088111;0.05766796842620729
b_ps[5];0.3352849373502722;0.4848552372706177;0.008266355634474353;3438.734926056766;3158.7469918494016;1.0012027363480491;0.06694643946089471
b_ps[6];-1.685696757326681;0.5290180135679255;0.009539966290148026;3146.306992222783;2583.813893756385;1.0017231599075276;0.06125335482655784
b_ps[7];0.22672665847223636;0.4666358264411949;0.008067966631978354;3432.9859344910587;2992.5874330779116;1.0004266189367608;0.06683451617396192
b_ps[8];-0.22741685823176547;0.4821855346879505;0.00858524884650713;3210.200222767246;2368.4493433870216;1.0013149761852573;0.0624972495676715
b_ps[9];0.42561239124170036;0.4966744607517282;0.008523840231079936;3412.0128959697877;2740.953397453955;1.0020938721206571;0.06642620605879833
b_ps[10];0.07636986706182168;0.4730789016830656;0.008510078250840715;3106.687265273355;2904.9215674891066;1.0010351876223655;0.06048202475642691
b_ps[11];-0.34310170829589437;0.47833423239740513;0.008023035950306413;3558.5845605489885;3180.19525589645;1.0005212722505725;0.06927971215346149
b_ps[12];0.9802003813195683;0.5093590143645238;0.008836725643122633;3346.0108159290894;2517.6839144586884;1.0013361914174976;0.06514125553171464
b_ps[13];-0.01281613332576511;0.4915485516992492;0.007958193124249738;3816.4535124624063;2834.701353217294;1.0001047203767492;0.07429999099127005
b_ps[14];-0.1007508943064375;0.48777454444494134;0.007945170326470834;3761.639461654916;2833.0014830629657;1.0002866479235892;0.07323285275209265
b_ps[15];-0.9268103718921868;0.5051307792825527;0.008431238415509423;3599.3871889363313;2845.4777566441862;1.0020164011558281;0.07007407134366257
b_ps[16];0.3503111333549746;0.49477657846889744;0.010144789557109395;2401.1559223055506;2728.368993037283;1.0025296729758035;0.046746505050661094
b_ps[17];-0.8893592712319615;0.5035657372392044;0.008683563376676218;3359.2646122464444;2393.8222890433112;1.0004978485989748;0.06539928486281063
b_ps[18];-0.17241910871536273;0.4737091025587192;0.00833169997007905;3222.070888233623;2747.0851123738535;1.0013563382343709;0.06272835164564314
b_ps[19];0.013886163143654482;0.48513292097088867;0.008103123601606936;3597.5822842557386;2747.0996531727806;0.9999931204779301;0.0700389328568265
b_ps[20];-0.3600827924354911;0.4935770067082992;0.007972132603554588;3854.3582789507163;2887.492404943476;1.00011590484609;0.07503793363865488
b_ps[21];0.8728277008297342;0.49855772451163394;0.00876648246282335;3226.672660803356;3035.6075733020007;1.0003391947444629;0.062817940490197
b_ps[22];1.2544167762585325;0.5057158138511895;0.009332147389775506;2983.5728653536958;2850.9660403767252;1.0011066918730804;0.05808519252067295
b_ps[23];-0.5656058637182685;0.49426189142073235;0.00831974223838554;3549.030095231807;2883.6993002427084;1.0014118516312602;0.06909370263318963
a_e;-0.008915829821562355;0.05506875952659213;0.0030557921395950685;324.7412615733025;777.880943608187;1.02079713693296;0.0063221712856191175
b_e;0.03444151990458647;0.013284410255417198;0.00033540864311858533;1549.7163614857686;2276.886892518059;1.0030645833522314;0.030170395452589868
σ;0.969621232351647;0.0035029050414335425;3.838341302696651e-5;8448.653337465315;2480.16265073616;1.0040846198385347;0.16448120350797016
