parameters;mean;std;mcse;ess_bulk;ess_tail;rhat;ess_per_sec
σ_aw;0.05742559823648331;0.01715745571167177;0.000463774440165957;1377.9684663813218;2244.553802278852;1.004004207899804;0.019742214736360713
a_ws[1];0.9514163456460749;0.5259073255788436;0.009985882473346386;2777.1617503677885;3008.7490060412797;1.0003356612769472;0.03978851836671568
a_ws[2];0.5617171463330938;0.46461344329732734;0.009189729199359902;2563.491126688671;2501.941786729597;1.0016486713669552;0.03672724995713952
a_ws[3];-0.9310808429875167;0.5214694261923744;0.009986469871671247;2751.2394982445585;2898.959900935789;1.0017122678498291;0.03941712912207583
a_ws[4];-0.6767491693419765;0.47769151064208804;0.009529697792978202;2513.57086906286;2782.9884336791642;1.0006575323782327;0.03601204023370417
a_ws[5];1.830625821419665;0.5578701235229667;0.013739315818443088;1660.009817895064;2465.6264253869726;1.002381923581344;0.023783033566373648
a_ws[6];-0.37374175720728947;0.4277560063593379;0.00902147324778144;2261.5026512447434;2756.4431129084246;1.0002375892487243;0.03240064780652805
a_ws[7];-0.7020868476886649;0.516966976866377;0.009956279462561666;2713.5425561805946;2896.2613027372513;0.9998658933274922;0.0388770433775266
a_ws[8];0.12223781268437815;0.3694044023724744;0.008256574822331561;1999.1711518183788;2677.1930908808936;1.0005465610345452;0.028642212893001076
a_ws[9];0.457812898833694;0.47278017512833664;0.008554204728421095;3056.71125374578;2718.1560196536157;1.0009625762646877;0.04379363637904911
a_ws[10];-0.4487357086974461;0.6004180408729252;0.009793078936771333;3749.3931265817328;2705.7921251346484;1.0011572682273957;0.053717719992822904
a_ws[11];-0.7266714911228512;0.5870344284742635;0.009512305082372049;3812.5861070457186;2916.144362334755;0.9997147947838604;0.054623088599280854
σ_bw;0.015408126950485075;0.011064963268037662;0.00028861769936887566;1305.1669978626821;1940.9645121455949;1.0012707684567852;0.018699184899551906
b_ws[1];-0.3681585834426018;0.8785894189553072;0.012258431370985333;5160.821298476607;3015.7821076327145;1.0003367504489047;0.07393931339958139
b_ws[2];-0.717480953845366;0.8931698216790319;0.014145157582827254;4078.294889372252;3100.8301893610674;1.0015100791341076;0.05842990999324425
b_ws[3];-0.09240127576560085;0.9499482342955125;0.012788736569184746;5484.234123315994;3051.20828640738;1.002349462614344;0.07857286314491012
b_ws[4];0.38741742189695744;0.8890821428170992;0.013003264737727114;4643.864089628833;2905.3449414703846;1.0008403110967588;0.06653284476435635
b_ws[5];-0.24002009235329358;0.7468953269276764;0.011081317297795415;4562.022911657058;2909.973730188768;0.999960021414807;0.06536030261320062
b_ws[6];0.07348448251303973;0.9040179363955325;0.012654323655436847;5119.568016865608;2991.7439213729353;1.0013363272926195;0.07334827582215216
b_ws[7];-0.1461876413316566;0.8790646267652192;0.01251571292949931;4944.077251681401;2851.201083609085;1.0006544788287755;0.07083401192204043
b_ws[8];0.6211385046582846;0.762229181342577;0.012371120389669277;3791.471902962103;2383.0745444572176;0.9997876153163742;0.05432058447006754
b_ws[9];0.2814059601191877;0.890063402868665;0.011290554807982172;6211.875824876063;2879.730455275656;1.001651886388933;0.08899781776020284
b_ws[10];0.3193719232127528;0.9375398681980159;0.013132574287459155;5109.412635717991;3275.970637174233;1.0004337791045967;0.07320277923043961
b_ws[11];-0.14819380531820098;0.9083761412542853;0.012222283595690222;5521.887296156609;2912.912758350727;1.0007474249849349;0.07911232180587416
σ_ap;0.2142086808836181;0.0335220344051115;0.0013480936594293873;649.0098691165201;1073.2020830572076;1.0108686923397583;0.009298392898470014
a_ps[1];0.2591394863126444;0.22768940985323333;0.01110064988403186;418.7405146521468;748.8077812975147;1.0092445294101597;0.005999313743939633
a_ps[2];-0.7799408103668867;0.2502839874038185;0.010998016070665072;517.4858855187263;1230.7611138094499;1.002851470451403;0.00741404300910855
a_ps[3];-1.9474671632232758;0.35688786863532007;0.014625585913050541;598.689585701802;1146.811555217617;1.0037530731716173;0.008577451987988406
a_ps[4];0.46141664151710415;0.23966380540097684;0.011235178524364953;456.0157758793749;886.9451626218869;1.009656071515125;0.006533358048621301
a_ps[5];-0.5039713630422887;0.23673021577957182;0.010424030387616577;516.2870980514549;984.7447411828321;1.0025575488084246;0.007396867928415826
a_ps[6];-0.3569841027105282;0.23065323792919046;0.010501001249537446;481.80493163604905;1000.5864745549369;1.0048566337445102;0.00690284041577209
a_ps[7];0.5548141144279009;0.2412482580825189;0.011540631718676187;434.08580765595843;794.0050916420041;1.010188546874554;0.006219166430749802
a_ps[8];0.4680548511333235;0.23821368891379163;0.011568052798111511;421.4883030201166;882.8187950884443;1.009332052625372;0.006038681428566692
a_ps[9];-0.18413159703867849;0.22920182426090388;0.010763988987013999;456.7522678627224;1022.3216336212113;1.0061272873636196;0.006543909801612454
a_ps[10];1.4051551935381859;0.3087737025415281;0.013485608674246209;520.2968927152506;1048.0502663939649;1.0116783776539642;0.007454316432668797
a_ps[11];2.335823160750216;0.4137451746429257;0.017594718409491984;548.4651408601243;985.9401549871982;1.0135784035898785;0.007857884160951848
a_ps[12];0.8717545291729745;0.2628887864471812;0.011992738199362814;478.59152752822314;906.5977812249611;1.0101471822619275;0.006856801833990896
a_ps[13];-0.37667912067830556;0.2308983208094351;0.010369258169113446;496.3625464196798;1021.7593958906434;1.0034154060966933;0.007111408002127964
a_ps[14];-0.29185301912281664;0.22859515738741437;0.010465957505095233;476.93455137476695;1122.3664443966445;1.0041766449810576;0.006833062263868173
a_ps[15];-1.0738540377723214;0.2690075821048379;0.011373586856573577;559.3056036599036;1187.6004842603659;1.0022634180215217;0.008013195947582784
a_ps[16];1.0446192370329876;0.2772878002532848;0.012812834193185017;464.98903178568287;967.2979974236894;1.0114542452857371;0.006661918280084265
a_ps[17];0.6080408646880209;0.24589949223255197;0.011149763283032414;485.9699984926597;979.1916961990995;1.0087729054896422;0.006962513511550867
a_ps[18];0.09359205196966995;0.226601148373191;0.011396159575478656;395.8113637885642;824.5385194350073;1.0102468969313134;0.005670806792499721
a_ps[19];1.1300422982226965;0.2848587756856909;0.012955778671041867;479.81302703262435;1010.9926320253148;1.0128366788895935;0.006874302311037062
a_ps[20];-0.42367669231647886;0.23554630534717313;0.010781751967927853;477.25887916465945;1202.437858100425;1.0034541950364757;0.006837708922358001
a_ps[21];-0.9452689817367625;0.25927358814552526;0.01118500386604128;538.1230315516677;1125.8981771984338;1.0033319440750623;0.007709712306678108
a_ps[22];-0.9237234662357937;0.2622560549254623;0.011038156602992765;564.5946494221412;1008.3994633578785;1.0026359130123745;0.008088972338506115
a_ps[23];-1.1907898391836789;0.28205509390396144;0.012013352624037136;551.1655151092143;1117.1127868320377;1.0028073692207538;0.007896572541415355
σ_bp;0.03836855266802494;0.008682385946802724;0.0002098817348032519;1765.7437579942773;2201.8570616778675;1.0033757522698885;0.02529788836986704
b_ps[1];0.09258691802545051;0.5600388111834422;0.008090402751757852;4824.1896171030785;2878.12204897942;1.001209856127568;0.06911637651613368
b_ps[2];1.1929843567809602;0.5804619317223364;0.009096527338783054;4101.211073488496;2713.4604176480884;1.000452120409458;0.05875823116952557
b_ps[3];-0.8586213288374115;0.5633878514855598;0.008002187503958903;4953.940612774206;2942.210370446127;1.0001823518837778;0.07097532472960255
b_ps[4];0.2323819762745155;0.5794403054092617;0.008198854781426875;4995.670239980771;2894.6231892439782;1.003115973300212;0.07157318693129992
b_ps[5];-0.5767500480812645;0.5493189984444192;0.007349450192015847;5589.312618703187;2654.9451857087474;0.9995798282480112;0.08007832736322815
b_ps[6];1.4627735128746813;0.5736493624215369;0.008012955341728615;5133.492226351472;3039.7149831760644;1.0007901108080535;0.07354776858298862
b_ps[7];-0.33251681709766;0.550339758899781;0.007974396044693417;4753.17728753892;2830.3217236662827;1.00074733302343;0.06809897975170229
b_ps[8];0.5903690543940997;0.5663669648423453;0.007108091139116599;6335.019532798109;2925.5373148639796;1.0012021568044085;0.09076210307190746
b_ps[9];1.1436800521197783;0.5662055260103751;0.008113125283713765;4897.1974843485705;3090.3398569745095;1.000746639930394;0.07016236343656686
b_ps[10];-0.9274429167079611;0.5746544195143454;0.008989680853090801;4099.434519311099;3081.962642895694;0.9998096667114207;0.058732778399802135
b_ps[11];-1.2728152366544467;0.582556046672168;0.008750332022954891;4456.544553101196;2885.2579704769805;1.0014109378920764;0.06384910953770362
b_ps[12];-1.0825113684655512;0.5796287912361406;0.008736637085977555;4470.861912608724;2774.0767461385058;1.0011097637768662;0.0640542349761671
b_ps[13];-0.7593918599626903;0.5733051672703897;0.008123884350651834;5007.313677743858;2628.5271190683793;1.0003193350612023;0.07174000297549575
b_ps[14];0.9546348369915229;0.568044968883809;0.008071193281474187;5014.515082917438;2934.3349206224857;1.0000540984244113;0.07184317782369364
b_ps[15];0.7336460828742981;0.5533268368808042;0.008266205022726503;4478.462467021475;3241.8315006116554;0.9999634673764489;0.06416312845304467
b_ps[16];0.4014877677228937;0.5699838931817316;0.007701848185132983;5523.64177140696;2822.35643630066;1.0005470872136188;0.07913745824984011
b_ps[17];0.4253003557900952;0.5638285999200596;0.008179766431066078;4761.462453443964;2534.28746991488;1.0018829724570006;0.06821768168749716
b_ps[18];-0.8440458608475173;0.5504581082022724;0.00808414895719355;4672.136861476059;2888.564740528496;1.001341139471118;0.06693791000831353
b_ps[19];0.48050164459869343;0.552356996992359;0.008138604752152872;4622.964962911705;3065.925753234508;1.0025627053469799;0.0662334220580186
b_ps[20];-1.028559751783635;0.570358849264673;0.00889130234974583;4137.2312055237835;3214.200891525991;1.0009724830099949;0.059274293183150716
b_ps[21];0.09669469045922056;0.5506188785956239;0.007615497705428786;5214.368818145783;2825.7225663636136;1.000538030004716;0.07470649106561648
b_ps[22];0.0003593253900950324;0.559963955237823;0.008449828473148393;4385.644503825603;2848.9549588060104;1.0019756995627669;0.06283332141789773
b_ps[23];-0.10725702623732468;0.5541340838151715;0.008250855584177848;4572.638217695431;2427.9116512856126;1.0000453921707821;0.06551238856902232
a_e;-0.012401145467343668;0.0469393593204591;0.0022679329588670334;428.738635893846;900.3990567619793;1.0076822829197984;0.006142557266073449
b_e;0.029175375731320792;0.012498988046987609;0.00028229563538193284;1953.7744931889792;2279.070596787972;1.0014695701933418;0.027991812971057684
σ;0.9751407884178247;0.0035103985463707335;4.3288845976516395e-5;6603.8407262802175;2063.565032021159;1.000776390727555;0.09461351611718968
