parameters;mean;std;mcse;ess_bulk;ess_tail;rhat;ess_per_sec
σ_aw;0.059041129217615736;0.01662669183336847;0.00038592962084185777;1862.4777283361548;2337.0329914647127;1.0002533986615985;0.03632964791880621
a_ws[1];-0.2860915823595216;0.5225378427072176;0.009054837521347456;3338.73079443947;2808.8238065142937;1.000639370980419;0.06512556494622944
a_ws[2];-0.4978078433902333;0.4692098310375975;0.009461207071523496;2449.302725784778;2680.867395265692;1.0010816897158625;0.04777630589646069
a_ws[3];-0.1516079301925144;0.5607088772581396;0.009954042196592773;3158.3091237236267;3390.4757309764645;1.0017300076593767;0.06160624459447146
a_ws[4];1.1192101004831296;0.5311219334934533;0.009895248616878762;2878.480537260694;3143.0883035560933;1.0019174596212868;0.0561478845458402
a_ws[5];-1.9812688035392838;0.5973521655731265;0.013339616855425666;1981.90102874669;1976.4494877920965;1.0026567304408331;0.038659128905992275
a_ws[6];0.36892468873803363;0.4516013804090587;0.009036216349569987;2497.896753178696;2637.175395304402;1.0025211303815704;0.04872418510023243
a_ws[7];-0.4592245254458413;0.5570006387984084;0.009232006718943607;3619.077485349745;3131.4586797161232;1.0010762587268176;0.07059403118398216
a_ws[8];0.8708097784860959;0.4292184986648354;0.009309207162012948;2074.1625471106872;2622.314889119594;1.001042466807933;0.04045878987783802
a_ws[9];0.4755125698532374;0.47790937827648844;0.008766090074668564;2949.624775205051;3191.937665654638;1.0018380735050267;0.05753563006174457
a_ws[10];0.37648547794189413;0.6496133737887013;0.010763743871353945;3644.435598761795;3188.357631360117;1.0001264112702128;0.07108866868655674
a_ws[11];0.19339833344018642;0.6422747742908167;0.0107456794091488;3560.3739917370845;2914.372868986596;1.0024724993029837;0.0694489558780578
σ_bw;0.045438460691596905;0.013817658890415438;0.000308623188229933;2040.2643534092815;2717.4405095608668;1.001527546090738;0.03979756884763771
b_ws[1];-0.22539008236023367;0.5764044448111992;0.009704789042463878;3512.935289891741;3138.094330178354;1.001115652998604;0.06852361255204327
b_ws[2];-0.8785542550943304;0.6036449997991272;0.009550292802201921;4016.125515869515;2944.714893852078;1.0005411491893248;0.07833888361157329
b_ws[3];0.13303302810983497;0.7611559837772346;0.011290654046515481;4536.5502736386625;2890.789189048342;1.0007955852037735;0.08849033290427091
b_ws[4];-0.4247866591753563;0.5925425815303172;0.009525320307605011;3855.4417583123736;3191.0959686940246;1.0009716100519175;0.07520457266143013
b_ws[5];2.051938410708882;0.6230164312253186;0.013241168976633293;2200.892956009766;2879.7300678494676;1.0005559180609938;0.0429308039405366
b_ws[6];-0.15157081999014954;0.6058051692603783;0.009726706708842606;3871.569501863907;2788.566435042353;1.001851768029013;0.07551916178968535
b_ws[7];-0.4397694486118617;0.6298198849756557;0.009548678235052708;4343.385851784589;2777.8439588656643;1.000469538247474;0.0847224513722499
b_ws[8];0.21934964725808132;0.42544803286020516;0.008466686731286893;2491.66818278808;3009.3217613748684;0.9999624536635997;0.04860269007997748
b_ws[9];0.17887606127626382;0.6145363740998055;0.009674510380144826;4012.352360885278;3145.6374314858235;0.9996911383809935;0.07826528413167891
b_ws[10];-0.17751934062381122;0.7857901098397558;0.010911318657643542;5190.891377857472;3450.7465512059325;0.9995832549642715;0.10125396576462675
b_ws[11];-0.372033397660848;0.7015574520136121;0.010967128923735501;4111.181409476077;3327.8120624822636;1.0001041926323673;0.08019305190298096
σ_ap;0.16166055802349763;0.025791661577933212;0.0008151179386031242;1003.2096940390347;1657.4043257109263;1.0038055972171347;0.019568693047261675
a_ps[1];0.1377292867871647;0.254340272076937;0.008974450765946664;804.568030817116;1676.16957110755;1.0029817941875847;0.015693971982379294
a_ps[2];-0.24776236541394409;0.2599043646841083;0.008706859807899718;879.1112721288586;1262.830201412624;1.0027729571340742;0.01714801874512986
a_ps[3];-1.5124236046175674;0.34064498377905705;0.011133500337520617;923.5038586948492;1063.9016811261608;1.0031031465316298;0.018013944289156817
a_ps[4];0.31646587259749115;0.26394047312628477;0.009520752434028428;767.7716294075955;1734.399894423408;1.0032931375355698;0.014976218267771832
a_ps[5];0.460410110254353;0.26693144137901476;0.009468365791845783;792.4827373879398;1547.201223073031;1.0010853786402725;0.015458235227733824
a_ps[6];-2.0223794234433194;0.3922664269654773;0.012895141270803786;912.2617691471398;1204.920184946876;1.0015082674342626;0.017794655140660615
a_ps[7];0.2653330008958917;0.256629033793723;0.009539283629258526;725.5712935082739;1798.5636139202647;1.0034403916519596;0.0141530549504594
a_ps[8];-0.021892598762568327;0.25948823006366306;0.009137323312158758;804.577324622477;1372.9206149769043;1.0029777495509429;0.015694153268131845
a_ps[9];0.5542794608115708;0.2681249395710873;0.009617175403640845;774.9946378284353;1449.555681823913;1.0028729112184553;0.015117110880258591
a_ps[10];1.2396411362634299;0.32028943703765483;0.011201170000004961;813.5573649716154;1303.5831521828711;1.0031401982850587;0.015869318693853378
a_ps[11];2.171426108455501;0.40824626624506166;0.013651198052702977;884.7447440545292;1453.977301141589;1.0028542041278032;0.017257905724451184
a_ps[12];1.07272919037599;0.3027856353640656;0.010672866319212743;800.4941652678444;1683.3289383359875;1.0044315824335386;0.015614506816798063
a_ps[13];-0.7051880950479896;0.2742702510081403;0.009258691309022939;871.4256096685073;1305.8136934151823;1.0026200634489737;0.016998101563861452
a_ps[14];-0.5783562209627553;0.27273095164428257;0.0090992969905061;892.6526672318975;1160.8194169982035;1.0047364718753693;0.017412158342043238
a_ps[15];-1.702920577941766;0.35458336668985363;0.01164739438222029;915.4465521448404;1117.451786192941;1.0020781231608706;0.017856777786877505
a_ps[16];0.2881207824709025;0.2608577821102275;0.0090728845960927;827.5460539863527;1592.964286449357;1.0036293257178162;0.016142183243597594
a_ps[17];0.07468001798979605;0.2555065902347354;0.009168703129969669;777.9027711725786;1677.4235382163122;1.0031704780004733;0.015173837174960675
a_ps[18];0.5516348186795755;0.2722769230633184;0.00992233588797784;752.2184778982878;1426.868630550934;1.0037462591015123;0.014672837180436212
a_ps[19];0.8339146218664473;0.2899082169242785;0.010177543059492384;809.1394453372563;1736.5991420190617;1.0040564635675682;0.015783142380221306
a_ps[20];0.5728996877464554;0.26989648555130086;0.00975749650306314;764.5199063165566;1655.2042755970504;1.0026311662440084;0.014912789882438908
a_ps[21];-0.40274503610188145;0.2604733245209743;0.009009691358381564;833.3547699387256;1306.0792031159547;1.0018012916297103;0.016255488547709113
a_ps[22];-0.526339673872842;0.2687640918835707;0.009365603882730207;816.3135013685237;1178.5664415985987;1.0025589971297322;0.015923080123261362
a_ps[23];-0.8594239976504575;0.28553029104054856;0.009747609228311385;850.1830898327506;1202.902770454885;1.0027950650830044;0.01658374317728857
σ_bp;0.05525164688944363;0.010491837189235634;0.0002669996567842765;1577.7784798220566;2157.0587866709384;1.0007051261730773;0.03077628032471109
b_ps[1];-0.3721829771412829;0.4491344261877139;0.007734038708672227;3385.9746557260887;2359.941720513132;1.0024370196506458;0.06604710769584453
b_ps[2];-0.6437443313829895;0.4496539857645315;0.007931253255628622;3214.128968255865;2656.5170120413295;1.0017216228337167;0.06269507119781043
b_ps[3];-1.0128836186895662;0.474440578819702;0.008139255576096904;3392.3092895045347;3111.15789518005;1.0035842832229094;0.06617067159750316
b_ps[4];0.7537917478774818;0.4562379618690171;0.00806796953049577;3220.419383460795;2987.2263796785783;1.00037276489221;0.06281777256823828
b_ps[5];0.22582071449831523;0.4418068957347676;0.0076796251683557875;3305.750938531105;2424.9917556706814;1.0007738381619609;0.06448225709060518
b_ps[6];-1.528218419363829;0.4897865883106773;0.008912879453155135;3019.090034331002;2913.9260955103196;1.0008554141596966;0.05889062527496999
b_ps[7];-0.18204841130213525;0.44775128732508057;0.0077521713605247745;3372.180043695579;2917.0837472414755;1.0009659984130161;0.06577802882815109
b_ps[8];-0.20586044931333397;0.44840297837203696;0.007575435664392104;3500.05858545999;3090.3672950645996;1.0007105900206121;0.06827243846751987
b_ps[9];0.5468083287928094;0.4492440973688547;0.008600681736292907;2795.1941862745525;2825.832877165682;1.0018827820801497;0.05452329394712647
b_ps[10];0.8733653873313908;0.46576414318805304;0.00836695141058861;3155.0144148432155;2968.2978842263874;1.000045169440762;0.06154197772469942
b_ps[11];2.1037279563238718;0.519446006931985;0.010398485646523405;2485.467710350954;2703.6939671169416;1.001229873450411;0.04848174314077715
b_ps[12];0.7878776622121191;0.46395210937556247;0.00807074327932409;3293.328779434142;2800.242321384117;1.001043401846723;0.06423994940578404
b_ps[13];-0.3803484898652683;0.44622667947849376;0.00750005806328162;3524.5532231972825;3066.2968837456756;1.0017797696137012;0.0687502329406326
b_ps[14];0.23188049520681858;0.45865366674301716;0.008207538314115245;3162.1622188594097;2235.966703900177;1.0003015597567089;0.061681403393715584
b_ps[15];-1.2044972066466517;0.47979697404211963;0.008390626028051316;3275.0627962074195;2802.6898223583466;0.9999322932356932;0.0638836515937772
b_ps[16];-0.8689127182458167;0.4558044924865232;0.007977402995350104;3267.4283414132306;3091.7391488481367;0.999984769045099;0.06373473327357118
b_ps[17];-0.03376995933620612;0.4465221132616823;0.0076084092802534;3441.6788019546802;2843.847788122063;1.0004916287530758;0.06713367747829788
b_ps[18];0.5886364194388795;0.4513554450909242;0.007508020159309379;3624.2541174513754;2609.25805290116;1.001216226667294;0.07069500700710003
b_ps[19];0.593042476805097;0.4530238448297886;0.0076195402827362825;3549.6106283020863;2941.4790171643685;1.0003559416636352;0.06923900480156092
b_ps[20];0.8470009433079945;0.46798831135621016;0.008410299918202475;3145.3521143853677;2723.9850736023377;1.0006847177463438;0.06135350407565723
b_ps[21];0.8457809158932308;0.4654877305169617;0.008657751051314238;2906.7607527777745;2639.1150767038207;1.0008012089660339;0.05669952081894686
b_ps[22];-0.891717074349155;0.4611725082514428;0.008260046322828854;3107.026576808516;2873.9389442649717;1.0004045292511998;0.06060592290178201
b_ps[23];-1.16035463314013;0.4647020741529011;0.008396124200698043;3059.390824766764;3020.6439798161805;1.000539076225218;0.05967673589798872
a_e;-0.009663060074692267;0.03934043189222211;0.0016222347110888536;593.0814977970414;855.2817543720143;1.002600493641419;0.011568697802025948
b_e;-0.002446553736038652;0.020798039603093843;0.0005208333360430835;1594.065350091185;2326.978425227352;1.0007237779823617;0.031093973392163392
σ;0.9870453358041678;0.003494101683317029;4.3982246227274836e-5;6314.816923311172;2295.423138815791;1.0024776255138999;0.12317735240816115
