parameters;mean;std;mcse;ess_bulk;ess_tail;rhat;ess_per_sec
σ_aw;0.05476533792176475;0.01604704700125822;0.00038783427976239775;1649.0304809761003;2262.9267029908683;1.0011465639267603;0.02772097535106353
a_ws[1];-1.2003906552444936;0.5690699359083076;0.010154115737759406;3112.5398186371613;2811.060453980237;1.0019802984728712;0.052323253321898425
a_ws[2];-0.11904538773651475;0.4778894140843915;0.008826672501670452;2915.724137416709;2411.872824093016;1.0015019049663916;0.04901468946528284
a_ws[3];0.5573006743145292;0.5923183529688282;0.010391996938060729;3261.1025395256174;3049.2151574500513;1.001450857453731;0.054820662297260785
a_ws[4];-0.9994372709051045;0.559185411853186;0.010810730439729596;2671.7325678165985;2683.643308278919;1.0011399970937676;0.044913076811799096
a_ws[5];1.832078826135426;0.5772991910651376;0.013484083005439709;1815.2823626716636;2492.242367310174;1.0028263343089718;0.03051574741120317
a_ws[6];-0.42425543531904586;0.46894770226885263;0.009140192255214147;2631.7433441591456;3071.426225922494;1.0010710932350795;0.044240839217585405
a_ws[7];0.6095182906590874;0.5639475659921976;0.010430572297277911;2922.9360049802485;2910.465017917415;1.00051748939213;0.04913592433951371
a_ws[8];-0.18561680485239185;0.3881290257460021;0.00808732736919985;2297.6283258612125;2863.0716466545728;1.0015504175529901;0.03862420914706376
a_ws[9];0.06166725346849478;0.4773141541224642;0.008558935359503115;3100.8729596807016;2942.931438239499;1.000461723353007;0.05212712795412177
a_ws[10];-0.3563806319601455;0.6601761935367774;0.009607666889808086;4698.786725229238;3141.5094309648584;1.0005619082462456;0.07898880735842022
a_ws[11];0.16495897680101004;0.6521717840766961;0.010246454976573508;4057.7870410504042;3059.32769396614;1.0007146235337034;0.0682133022054512
σ_bw;0.03742280340266085;0.013951690127676839;0.0003342987726132749;1718.0923194376185;2411.7846160042145;1.0018544573841923;0.028881937227618813
b_ws[1];-0.2946399784857115;0.6316785975321398;0.01096306657305363;3315.1548823714948;3052.904685464391;1.000646234578798;0.05572930751697247
b_ws[2];-0.014138015979304744;0.6125315064401317;0.009742855061591634;3955.5878547848365;3262.916092489078;1.0009753154785694;0.06649528597952334
b_ws[3];-0.7495281112668339;0.8140345793029368;0.011372117029989382;5100.369852898036;3011.8709041555267;1.0007960977757073;0.08573960797243936
b_ws[4];1.003492090629279;0.6614183542985146;0.011292894504280112;3428.9617751424626;2649.2299778258994;1.0008502059893614;0.05764245473024757
b_ws[5];-0.89289916834425;0.539892998631669;0.01125125103808899;2309.8238283328765;2547.793191960235;1.000497353165905;0.03882922126012713
b_ws[6];-0.9185043563121249;0.6683000027207787;0.010793514413453567;3847.5863801188502;2823.6093229041066;1.0021877896311118;0.06467973056582223
b_ws[7];0.3458666488141434;0.6795572709210873;0.011787009857726518;3315.763828090317;3197.584928940011;1.0006722763554026;0.05573954417994283
b_ws[8];0.6411362326664671;0.4964917478166932;0.009891424560186891;2546.913219020019;2604.6215343027384;1.00252238897879;0.04281480505075944
b_ws[9];1.1462352319208553;0.6848295896113928;0.010028515387963878;4681.312794339504;3156.2411332335723;1.0025465050568754;0.07869506238944077
b_ws[10];-0.03547449522055577;0.8287515632666692;0.011547075174778394;5121.351279687676;3093.2392453038665;1.000362398703227;0.0860923155915984
b_ws[11];-0.13677273282612837;0.76617321190304;0.011831387812667545;4172.240280156654;3361.7432963067718;1.0019961869537952;0.0701373148035905
σ_ap;0.2052502774768122;0.03203624235054195;0.001029671553770745;939.6115477927304;1772.0025885400912;1.0019671707544622;0.015795310551518203
a_ps[1];-0.28638205403858524;0.23990189117319435;0.01070783255041944;501.282296382304;828.0430638518113;1.015579020435071;0.008426790373039667
a_ps[2];-0.6319972700592372;0.2524275996932261;0.010732506309679347;557.0671349612204;796.0758407910206;1.0124695141266584;0.009364559658113064
a_ps[3];-0.448070039788088;0.24141207847066176;0.010804540292016978;500.35356288205;938.7881163504693;1.0166418738314664;0.008411177927566245
a_ps[4];-0.16812741295798525;0.23690746705114088;0.01042162292154896;518.5644804522603;947.4078071428993;1.0156047272649658;0.008717311988099337
a_ps[5];-0.3571696993937112;0.243392869178234;0.010324464368570504;557.1560442970759;939.7571866177127;1.0143073859033918;0.00936605426572412
a_ps[6];1.0636546532524709;0.2835285745844759;0.012781121118097176;482.66094739385676;1041.9273759370142;1.0184680902985666;0.00811375676798056
a_ps[7];-1.3406677673586667;0.3070226786970376;0.011913052108044388;662.3996780635756;974.2141525103215;1.0093412207091164;0.011135249081195684
a_ps[8];0.5100823544315687;0.24895568907832588;0.011226720508216692;492.7553340344584;879.6783625731865;1.0167777693640285;0.00828344813904763
a_ps[9];1.0110213651092177;0.2722686063504978;0.011796487381919426;530.0313693267155;922.1605145986725;1.014705024921432;0.008910075765063604
a_ps[10];0.3209894974846917;0.23581623426473292;0.01040347575520079;514.5612834969555;865.8884809168626;1.0165930379967083;0.008650016370823802
a_ps[11];1.9374746854414888;0.36465880909921117;0.013939391358137819;677.9940225041634;1485.816912709048;1.0097103090437194;0.01139739732092843
a_ps[12];2.2026546541955936;0.39422216089633766;0.014275514731881838;761.1595748499466;1295.8018591816967;1.0086012290602009;0.012795449238847133
a_ps[13];0.15973162074249528;0.2390393759114768;0.010420305749940085;527.0534976800787;938.3868400629016;1.0165135628284796;0.008860016346837335
a_ps[14];1.382013996278566;0.3097367642900123;0.012195668218451706;648.0827422069906;1312.237277156144;1.0119067387862235;0.010894574678531986
a_ps[15];-0.5528012637606766;0.24885708064486683;0.010273509522462053;593.9892149157934;924.8916638450397;1.0145984885213104;0.009985237128989691
a_ps[16];-0.31123619692351906;0.2394378396131794;0.010627209026832625;507.0855198397317;946.8469416143648;1.016249348086341;0.008524345279559553
a_ps[17];-0.9038705471429613;0.2706851167917569;0.010734659888201869;631.3359212868542;836.3809735130134;1.0131213659218654;0.010613052768966687
a_ps[18];0.0019080283429039903;0.23203164479234856;0.010432688347139915;496.03562856546284;776.8173747270889;1.016321485914463;0.008338591427717696
a_ps[19];0.23209849070288494;0.23512161923128613;0.010057781234932875;547.079729941754;802.7236154460143;1.0165842059417225;0.009196666698243797
a_ps[20];-0.3171432796138731;0.24306646645802815;0.010318584144852969;558.4823642576287;826.3584139747556;1.0145720425006195;0.009388350325959673
a_ps[21];-1.416447064186419;0.31439797116146906;0.010968491216998088;815.7825927474158;1138.7049457929372;1.0079629740616436;0.013713687773674066
a_ps[22];-1.2734125589207428;0.29934459139334696;0.011278592601147691;698.2670840242757;1077.4284158108567;1.0101363290669703;0.011738196987867863
a_ps[23];-0.7525238088221936;0.26048919179391916;0.011096491239809674;549.9756940958928;1095.1975869177388;1.0128508418652027;0.009245349213127892
σ_bp;0.059089971270523706;0.010940593866023095;0.00033299209504051983;1090.9111230688516;1672.0035928778925;1.0037656920488385;0.018338727332009187
b_ps[1];-1.249050936496711;0.45209269666989177;0.00923806185368269;2410.7009109791197;2555.901216661141;1.00191428448303;0.04052501230449185
b_ps[2];-0.5725917888047709;0.4250895191954856;0.008101635803762232;2765.727475339784;2722.1135923675047;1.000077429716735;0.04649317526639733
b_ps[3];0.14552292650280207;0.43012094026357856;0.0074968941520840975;3279.8454600134;2704.618707886645;1.0005059433889767;0.05513573957620909
b_ps[4];0.08805860911009784;0.4144766769588997;0.007537279930179745;3030.8849788286807;2673.690896199878;1.0004024182067746;0.050950597189862536
b_ps[5];-0.5769362652901193;0.4384222592765163;0.008892646847197922;2436.504419947956;2750.058852856827;1.0008453207927366;0.04095878138538395
b_ps[6];-1.1676318308525606;0.4521878198404023;0.009292247812089198;2381.324537625051;2771.1930374584954;1.0011745016529914;0.04003118169854104
b_ps[7];-0.5517197872976803;0.4320665863860502;0.008187682841460339;2779.6390768625843;2380.9815048338824;1.0019826626457993;0.04672703580891386
b_ps[8];1.0601158135230246;0.4492772986619105;0.008117212899050805;3052.9089283235735;2747.9139229031384;1.0005178902298655;0.051320830104368526
b_ps[9];-0.26871808335485714;0.432611065837073;0.007894333210217406;3002.928567687601;2767.4298561675287;1.0014243779851693;0.05048063681430457
b_ps[10];0.7676231311322024;0.4332603972794567;0.009062944327530789;2280.494957391596;2626.1526203044637;1.0003898375168954;0.03833618919200156
b_ps[11];1.386370992309251;0.4713265630821614;0.0096389772442663;2382.829575175014;2628.5614593765995;1.0011126071826237;0.04005648208522659
b_ps[12];1.499648214838235;0.4693655346098217;0.009879635540022432;2253.971184418215;2449.859297560154;1.0023195336137347;0.037890312135576816
b_ps[13];0.7445107247047544;0.4359803338058296;0.008625675405828453;2569.5102457349794;2731.2582747819024;1.0026491058579117;0.04319467166195874
b_ps[14];1.4973009429308692;0.4580755354887335;0.009675599180803995;2251.531046435925;2613.9465105628765;1.00137759101729;0.03784929227230527
b_ps[15];0.32964991484371664;0.42945274110059134;0.008048468735208841;2860.1913507363356;2709.6496340885324;1.0012376688462221;0.04808115729077065
b_ps[16];-1.170279244725115;0.44859398677840595;0.00961324474928017;2210.4335122063712;2379.3288530620803;1.000421191600384;0.037158423457865526
b_ps[17];-0.9548865050917194;0.44527307967990554;0.009092992224281258;2404.9113145174706;2782.283668162188;1.0001389598323256;0.04042768647415851
b_ps[18];-0.26271969129364514;0.4335846813560091;0.008139231204794588;2834.328302127054;2820.6142412907516;1.0009972120931374;0.04764638732061408
b_ps[19];1.0867175554434818;0.43657138781467997;0.008845200490241319;2446.3420836611754;2571.420265373405;0.9994956360101188;0.04112415712370552
b_ps[20];0.03547295186140659;0.424105397758788;0.007572668182344789;3147.4263988562043;2563.6957927710473;1.000298445776181;0.0529097130881015
b_ps[21];-0.884005995074479;0.4403669738807139;0.008387490739531418;2785.6449484274726;2653.264514293708;1.0003961914464774;0.046827997325109345
b_ps[22];-0.7997239344019446;0.4298042383612496;0.008336201941880816;2690.9643687940206;2511.464255498088;1.0000866637012558;0.04523637240093587
b_ps[23];-0.19064645150560375;0.4293904656180951;0.007846961352783597;2998.907061137051;2705.6220119931922;1.0022914122618642;0.050413033404150535
a_e;-0.005882887208851553;0.04666006105839697;0.002238957251526578;438.49413226504214;709.9647958960791;1.0181572946890767;0.0073712919029308085
b_e;-0.03102227592280372;0.0192453718496232;0.0005261330716361245;1341.3945042105208;2078.9295955080793;1.002764643811337;0.022549470380475556
σ;0.9731297942239463;0.0034744038375526093;4.216273779257667e-5;6810.49537659679;2736.5714776503064;1.0012504896620764;0.11448761962933539
