parameters;mean;std;mcse;ess_bulk;ess_tail;rhat;ess_per_sec
σ_aw;0.02904707474431403;0.011092758372566366;0.0002811175094996386;1530.6178418197524;2229.020516116469;1.0006731899834531;0.02759845985259306
a_ws[1];0.014619635140201998;0.6969553243509301;0.011424050122062587;3779.461892710442;3171.6317789240657;0.9997283199290199;0.06814720465192244
a_ws[2];-0.4592749185752182;0.6590388496222831;0.009912536334209236;4414.096980730416;2967.8521772659806;1.0006965592054897;0.0795902641271358
a_ws[3];-0.3965640267476137;0.7217922593103822;0.010770650030182955;4501.271748817364;2985.075494938094;1.000282897397216;0.08116210607975956
a_ws[4];-0.3331721349947207;0.6223506718873235;0.010253690362504356;3693.6973601703103;3189.520319278193;1.00007710165636;0.06660079055467714
a_ws[5];1.60734325872721;0.6171075351587535;0.012579648823634541;2452.727272597119;2783.015101675762;1.0005294386762484;0.04422494845718851
a_ws[6];-0.15999562174708934;0.58741876926944;0.011041137784840317;2836.6093762574005;3090.38652880987;1.0002193878876786;0.05114669896638248
a_ws[7];0.6744613170758398;0.7155048267145877;0.010959977447141063;4268.346056636169;2959.9780155183894;1.0010538446159776;0.07696223973254813
a_ws[8];0.16246954314045103;0.5162294825850171;0.009718164171937719;2822.322859633965;3142.6152751216355;1.000328088579695;0.050889099816096524
a_ws[9];-1.170729232267594;0.697511584808;0.010860168455880434;4144.1266159992865;2120.946862729973;1.000857630498561;0.07472244796241385
a_ws[10];0.07034306423976772;0.8073687997069879;0.011314878598223796;5087.23369004711;3243.938512223592;1.0019094152688306;0.09172754355757581
a_ws[11];-0.09820108250526062;0.770234210617183;0.011005146398027476;4897.502370351135;3192.620863910453;1.0030838892730396;0.0883065118236301
σ_bw;0.012022035141444079;0.010564222012439142;0.0003055787975262655;1061.0395018273962;1425.1311499566566;1.001702277477648;0.019131526690152844
b_ws[1];-0.1523697380673607;0.8749386143490423;0.013864419714704127;4027.5558439938795;3266.7073092639544;0.9999342762674099;0.07262056878442642
b_ws[2];0.16442178914657318;0.8991601812267279;0.01272692245006116;5028.17009248484;3042.5529336871937;1.0021729815257048;0.09066257209210926
b_ws[3];0.383459820035561;0.9944443209046826;0.014254259355325325;4878.275541916861;2809.9007016965243;1.0016685610673255;0.08795983426758833
b_ws[4];0.022772702343502402;0.9102658129987447;0.014099388378850438;4175.545467918943;2424.9431169711956;1.0007471148676985;0.07528895901411328
b_ws[5];-0.31812541945516876;0.8212441187531324;0.015366795901903303;2934.3402543054467;2495.1106771503023;1.000602204111112;0.052908877375959194
b_ws[6];-0.2551110300194553;0.9187008039943916;0.013108100509491917;4910.733628710594;3107.388194970756;1.0014947459123917;0.08854508368830839
b_ws[7];0.2391955796385933;0.9253316011544078;0.012449303860431063;5595.200226492151;2895.703115966587;1.001263830808974;0.10088665152006494
b_ws[8];-0.48822999967719943;0.8184407603451829;0.015021667311661054;2984.031085714113;2894.129124257101;1.0008400833253546;0.05380484917127265
b_ws[9];-0.11907768851594693;0.9369622782470861;0.011796609930220659;6348.196843509987;2823.9660450338047;1.0004917106238065;0.11446387918337111
b_ws[10];0.4978648970777549;1.0327027670090567;0.017066420916918342;3691.7318650324546;2872.2861401603354;1.0006115768201196;0.06656535085368158
b_ws[11];-0.0011714691690617477;0.9385786950966916;0.012819054033078108;5347.366667576713;2820.0744919992603;1.0000491740510393;0.09641798250355778
σ_ap;0.21901404558275836;0.034552258825916934;0.001276951346046288;725.5793116501508;1608.030277637957;1.0041517163988372;0.01308286820872362
a_ps[1];-0.976394299952841;0.26927682234420636;0.01047542878029353;657.7755826361587;1241.2472652464871;1.0079294285565803;0.011860304063761087
a_ps[2];1.1339162653699355;0.2882612888687632;0.013583987841926215;444.8823859925349;714.7363838093551;1.0067029232761135;0.008021642197992009
a_ps[3];-0.7852135964051153;0.2560072288264494;0.010271560108822726;617.0988418638786;1029.7971841181782;1.0080960159436125;0.011126864686232711
a_ps[4];1.2532592622437255;0.2972251322401298;0.01404180958810519;443.63651782502615;797.6983002538626;1.003526480764043;0.00799917803896866
a_ps[5];0.7508761420397994;0.25651914090225614;0.012488597670895251;421.9206700969451;933.8447170009711;1.003026089525592;0.007607621155654187
a_ps[6];-2.7512405623775598;0.4603831042777201;0.01676655023272689;752.2809725767219;1539.5379835377778;1.0082379513232602;0.013564323930031163
a_ps[7];0.10295675245715083;0.23054638591471974;0.010533234795067986;479.2051668917996;865.1777622596634;1.00503833731338;0.008640513783567878
a_ps[8];0.4517708101068338;0.24215922094257353;0.011208505214523861;465.37122152701875;948.0166982964233;1.0032807628097322;0.00839107491298804
a_ps[9];-0.2171428613002176;0.2329575482890221;0.01023881975789744;518.0531790398885;1085.8487396969763;1.0041663648627737;0.009340979487239153
a_ps[10];-0.21895107107736417;0.23190952917864968;0.010225997958987652;516.6737519610309;1053.014045563687;1.0057852496797413;0.009316107137123221
a_ps[11];0.6059406402634638;0.24835654089968587;0.011746777841437597;446.7070968237534;1078.72742937909;1.0029286993528685;0.008054543427313956
a_ps[12];-0.14001495433189787;0.2299071532488014;0.010694141439153176;462.61145676635084;948.3421611088602;1.0067204040315392;0.008341313793740049
a_ps[13];0.42088300837000314;0.23688483726883813;0.011126591096359773;452.51444356527287;870.8367699112562;1.0032659552091336;0.008159255277337449
a_ps[14];-0.0847240034710604;0.23031433823881534;0.01045042970503512;485.46169298242035;1006.8140993765052;1.0061469345870673;0.008753324754021097
a_ps[15];-0.9836186169028354;0.2685640909400576;0.0107652887378605;618.7424857917305;1105.9225309233934;1.0121823432825487;0.0111565011112863
a_ps[16];-0.4287082550424673;0.23566378743130295;0.010386277037556544;512.8824270831268;963.2962967365826;1.0078351543996877;0.009247746031841335
a_ps[17];0.12286249163014515;0.23094730852753526;0.010506923612736566;484.82202968539934;941.8943368819998;1.0038288758601648;0.008741791031272235
a_ps[18];0.0013818482154616262;0.22824036920549384;0.010394165750347746;482.1239651466212;1139.9777873791058;1.0049841132355333;0.008693142424272694
a_ps[19];-0.526633408166676;0.23996323127586347;0.009997624294165813;577.5291922622514;1096.0193819214564;1.0065914259112758;0.010413387189711874
a_ps[20];0.8174372142790945;0.26047918391371544;0.012739937128958167;416.35114731136184;905.7606012169077;1.002268831927208;0.0075071974922182
a_ps[21];2.1624948447231467;0.3924396188304732;0.01757748862894726;495.31100663786464;976.2762401888956;1.0050709143073273;0.008930917017791001
a_ps[22];0.3403547015242485;0.23756257768890654;0.0110065861416261;466.05370916607933;894.465876529521;1.0025634536624233;0.008403380798357904
a_ps[23];-0.5572446752213832;0.2426196315207826;0.009706359968069518;624.1573195182702;1002.4099380654634;1.0063421481191466;0.011254135587461427
σ_bp;0.05078022883329334;0.009984426637134565;0.00027811045339388627;1267.3155347440781;2230.0162734252103;1.0026434812077565;0.022850874954272724
b_ps[1];-0.22277211363239632;0.47153106159892566;0.007646330706433982;3804.0541797398405;2596.354030394229;1.000193435790377;0.06859062640470782
b_ps[2];1.519365183453418;0.48436479474968647;0.009516614305443557;2591.315175728155;2995.0933412053496;1.0009805448714328;0.04672381693769023
b_ps[3];-0.6802696979175666;0.487265079843905;0.008507673143076346;3294.5393924709538;2788.0079820392075;1.0020028774979948;0.05940360204333964
b_ps[4];-0.15580699354671515;0.47004888636965664;0.008635695129742908;2964.653999098217;2210.277175721483;1.0014346576829518;0.053455462320801055
b_ps[5];0.7053312680122503;0.47466267414010305;0.00855063804550807;3091.5055547217507;2860.7934336693666;1.001354111285598;0.05574271356631956
b_ps[6];0.5592047475926464;0.48740135346170327;0.007975978553134495;3750.7770274264;2962.4122516166344;1.000891969972151;0.06762998991595838
b_ps[7];-0.460773668270455;0.48575439047567115;0.008211928418014302;3496.5901930714463;2921.3822676920176;1.0002624378347107;0.06304676544846977
b_ps[8];0.6861195898981971;0.4710264190858926;0.008145783304407165;3347.0894860359303;3208.573080148143;1.0006706753599752;0.06035112898826193
b_ps[9];-0.9540625061857015;0.4732178550587709;0.009198159543184233;2644.2416622116343;2538.6666473256446;1.0005833903509997;0.04767813059616458
b_ps[10];-1.3997106884002442;0.5066623812081036;0.009537515197772479;2849.203268186315;2926.5786270440144;1.0003042420315431;0.05137377852294561
b_ps[11];-1.7533937026462445;0.5144731861902894;0.010002835949764751;2689.5362401096195;2783.4133765114652;1.0022627807236304;0.04849483386167173
b_ps[12];-0.016842867369661896;0.4720402512602949;0.008240814426108724;3282.406631816417;2790.428280314972;1.000578079547417;0.05918483711150841
b_ps[13];0.1820626366706046;0.4671404729355837;0.008268554124335163;3199.3658222574;2550.181623575099;1.0004407935822746;0.05768753426678485
b_ps[14];1.1824256675427554;0.49131223336121943;0.009147428738809292;2942.0977838212734;2254.3412249210473;1.0000662232673514;0.0530487528308561
b_ps[15];0.4860401663384406;0.4723123589007637;0.008138592691812267;3394.638952438079;2948.3845957848775;1.0015784666542118;0.061208489985669176
b_ps[16];-0.6221654510840368;0.48536037219570727;0.008662905940566294;3148.957184522364;3000.751214404846;1.0000059258533993;0.05677861975739935
b_ps[17];0.608779354256398;0.4616664573645086;0.007755549923033018;3532.2298476475385;2707.514208949198;1.0015764892319083;0.06368938148828357
b_ps[18];-0.5914043119408428;0.4820300331175546;0.00847658480643261;3225.9995521374212;2787.2262404009466;1.0018590466715567;0.05816776512829413
b_ps[19];-1.0524081119181992;0.49468307635924436;0.009423369959683094;2781.311535251772;2835.0035596283383;1.0008156738467713;0.05014962758564221
b_ps[20];-0.33048501951794923;0.4825095645259422;0.00773384746497008;3864.41874689085;3073.5609909209693;1.000051789058046;0.06967905555894767
b_ps[21];1.5139798343890847;0.4965775938140641;0.009228728933194532;2926.002359030403;2798.6527756140977;1.001154512818836;0.052758537387938516
b_ps[22];0.2875294766872215;0.4707472986130879;0.008283604480019295;3227.8467589427487;2799.0971842204185;1.000455981623706;0.058201071980901874
b_ps[23];0.568850195474168;0.4787824507102266;0.00798911271159852;3587.524459523746;2888.4127668871747;1.0008081252951773;0.06468639464482427
a_e;-0.012452915004854691;0.04647821392671486;0.002435856782197584;369.2925482480701;761.7893367724196;1.0066762723770983;0.0066586872883756445
b_e;0.026901849501546657;0.013658696106945535;0.00038958087949716986;1239.5868237866048;1979.6775526989206;1.001070567788497;0.02235090056797251
σ;0.9801310939975851;0.0034062547180060297;3.8004403307711525e-5;8009.977461600714;3070.20619264523;1.0001097207883152;0.1444273255898681
