parameters;mean;std;mcse;ess_bulk;ess_tail;rhat;ess_per_sec
σ_aw;0.059757925519911374;0.017796558678633938;0.0005216643266375093;1259.366254409673;1508.2698712969745;1.001214131428363;0.03313901434893231
a_ws[1];-0.3271568290809476;0.49655178272817796;0.012544822543277448;1564.222451778273;2612.8911030267886;1.0014219679519443;0.04116101260685337
a_ws[2];-0.5444882369681746;0.4266902285910397;0.01148406195286141;1371.7535368382432;2415.712559955345;1.0021929367891838;0.03609637782599618
a_ws[3];-0.18096777965298882;0.5340879379686942;0.010575498048149421;2524.281808123922;2641.454579732983;1.0000919945439635;0.06642405318330477
a_ws[4];1.08544008999589;0.5085706300178614;0.013134177082906744;1502.2977238660678;2518.3364337509443;1.0006805108047898;0.03953152282208998
a_ws[5];-2.001289410293484;0.5698011233619928;0.015781009898105117;1255.108763481088;1677.193682564593;1.001046279073014;0.03302698256113523
a_ws[6];0.33082803934334004;0.4060633656317726;0.01156102656836554;1225.177645107196;2562.5645646952353;1.0036989917009815;0.03223937390654495
a_ws[7];-0.47784991281753153;0.5223857193800984;0.010303881801548684;2538.2023465687384;3240.7060517668224;1.0006988912903378;0.06679035879269549
a_ws[8];0.8260995725013097;0.3889821823255516;0.014798719926839931;651.6198932138617;1126.3922864410074;1.0077261608498675;0.017146752118894985
a_ws[9];0.4355787671953183;0.4391030391736827;0.012542832930530766;1236.0258995152808;2288.170051372736;1.0036828276289531;0.03252483531003389
a_ws[10];0.3674555761965023;0.627972513740177;0.012255796844851645;2630.0155771223435;2805.768051228345;1.0007291950044852;0.06920633583994769
a_ws[11];0.19659570106605223;0.6107544003263992;0.011608802326995422;2772.2538332297;2755.0223202018806;1.0002248537501006;0.07294919904086639
σ_bw;0.04355132834193898;0.012854341681055807;0.00033896451464651196;1474.5084031943438;2299.2133988642286;0.9995955551543153;0.03880027351851148
b_ws[1];-0.24806053639865416;0.49904933437510113;0.008124819914746234;3768.7865124440373;3041.7482989657974;1.0002487651311374;0.09917200010452036
b_ws[2];-0.8952242826738847;0.5413815413220864;0.01031682471825276;2802.739054619727;2812.176248906935;0.9998247195602747;0.0737513883845439
b_ws[3];0.14919751059528336;0.7449180920349442;0.011656481931364256;4080.0745561176886;3097.6480332075394;1.0000860397798148;0.10736324622520327
b_ws[4];-0.41628494002834043;0.5451503685741508;0.009589039500525783;3233.990447289896;2871.2490647602767;0.9998745712888238;0.0850993549031424
b_ws[5];2.117521220547342;0.5680617513754905;0.014183662515020172;1588.0378440384222;2455.7396161456677;1.0005184236572737;0.04178769179813001
b_ws[6];-0.16929515583556054;0.5443875252551023;0.009444446840786125;3321.8518312096185;2918.7564266559043;1.0003510782659686;0.08741134289888042
b_ws[7];-0.44477376456282613;0.6069149670447253;0.00983581110751758;3775.6225755543633;2964.8921882170903;1.000029804590021;0.09935188454457905
b_ws[8];0.22060212388002612;0.3074599451571916;0.006576402774284538;2223.44692279086;2300.6470690060396;1.0015109429987294;0.058507871892275264
b_ws[9];0.17780730977183856;0.5809785166108071;0.009115058022868203;4086.928079017093;2714.2776594421443;1.0008574773050427;0.10754359010285508
b_ws[10];-0.165326473040571;0.7810543710229746;0.013023790779691478;3589.7209500645527;2937.5195366616276;1.0007811069472583;0.09446006168286163
b_ws[11];-0.35461734851262916;0.7137631098690232;0.011299824717831267;4031.566435786087;3351.9963300214426;1.001005232734078;0.1060868015927701
σ_p[1];0.15591502404327964;0.02443140974421124;0.0010903612494271079;483.0562869112699;921.9881311320383;1.0032351618693713;0.012711162592488456
σ_p[2];0.052924202252073956;0.00989301286012679;0.0003283075185528889;913.4260707849421;1499.7514037549624;1.001224593083602;0.024035930421702552
L_p.L[1, 1];1.0;0.0;NaN;NaN;NaN;NaN;NaN
L_p.L[2, 1];0.8504163743567329;0.09055419995917613;0.0022142619866163658;1516.5543845262223;2532.0354582809437;1.0025973669924746;0.03990667316499494
L_p.L[2, 2];0.5001607314337307;0.135785968717264;0.0034704015098000664;1516.5543845262212;2532.0354582809437;1.0025973669924746;0.03990667316499491
z_p[1, 1];0.07569485850903943;0.18264213122873585;0.00501482654545212;1345.8384496027134;1648.6157827855798;1.0013980125867845;0.03541444717655646
z_p[2, 1];-0.604796245249534;0.6988433134234996;0.010085377086418636;4796.944667956621;3164.4897570406797;1.0004365490192728;0.12622699522543898
z_p[1, 2];-0.32623477007901625;0.18959660243466075;0.0055079355738417764;1180.719723510259;2156.5976484410667;1.002471525269996;0.031069506366767804
z_p[2, 2];-0.5799588012394953;0.6991925112207216;0.010293128386962508;4577.601387874666;2894.6985899727033;1.0011521538434285;0.1204551873176711
z_p[1, 3];-1.6014644699331997;0.2842853303657341;0.010776116661707117;693.3380793619857;1346.6034244031475;1.0025363678178683;0.018244526149708725
z_p[2, 3];0.07385068820906583;0.73050818285098;0.010714484588780616;4666.590312103123;3246.0460095881954;1.0009868328561315;0.1227968454545133
z_p[1, 4];0.3096345717898131;0.19323944666613355;0.006564390962182985;899.4639498826456;1313.602759394477;1.0035002588033093;0.023668530609850663
z_p[2, 4];0.6845892928355086;0.7232012077383253;0.010804498938825093;4475.090669126391;2552.9501969619596;1.0003592544448687;0.11775771613514299
z_p[1, 5];0.42511123626586855;0.1985466136127498;0.007170923136697938;852.1091317910028;703.3048059647243;1.0029296950949214;0.022422434019017654
z_p[2, 5];-0.11752349366933053;0.7159942789757221;0.01101176309042092;4238.318237005853;3122.6934413573617;1.0031604455826568;0.11152727681854235
z_p[1, 6];-2.14452860654911;0.3540452371093926;0.014282697721447782;608.6342925499048;1321.5149298929362;1.0009433052470778;0.016015627291457016
z_p[2, 6];-0.12924847502661121;0.7938816063158822;0.01278521009132414;3852.421110538539;3100.484312159115;1.0004970676470386;0.1013727642877881
z_p[1, 7];0.20667642682232673;0.18602309207506107;0.005753880797033372;1070.0044729727113;1711.3803606075107;1.0014964619958395;0.02815614080423789
z_p[2, 7];-0.46002296430306966;0.6946051166200442;0.010305230668757851;4542.846631160624;3129.7557985795393;1.0002558110794433;0.11954064924949001
z_p[1, 8];-0.07580343952777568;0.18327028546266974;0.004920675596893414;1379.7424487111462;2148.1503890505314;1.0027766323225227;0.03630659837483293
z_p[2, 8];-0.25738426244084106;0.7073885865559828;0.010540145788036085;4477.002269381752;2731.208684947232;1.0002388791595616;0.11780801806126656
z_p[1, 9];0.5331323387659783;0.20589542410692496;0.007680584831460895;763.8008332456103;1063.5736421386782;1.003892714257583;0.02009868589381691
z_p[2, 9];0.20855137215299435;0.7228341353859424;0.010432189816873466;4818.031414645164;2850.719556200628;1.0011656068836754;0.12678187272722777
z_p[1, 10];1.2274741844896058;0.2596724607632854;0.010946577963580634;588.6270436797518;1007.329474732253;1.004332877172154;0.015489155738746202
z_p[2, 10];-0.004945759184242497;0.7211300515726984;0.010656522919197138;4542.322749273597;3082.81918496108;1.0000197307656677;0.11952686380041151
z_p[1, 11];2.2328694352820846;0.380370337526986;0.01727322373174547;503.41201434938307;1021.547526080957;1.0038480041747824;0.013246804024274151
z_p[2, 11];0.719598391939151;0.7872170997833929;0.013630533928631117;3335.7977221026504;3156.4693604957997;1.0005931033604933;0.08777831563361474
z_p[1, 12];1.0631383986631673;0.2479383158691441;0.010301018551398124;629.8523419819202;693.5694959659842;1.0025131938596419;0.016573959898926724
z_p[2, 12];0.03700703085412287;0.7257575361255603;0.01149621924596808;3982.84855844897;2931.0115782054318;1.000335478346662;0.10480483740604428
z_p[1, 13];-0.7646552126309917;0.21376621245047625;0.0064993248105425245;1104.6273523725026;1739.0418934502216;1.0037053313264646;0.02906720864745945
z_p[2, 13];0.1388873536317388;0.7185201881764819;0.009792945008364874;5344.24570627969;3018.012491623688;1.001581976260883;0.14062869679451545
z_p[1, 14];-0.6117784985835633;0.202173180783033;0.0057907147152216915;1229.7217617264128;1717.1522383789904;1.002591121819901;0.03235894797431131
z_p[2, 14];0.8021656958895299;0.7258673805266568;0.010549037178821335;4756.104239045291;2687.405751615097;1.0001952074789664;0.12515231853391248
z_p[1, 15];-1.804916161980358;0.31216008941921447;0.011991640506398976;672.0832334717123;1678.4639864178985;1.002553802402441;0.017685225278754164
z_p[2, 15];-0.01538660471927934;0.7482650405997964;0.011338813887289894;4362.352790438032;3312.51250323655;1.0010747132777258;0.11479112705397615
z_p[1, 16];0.19343016037442898;0.19169355591929907;0.006553127414495105;896.9515820754756;1226.0051531486356;1.005437188748184;0.023602420062168384
z_p[2, 16];-1.3512753995793179;0.6936456953977449;0.009948953197243772;4874.541121206592;3034.783231768079;1.0000740422383432;0.12826887142203633
z_p[1, 17];0.027731877365706203;0.17944473624405372;0.005744882405098173;1013.4583314295844;1258.1178095027;1.003637399603577;0.026668183357853224
z_p[2, 17];-0.096681791511374;0.7052854760439623;0.009862303997136758;5126.097465455137;3042.9863758280876;1.0001712426119633;0.134888335197906
z_p[1, 18];0.5379631270354955;0.20143948811283083;0.006976011093594203;926.2404054072633;1294.023041020025;1.0053423841035465;0.024373127339147493
z_p[2, 18];0.2447240874480026;0.7240765898520563;0.010018631445399079;5224.948803965122;2756.6569103835373;1.0028297189467756;0.13748951330143483
z_p[1, 19];0.8143970681904644;0.22550706733099923;0.008837164826138616;716.7033895830174;1118.6536536711396;1.0044731820302315;0.0188593618640776
z_p[2, 19];0.008298525247527982;0.7178391066172788;0.010536844740621778;4522.41803607354;3133.297853644252;1.000032448991202;0.119003090375454
z_p[1, 20];0.5707928555138665;0.20524298875786456;0.00776667777245036;755.2070094838322;1191.0326186711366;1.0040040212241872;0.019872547669168943
z_p[2, 20];0.5570084106212663;0.7229447764136279;0.01033386229301574;4914.264819525835;2804.235310665512;1.0004466442733921;0.12931416241977797
z_p[1, 21];-0.399904445519513;0.1911853791693449;0.005411482997614357;1267.6263603263042;1822.902105023231;1.0022265733174476;0.033356371108760094
z_p[2, 21];1.4130740586221173;0.7082155811133664;0.009747673029367169;5251.093617298057;2884.8882451577456;1.0016650078886384;0.1381774889726556
z_p[1, 22];-0.6149666287006144;0.20235305092840863;0.006171905423532703;1075.154097788984;1802.9067943640268;1.0024500975021773;0.02829164823909295
z_p[2, 22];-0.6564805655774292;0.7254137972039226;0.00981761254565693;5454.700843769281;2363.9168662792495;1.00085489479994;0.14353521773182346
z_p[1, 23];-0.9630801555495547;0.22441151762360306;0.0074694960436373845;897.5384342096056;1885.690497521548;1.0015355332193692;0.02361786251286574
z_p[2, 23];-0.7089775859953787;0.7174082753100152;0.009683546937180822;5479.615657753375;2465.300539147899;1.0010533464579499;0.1441908271506314
σ;0.9870652134362262;0.003546510165525713;4.169788549967695e-5;7230.841436543135;2545.355448787515;1.0013223631403299;0.19027265283742284
