parameters;mean;std;mcse;ess_bulk;ess_tail;rhat;ess_per_sec
σ_aw;0.04357328329300156;0.013187576662572063;0.0003427667291117054;1547.3086083165927;2017.530156613164;1.0000372524403383;0.037330402704734464
a_ws[1];0.6692964525363847;0.6000130143666078;0.012497705209476549;2299.4938886131245;2443.872868942261;1.0027030034938962;0.055477641898725824
a_ws[2];0.7704160645027016;0.5198560607271433;0.011110046203075498;2151.72452255012;3026.608021705211;1.0005374828891715;0.05191255480950142
a_ws[3];0.43782356667405437;0.5885047431381881;0.01096781413160421;2859.6430162680667;2786.7104527210918;1.0035464517723423;0.06899181250287864
a_ws[4];-0.08776816062733227;0.5261905060062841;0.011367491586043594;2135.4743175722842;2854.9308809376757;1.0017429893126821;0.05152050199431216
a_ws[5];-1.7012579932270528;0.5763553410845803;0.014761014637085826;1452.122835425381;1897.9979549739392;1.000420320174239;0.03503394858130255
a_ws[6];-0.12582935105162826;0.47488213389537565;0.011029083270077908;1841.4028848109103;2767.366046730284;1.0029065166479605;0.044425727913733795
a_ws[7];-0.4379306884692279;0.6009348541789055;0.012706421083732291;2243.3349439922636;3082.888189106961;1.000834693050761;0.05412274992248945
a_ws[8];0.5070482677415331;0.4057933069172603;0.010780425660885318;1396.4148868183154;2166.0291992551342;1.0028597609923917;0.033689937345160764
a_ws[9];1.1305449505578677;0.5533904354635246;0.011988319043120307;2130.980530752513;2729.7663240348193;1.0009110838693007;0.051412084791208894
a_ws[10];-0.5987969025369941;0.6873142547659834;0.011491743892548504;3577.2118158591957;3081.7725918169167;0.9999888069717522;0.08630389369541659
a_ws[11];-0.20226955625783313;0.6915011567497763;0.013152278767052699;2785.2210213519643;2456.673886869;1.001351659674697;0.06719630575950805
σ_bw;0.02224319510720395;0.01073461129228796;0.0002561889891706915;1579.8662757766285;2088.774127706477;1.0012565561146727;0.038115889730966586
b_ws[1];0.13721718372864777;0.7522573955702335;0.01236376220957385;3779.0286653729927;2401.197551043782;1.00000359982188;0.09117293160062634
b_ws[2];0.6127669043866892;0.7757735835704423;0.012783145705167734;3725.480037316168;2747.490328514414;1.0010640437200662;0.08988101618123102
b_ws[3];0.154040485248206;0.8998647051125732;0.0140461150076057;4109.27967619652;2728.348871877177;1.0006256922543695;0.09914057500506696
b_ws[4];-0.027750081175279315;0.751447523867255;0.012072914941244194;3837.5644462531336;2910.3986862836573;1.0002059588154288;0.09258516718255665
b_ws[5];-1.2124557310440487;0.6116784715429079;0.012194815502254685;2661.9298334173436;2485.642181878812;1.0001208245686208;0.06422177975299159
b_ws[6];0.32601755844947977;0.7703714085655365;0.012843179874572775;3630.284800641083;2982.372050147752;0.9998672480320119;0.08758433373433397
b_ws[7];-0.42028320643997163;0.8207804037309917;0.014561650878605411;3197.8793163339415;2966.4016249616175;1.0014656008272065;0.07715210917734465
b_ws[8];0.12826315782792694;0.5455089059439465;0.00955938416416704;3293.5734163240068;2382.279812653207;1.0004793752447978;0.07946082721193425
b_ws[9];0.9501022518515724;0.7997154574593177;0.013435941837598032;3555.1622905545923;2660.566671136938;1.0010142218164195;0.08577192634601717
b_ws[10];0.3700165938720046;0.9046204411638283;0.013232889270677064;4667.672555660745;3025.881751092841;1.001102126066575;0.11261237432539407
b_ws[11];0.17765558924107847;0.8622591614498833;0.013389042705676778;4157.555506720435;2688.543382978631;1.0010375144634078;0.10030527879116166
σ_p[1];0.23746844746311985;0.037588934011330996;0.0016815237703429844;499.7393497107998;1009.4796894614091;1.009303353187339;0.012056722926399702
σ_p[2];0.042312435124337466;0.00857469676550823;0.00021609816697012283;1569.02155261612;2303.618485973337;1.0004068488372204;0.037854249693144014
L_p.L[1, 1];1.0;0.0;NaN;NaN;NaN;NaN;NaN
L_p.L[2, 1];-0.5539651734337706;0.17088790282481175;0.003907811707328994;1830.329359321264;2794.3304751260316;1.0012651365816922;0.044158567785710354
L_p.L[2, 2];0.807288592342787;0.11052327574445513;0.002640692768899657;1823.3699549120286;2794.3304751260316;1.0011985053039618;0.04399066503652025
z_p[1, 1];-0.4301696642164575;0.13393469172138353;0.003950365403062594;1186.0702770554897;1969.3640006479714;1.0028145512847566;0.02861515850207049
z_p[2, 1];0.26112332247717773;0.6012492944123612;0.008876657421306104;4591.3263325638945;2967.7806470413107;1.0003411588475002;0.11077044360913467
z_p[1, 2];-0.9444334085995562;0.18262307268095154;0.007160596957779597;656.9635384773712;1526.7362713382906;1.0059356421782177;0.01584991728338502
z_p[2, 2];0.7658465505143444;0.6015686509521917;0.008694630681363544;4800.813003467099;3126.2284367622065;0.9994464243179215;0.11582452379976896
z_p[1, 3];-0.5787011657843916;0.14613203554857127;0.005068874755020032;840.2284410139226;2035.4379846343136;1.005134656334154;0.020271370493534533
z_p[2, 3];0.9965173302935013;0.6195407694325015;0.008944663833809482;4842.461843712243;2752.501381428344;1.000581118224278;0.11682934466755168
z_p[1, 4];-0.5668469585372301;0.14218211237352862;0.005050764531845163;821.5336630695307;1780.397052105573;1.005803403123573;0.019820339855309746
z_p[2, 4];-0.86208855782718;0.6136878312189105;0.009682943474171334;4075.426142715786;2810.1313814929467;1.0012018881524032;0.09832382388572243
z_p[1, 5];-0.5482405175677124;0.14393683012642935;0.004579879119377845;995.8189151926213;1835.2562118815124;1.0046467777856203;0.02402514981518553
z_p[2, 5];-0.749755809899124;0.5825825769754476;0.008903275560338311;4317.2167794185225;2877.157646903599;1.0002250964586072;0.10415727029055266
z_p[1, 6];-0.6480706227057533;0.15094601027047663;0.005063807033543395;895.0246336114233;1862.9181247540116;1.0035729271240799;0.02159338468343578
z_p[2, 6];-1.3792328142406984;0.6180171458042644;0.008702201704101777;5090.7988257503375;2300.111098412604;1.0027938453693366;0.12282072834895344
z_p[1, 7];-0.3123645493770315;0.12643064450578698;0.0035093223334913604;1332.1748233496862;2094.766048715225;1.0027863225347717;0.03214008011165732
z_p[2, 7];0.6413805393301739;0.5955066219894618;0.007675634314364932;6047.221148106755;2908.0047999787002;1.0003724955303455;0.14589539506861093
z_p[1, 8];1.343333910089964;0.23268019183503946;0.009318079906563997;617.8294333545722;1210.110998424094;1.0054762565530175;0.014905766972405433
z_p[2, 8];-0.3459596019624716;0.6419856693250257;0.010933327647221538;3458.562784119044;2729.780208385794;1.0008472409788807;0.0834413644549146
z_p[1, 9];0.18075750872835913;0.12015656620268848;0.002520754672785995;2277.591382824755;2385.279562013447;1.0010614659039654;0.054949221545521586
z_p[2, 9];-1.4087853445449083;0.5885109286608733;0.009233076807276537;4109.784627007509;2770.8095657805948;1.0006168453854294;0.09915275745982677
z_p[1, 10];-0.11683940494804923;0.11853314186321669;0.0025369186959594;2160.771357497814;2236.9714362294526;1.0017133510109768;0.05213081895537733
z_p[2, 10];-0.2069217138098169;0.6094800855703785;0.009300143899718177;4267.153623233078;3056.4438114523464;1.0018878862500102;0.10294944544486404
z_p[1, 11];0.9767793730319264;0.18572231011002147;0.006820683601001967;737.1529705353504;1549.6141276708904;1.0035454911688553;0.017784569346521353
z_p[2, 11];0.37901351192655464;0.6192201122596034;0.008909042016768913;4837.136720892637;2614.55038515655;1.0006464127549268;0.11670087063319319
z_p[1, 12];1.7270458743479666;0.2821628266999393;0.011700705471111931;577.4530097737834;1240.2838545578825;1.0071988567793628;0.013931644458030213
z_p[2, 12];-1.0104411816746977;0.6701686833256145;0.01114593058935291;3617.2593432621993;2890.884849064308;0.9999218993907091;0.0872700812531201
z_p[1, 13];-0.35632411895272775;0.12788768541602571;0.003367367921708277;1470.6996484472634;1941.8146389590138;1.0011620518744182;0.0354821331951217
z_p[2, 13];0.17123831650671228;0.593277334481992;0.00852818357509317;4811.037278247091;2682.247339533665;1.0005513549287701;0.11607119488584028
z_p[1, 14];1.0170690655115056;0.1920103969597038;0.007087584266652009;729.2429822087622;1604.3765258374337;1.0041100826792317;0.01759373278810361
z_p[2, 14];-0.47519009388024086;0.6042041581625602;0.009168519509521323;4342.249009294312;3086.1923072801155;1.000231511316333;0.10476119843833008
z_p[1, 15];-0.4759752050468538;0.1366164393238091;0.004586089610775213;932.0658774361708;1374.2169311299497;1.0040558308265186;0.022487042575099987
z_p[2, 15];0.7422951541428607;0.6099653240019939;0.008568713509570494;5028.072254959608;2710.0334719598454;1.0022461894364156;0.12130738567424773
z_p[1, 16];-0.07008446770611682;0.11826176994274679;0.002703066464472732;1926.2241688427973;2240.0859562216733;1.0017526883943473;0.046472128143024795
z_p[2, 16];0.35512113028589365;0.5786641383208634;0.008889168540047848;4201.406336993066;2925.885302267206;1.0011256966901485;0.10136322492047017
z_p[1, 17];-1.5240599610365415;0.25363498370762844;0.011033295261009136;528.1959718281602;1216.379908542031;1.0065076275695706;0.012743268039344722
z_p[2, 17];1.0493834202612908;0.6551432126131901;0.010778133321809517;3706.686153077531;3062.1363813591497;1.0006363305610773;0.08942759450229538
z_p[1, 18];-0.28162810764673474;0.12532653024985435;0.00337474096122479;1409.8023385812207;2125.683873026172;1.0029693396379826;0.03401292331112342
z_p[2, 18];0.39657940692028226;0.599843310432309;0.008843820817716348;4614.8929243109615;2482.5680958777525;1.0002874647792221;0.11133901173805706
z_p[1, 19];2.824639994960209;0.4354341318412711;0.018558421464477858;547.4235486884907;1099.475415332244;1.00643452714099;0.013207152996343235
z_p[2, 19];0.9463769400427527;0.762836310197986;0.014271003831469073;2850.5677732461754;3040.055393781708;1.0005799776212758;0.068772862983158
z_p[1, 20];0.3696164939320658;0.1287770091661001;0.0031642103515630896;1687.3909760930217;2306.3211264103143;1.0008775938819678;0.040710033098322274
z_p[2, 20];0.8435308970400269;0.6181023318239726;0.008675507725530104;5123.348677213843;2801.300811478323;1.0002752860384287;0.12360602680627536
z_p[1, 21];-0.4610057191653786;0.13544323081950732;0.0042938718525895704;1014.2132484126247;2217.920797387728;1.0042469397310438;0.024468931917150872
z_p[2, 21];0.6843908586328489;0.6050366532695435;0.008347256623619133;5220.017775920355;3132.731081484746;0.9998070017816432;0.1259382676820913
z_p[1, 22];-1.0714227853237333;0.19853026894065393;0.008211804138175214;581.1390527744335;1447.0969209297637;1.0058545960161718;0.014020574015367155
z_p[2, 22];0.0718059102447396;0.6227689215113461;0.010037608345346836;3862.2576792649393;2738.4752901517636;0.9999202583623431;0.0931809166842772
z_p[1, 23];0.2198679568482418;0.12245777301097609;0.002924433484215747;1811.1439244367969;2325.4087263192127;1.0025409984844267;0.04369569954698077
z_p[2, 23];0.05026030800174556;0.601409314846457;0.008461114018453323;5021.711958656875;2054.021382187371;1.0024337671262946;0.12115393702087228
σ;0.9733521871848386;0.003491526189529332;4.406388413489208e-5;6283.570163768614;2534.7781326744775;1.0013116998835294;0.15159755680034448
