parameters;mean;std;mcse;ess_bulk;ess_tail;rhat;ess_per_sec
σ_aw;0.03149583612981903;0.011043615923516135;0.00024954601622372783;1891.1850562904092;2611.644109966713;1.001470101412474;0.03849994966161854
a_ws[1];0.37147453957896576;0.6804743391970154;0.010040551872388379;4599.835906388615;3018.3685469352395;1.0005538725022998;0.09364152400560889
a_ws[2];-0.8084308443070818;0.6275883910731821;0.010241602829016523;3732.616447278686;2908.627617839754;0.9997586872305985;0.07598703513882435
a_ws[3];-0.00859562017278225;0.6921212579448198;0.010625318428697073;4212.2603309019205;3084.132799486997;0.999654449147998;0.08575142351191124
a_ws[4];0.5965173481464789;0.6426738167629383;0.010662513641054971;3629.853969440181;2955.204991123874;1.0003898057691827;0.0738950398522044
a_ws[5];1.5804900810314375;0.6064395215080394;0.012280405140694645;2398.163886540735;2764.5625287089415;1.0007258800909151;0.04882081137698656
a_ws[6];-1.1368155018119919;0.6139267422642577;0.011441895266486169;2877.4963836616853;2885.983082245089;1.0008683619929615;0.05857886067467553
a_ws[7];-0.12967920582671646;0.6978621979566703;0.011666926634632499;3578.157801122637;2470.418002429579;1.0014978287286824;0.07284263100871026
a_ws[8];0.12691947868072742;0.4827203942971402;0.010194483773155549;2230.80362960765;3279.6258942269296;0.9998842314603115;0.045413761683014205
a_ws[9];-0.2652886375203693;0.6397350985049192;0.010746150502858846;3557.2577105810506;2732.3967491504422;1.0001125566745224;0.07241715575915816
a_ws[10];-0.024834045363606852;0.7805789551889135;0.01100816367428572;5051.191292099799;2878.6890657992462;1.0003759714627778;0.10283002704056128
a_ws[11];-0.36055768210409633;0.7755412453739002;0.01136137377607871;4660.9281499745075;3033.2536974647364;1.0000517648546103;0.09488521419602622
σ_bw;0.021548514756309808;0.012645665317735106;0.00037786098698214975;1020.7276626441381;1341.1737085216878;1.0004662770813162;0.02077954428590107
b_ws[1];0.27781353619352384;0.779518505490026;0.011072364882555431;5043.551211516019;2925.01710876213;0.9994407867980439;0.10267449349459343
b_ws[2];0.08257502431111413;0.795775563920689;0.01067669501667885;5609.412817504391;2774.858338756522;1.0006576795238886;0.11419406598356382
b_ws[3];-0.2271988559571415;0.8837865460556678;0.01190713105778172;5546.800271013321;2906.686866069473;1.000379750128233;0.11291942610626896
b_ws[4];0.1266915973575369;0.7840517019935261;0.012844338684443709;3743.6485370661435;3008.905717573382;1.0005263847483605;0.07621162178097597
b_ws[5];1.2579244784539416;0.6509143450744873;0.012097412716657364;3144.7178169036997;1964.8950007774142;1.0012410411090638;0.06401884217944863
b_ws[6];-0.04314502016809838;0.8073316240241225;0.011271029698646934;5115.463184540972;3159.382842719592;1.0003576539927792;0.10413844718454011
b_ws[7];-0.11060645347058086;0.8246508464591314;0.012056622904826076;4673.11416103545;2725.301371825046;1.0001113197143532;0.09513329188195213
b_ws[8];0.3579057388806353;0.643290553750374;0.012234259192327316;3002.684363260209;2311.3749058872604;1.001633590236565;0.06112738489061708
b_ws[9];0.65598796129022;0.8462893745315169;0.01243811477545732;4710.036721514151;2458.3343579204397;1.0013440625272478;0.09588494583304479
b_ws[10];0.7429702404481164;0.9337350781859219;0.015423525476274865;3703.538486928263;2618.9204728079985;0.9997179577336589;0.07539507825653503
b_ws[11];-0.2421904726433072;0.880117750602767;0.011142500867824048;6272.256713233292;2957.81649046379;1.001235467210292;0.12768796312186434
σ_p[1];0.24821028338963994;0.041288351616596816;0.0016028921548183373;668.6080742051961;1051.7843940950497;1.0042177672001642;0.013611241858448217
σ_p[2];0.05424847418253388;0.011027696523687458;0.0003232804013163103;1141.3033122352585;1824.9051966915135;1.0019168589875402;0.02323417262818544
L_p.L[1, 1];1.0;0.0;NaN;NaN;NaN;NaN;NaN
L_p.L[2, 1];-0.04806018441952432;0.2085505659635426;0.004778555219887748;1915.3390432812853;2311.7135794406145;1.0017965735500505;0.03899166636601139
L_p.L[2, 2];0.9763313899724949;0.03138497495662205;0.0006980671860341857;2395.5621168057546;2657.045052691995;1.0000518638391993;0.04876784564341401
z_p[1, 1];0.5247503003256059;0.1357732731781624;0.0039563416438612746;1172.7681379350731;2101.655666346795;1.000968985779443;0.02387472031098631
z_p[2, 1];1.2284168201982157;0.4629439052758778;0.007708050054203676;3588.601160172558;2932.818137160169;1.0001451962949668;0.07305523251821501
z_p[1, 2];0.48453411885762704;0.12824589043214996;0.00348718732693819;1358.2589014031194;2460.841584512125;1.0023284959975944;0.02765086322860375
z_p[2, 2];1.417779229780013;0.46948087695907026;0.007224212294515266;4260.673361396198;2388.704229075969;1.0009785568202112;0.0867369956169765
z_p[1, 3];0.9568814379412485;0.18121277020072304;0.006164172672892654;859.6437536125183;1493.6281495999544;1.003866010165034;0.01750026584173925
z_p[2, 3];-1.7087380187565764;0.562325629963045;0.012819969851094196;1941.2197765388726;2406.2698581487266;1.000413711175204;0.039518535444375065
z_p[1, 4];0.469150910750624;0.12805154995878654;0.003426619427292178;1405.89419447549;2292.912687304774;1.0017871322276146;0.028620602482466118
z_p[2, 4];1.1549193961136657;0.4645018351735111;0.007210799777292333;4167.661416930932;2611.6440133057486;1.0001079698067292;0.08484349758624117
z_p[1, 5];0.523700121036553;0.13200977335793695;0.0037608750772454218;1226.1151019106264;2187.1114978608443;1.0013282522849771;0.024960735357915487
z_p[2, 5];0.6922914709531823;0.4457549574970504;0.00789168396785745;3350.959819142028;2483.4151396128045;0.9994916088035194;0.0682174300848872
z_p[1, 6];0.2677574745414263;0.11684016772049531;0.0024708914960092383;2254.0643387834175;2840.8190508805633;1.0023900150541398;0.04588729341349288
z_p[2, 6];-1.208820423709672;0.4967814051165409;0.010259895336907337;2536.1687408230205;2486.2005863497;1.0000806596938256;0.05163025613505211
z_p[1, 7];0.8295228306639058;0.16688962226229517;0.005459038813979563;928.7417389433816;1695.579553675917;1.001882309065056;0.018906933554192335
z_p[2, 7];0.5937966588208444;0.4568131885303456;0.00812265257819913;3166.4850721679854;2781.7348747608803;1.0007465118612011;0.06446197080356669
z_p[1, 8];-1.8861287016643316;0.3071278163695391;0.011374379455487749;726.441474638194;1357.46998226234;1.0037456494085868;0.014788589891114107
z_p[2, 8];0.06743402137010415;0.5466422419390087;0.010398293894359466;2767.387166003962;3039.8901587618316;1.0007454753845422;0.05633730354994983
z_p[1, 9];-0.019272886891445892;0.10602577978941535;0.0017144319815262168;3828.0540768526844;2848.352075188547;1.0034595636182244;0.07792991424639854
z_p[2, 9];0.749333061216259;0.43523907623803354;0.006497692952789207;4500.480748285634;2733.5900264789148;1.0008734695661636;0.09161889350053815
z_p[1, 10];0.0954572168709516;0.10669807228086736;0.0018319274196575966;3449.369003839924;2332.79303216081;1.0009442470460634;0.07022080286139465
z_p[2, 10];0.4334328013328301;0.4394610084408344;0.00689633305547726;4114.185345307982;2312.1972425932927;0.999988055900275;0.08375485422014821
z_p[1, 11];-0.536951661502858;0.13574540591598072;0.0034434235786324;1565.2498746426695;2597.5476020030974;1.0019708112294474;0.03186469837055634
z_p[2, 11];0.023927224315075483;0.45489011882341546;0.007870361305119708;3379.3938214401333;2628.1814030343885;1.0005093126845943;0.06879627754009218
z_p[1, 12];-1.896183823616725;0.31055294068414085;0.011361727911299439;743.1000999841868;1276.5931881558347;1.0052034691291958;0.015127719176806814
z_p[2, 12];1.209595732342386;0.5695834697815776;0.01117002343468155;2597.0093802026686;3106.7477257500964;1.0006934851575293;0.05286882427290093
z_p[1, 13];-0.7144499102532168;0.1502255841079304;0.004468995241434677;1122.6861630567548;1832.465641931488;1.0026054421704809;0.022855172538357543
z_p[2, 13];0.31066271319251065;0.4607671589336858;0.007479623153302254;3797.927735521292;3138.214039683842;1.0013020207416388;0.07731661486520396
z_p[1, 14];-2.1640526030588028;0.34873577767567315;0.012892251285296839;729.7755097350611;1185.393222840394;1.0041390134756847;0.014856462774823982
z_p[2, 14];0.172553680754656;0.5800216691773548;0.011717224465678796;2444.4341364106826;2807.485780689881;1.001502918724551;0.04976276165567464
z_p[1, 15];0.3005213812435185;0.11693982977420571;0.0026411185109873007;1985.8268863857495;2317.878022104509;1.0011003506820506;0.040426628218238086
z_p[2, 15];-0.5156943725675509;0.4716195427761449;0.008650626440205728;3022.455651345632;2805.3084413538304;0.9999669983676073;0.06152988045470917
z_p[1, 16];0.6581359261858231;0.14603341105284523;0.004372051383178807;1117.0229124193206;1928.8474661679115;1.001659537694025;0.022739882464688062
z_p[2, 16];0.711250255358151;0.4548681221013893;0.007732689708661264;3508.0282169854518;2721.3503804691177;1.0013419303528583;0.0714149624418023
z_p[1, 17];0.5245293040965577;0.13406375919414373;0.003906328754434234;1167.090087751151;1958.0409778573023;1.0017686369959566;0.023759128954376325
z_p[2, 17];-0.4584921791805727;0.46875304806192575;0.008270428654442335;3289.1861591608663;2799.0762550370328;1.000644499692954;0.0669598679062003
z_p[1, 18];0.08107614159635335;0.1094994315367366;0.0018467167762548128;3546.769536338829;2558.331265166348;1.001456570037126;0.0722036419208245
z_p[2, 18];0.20792033544741664;0.4431263778934267;0.007273756131171263;3754.283033908505;2804.792819291896;1.000903303858903;0.07642811439323817
z_p[1, 19];-1.5241792782996848;0.2560302002662339;0.008897747633698848;823.36906625823;1243.037198472567;1.0041239448886714;0.016761801019121385
z_p[2, 19];0.3087335794692779;0.5157296783268336;0.00964367635916275;2853.854991165904;3108.068191031697;0.9997079730428766;0.05809757915334016
z_p[1, 20];0.1540639240317946;0.11029392554495925;0.002054771707829313;2915.098113983479;2616.7515504695843;1.0019844583647954;0.059344340879673774
z_p[2, 20];0.027661771538201273;0.44858498477353353;0.007307169991366537;3845.188348649675;2493.714069381982;1.0006657227870348;0.07827872654241286
z_p[1, 21];1.0687294328881385;0.1931033173863622;0.006894193976655531;776.7591867451686;1298.6257435528523;1.0022508883417034;0.015812936703057643
z_p[2, 21];1.2267422780908468;0.4987688633086285;0.008777938140167842;3198.0080913639927;2886.830418403929;1.0014218836367326;0.0651037031650782
z_p[1, 22];0.6572290504466693;0.1468165285880823;0.004491661963773172;1068.4780465906888;2049.989334392704;1.0015512446492318;0.021751626511355617
z_p[2, 22];1.5806555566011984;0.47710731864098416;0.0077537975063856875;3863.1512624695933;2855.2873784639273;1.0029031652235911;0.07864440798407958
z_p[1, 23];0.09324173522246414;0.10771043138480703;0.0018542844008701076;3385.874699032557;2744.3733380479516;1.0022891782705992;0.06892821251929557
z_p[2, 23];-0.17629468082579297;0.4570720738975497;0.007477204382304445;3852.9046920866303;2316.632748940877;1.0008315668245953;0.07843581261545812
σ;0.9696175186834102;0.003430948352670872;4.6235735723859196e-5;5526.999980943811;2947.6284824424483;1.0017217544102148;0.11251634013198737
