parameters;mean;std;mcse;ess_bulk;ess_tail;rhat;ess_per_sec
σ_aw;0.06535109072112605;0.019099371511886863;0.0005528325099800979;1192.2550712224568;2042.3058743680915;1.0024341190738768;0.02982709841150535
a_ws[1];1.0180817399670756;0.49793080179628685;0.012217594360751333;1660.2177371849136;2664.8190368328324;1.0020423045524016;0.0415342983450406
a_ws[2];0.5783459900417551;0.42140122734246355;0.012272739952954146;1187.5891641912124;2200.22886945176;1.0035953470370274;0.02971036964132938
a_ws[3];-0.977706287158845;0.5114272707840928;0.01421817466988634;1272.5466529289642;1715.2248531081711;1.0014455608645432;0.03183578343787298
a_ws[4];-0.6471197217231228;0.4591333605646917;0.013300033926166686;1169.4247833718105;1464.71602232144;1.0026020531197528;0.02925594442028264
a_ws[5];1.7039488211393927;0.5290318902667397;0.01553034159989009;1141.2449070741056;1566.7889879705851;1.0027845131499344;0.028550957740969232
a_ws[6];-0.3741736319576009;0.3850664358235977;0.012520397911464401;943.8520586621382;1571.4178510235447;1.0037336309640486;0.023612705803592857
a_ws[7];-0.7720342556370633;0.48413227034940803;0.012480871423538145;1486.885490829379;2049.964475016295;1.001117892063856;0.03719797963713788
a_ws[8];0.1561616010510964;0.33505627735343185;0.01167831719105906;830.9089539915072;1166.116592255756;1.0032802799873721;0.02078716521314038
a_ws[9];0.43019515720072354;0.4266201636577639;0.011609181589572592;1364.2790530715545;2125.3111842440376;1.00432879284956;0.034130687768849075
a_ws[10];-0.46653555549497994;0.5632236697853217;0.011375974448884022;2401.462824018381;2635.395692858733;1.0020455809571192;0.0600783085033345
a_ws[11];-0.8172096646792444;0.5655302585577369;0.01259025595816018;2018.1388234074884;2390.2593976652124;1.00168502179753;0.05048854624047412
σ_bw;0.02341428780606283;0.012468068471974325;0.00037516647008177116;997.6753271444541;1262.3001908068152;1.0033122280380196;0.024959222974792514
b_ws[1];-0.09953362279003156;0.7452319807031264;0.012089148445543726;3815.3410749107516;2122.046463346129;1.0005902054428046;0.09544983826165511
b_ws[2];-0.5458896951339729;0.7894786270474118;0.011449054409538195;4713.333218592588;2632.74618200618;1.004266881314143;0.1179152491362709
b_ws[3];-0.025267084625099363;0.9167397189601426;0.014779674582950696;3844.1846240068467;2638.8777379275075;1.000373480680884;0.09617142829569389
b_ws[4];0.7437536398455259;0.79177607616865;0.014866113379685715;2875.773413303035;2585.084924155022;1.001761287184598;0.07194431684809816
b_ws[5];0.4162871716336649;0.5538326607325647;0.01140402170865852;2426.3337198558856;2058.484578776223;1.0027581862940838;0.060700513160402494
b_ws[6];0.35715558084796417;0.8039130477241294;0.013834515878427251;3422.272147357665;2333.466338579595;1.0029836535853398;0.08561628345646591
b_ws[7];0.04328902221026041;0.8198687855399311;0.013041757883997859;3930.154383307837;2652.9306539527133;1.001030520725713;0.09832216644978274
b_ws[8];1.1874243578960404;0.601051810057227;0.011974007242829848;2753.7564175973243;1962.4104641022195;1.001295287386526;0.06889177127573264
b_ws[9];0.6503302966040653;0.8114232467110668;0.013294029196136776;3756.004008334049;2620.2023497876257;1.0013695579150508;0.09396538030718513
b_ws[10];0.5582097032414338;0.9414704244982133;0.01578654175295291;3577.9596774761267;3040.6197626741637;1.00034231582438;0.0895111775897542
b_ws[11];-0.06730567460548137;0.8900364232508301;0.013930730656985283;4067.3777053821354;2738.940232673929;1.001389967187962;0.10175513447034829
σ_p[1];0.21950341278876725;0.03407786024881365;0.0014833454124679075;497.509687532191;805.7320550423846;1.014446762744195;0.012446389005906902
σ_p[2];0.04157760433345882;0.009425695736612697;0.0002762576257077981;1170.422609964443;1971.4333963563613;1.0007389474256745;0.029280907427523657
L_p.L[1, 1];1.0;0.0;NaN;NaN;NaN;NaN;NaN
L_p.L[2, 1];-0.21038773010822803;0.21482493782070736;0.00470303949455671;2088.641387937233;2361.4928575594126;1.001657340034486;0.05225233570235164
L_p.L[2, 2];0.9521211444852311;0.0553613492663979;0.001248813704065052;1985.9923325982513;2557.7169992846298;1.0013052369865048;0.049684325257821016
z_p[1, 1];0.18101131086227729;0.14023082686868593;0.003924873442856694;1278.4503872412195;1522.645385142566;1.0023798073341401;0.03198347940375926
z_p[2, 1];0.4009676460447385;0.5430101538698018;0.008506750321339473;4058.1119100678507;3141.958177818121;1.0002958011347933;0.10152332854612046
z_p[1, 2];-0.8365441805543207;0.18612530581778516;0.0073840636254240725;676.2319938955012;884.0428962516853;1.010568704580542;0.016917552894322035
z_p[2, 2];1.3137378123537573;0.5574652749260743;0.009026163817786753;3737.8523240759555;2910.665558562385;1.0007375524077908;0.09351127272083987
z_p[1, 3];-1.967116540599698;0.3216170502132965;0.014529163472634861;507.1791677548331;719.4327111082067;1.012630550808809;0.01268829406896789
z_p[2, 3];-0.8940270684437659;0.6628748019319561;0.012524495155868927;2806.8022303356297;2806.3118388754774;1.0009675907594784;0.07021883854099613
z_p[1, 4];0.3822022090746568;0.15113313938224043;0.004529772726511621;1102.8455120221565;1461.4266299105034;1.004932552570411;0.027590305475525396
z_p[2, 4];0.5783298501076758;0.5642977900837973;0.00896225638987455;3971.7020661415177;2286.379822644739;1.001811923294215;0.09936158062763947
z_p[1, 5];-0.5594449014944459;0.15657689692463078;0.005936283528632461;748.7100912417769;1034.322944219979;1.0058177109024427;0.018730765011767223
z_p[2, 5];-0.38154940167074225;0.5654330564940945;0.00946476889901087;3579.8412729180886;2869.7855711649777;1.0009128202735147;0.08955825017830733
z_p[1, 6];-0.42502143756485067;0.15580551617348667;0.0055395452908775615;843.4557690332401;1091.718364193854;1.0042758784492578;0.021101053655331704
z_p[2, 6];1.6498311874136522;0.5717660222352203;0.009474900085413235;3656.1192094291964;3002.7022993058545;0.9996672158287757;0.09146652431683591
z_p[1, 7];0.47245841348750556;0.1544431384339659;0.0049969727657565586;957.2408219101059;2001.8207869804176;1.0057930112393993;0.023947657584167805
z_p[2, 7];0.019869706553872993;0.5621680487775247;0.009193008476872518;3785.986336460838;2695.7348358021713;1.0003455224525384;0.09471545960919794
z_p[1, 8];0.38582070767209126;0.14820823952658266;0.0046563188278097006;1022.8783241951749;1577.7542350282656;1.0049557932790623;0.02558973593417624
z_p[2, 8];0.9108381473980776;0.5551877845758403;0.009221339824713288;3600.8786230059363;2229.879616841129;1.0010870561698595;0.09008454956384414
z_p[1, 9];-0.2524748113550855;0.14249516679528643;0.004797240249491924;941.2441167164658;1148.1614401177299;1.0052944214123931;0.02354746192839985
z_p[2, 9];1.3639977146797688;0.5551461205343748;0.0093288520493783;3568.929540246535;2852.985003661843;1.0003668423406586;0.08928526721342822
z_p[1, 10];1.3030577191406965;0.23736873696768804;0.009335364262002007;660.7449797603548;1236.9942376613824;1.0109954905779626;0.016530108373548683
z_p[2, 10];-0.4147330967973278;0.610665536343827;0.011208388973667778;2971.5346787431795;2710.85419899792;1.0006271964664055;0.07434001283399558
z_p[1, 11];2.2088221575386084;0.35932848847847654;0.014960847476746756;587.0821376112681;1017.5650551114733;1.0130272264462996;0.01468725704493224
z_p[2, 11];-0.6107328471102096;0.6809731728303208;0.013514332511183282;2540.557018869267;2871.220357408827;1.0015590119999562;0.06355808085945674
z_p[1, 12];0.7803773206181792;0.180323041600513;0.006186040059386114;860.2884062386363;1520.7245343216048;1.0072531302398295;0.021522162140058657
z_p[2, 12];-0.669243645914258;0.5822659591146562;0.010676956197076603;2988.9449036253327;2474.5486739068833;1.0012735543635318;0.0747755710492305
z_p[1, 13];-0.4384627079633557;0.15259480274657414;0.005120587221871191;951.6712173487487;950.0494459768781;1.0043525080828435;0.023808320669295693
z_p[2, 13];-0.5433733880277242;0.5579179733693133;0.009770575381187441;3332.3649792602955;2550.9726604677385;0.9996400015564834;0.08336704164951735
z_p[1, 14];-0.35719500931023884;0.1517977469247551;0.005261175756051041;877.850615438891;1130.2770115753733;1.0045140063106563;0.021961522604763868
z_p[2, 14];1.152568948374566;0.5720374296804548;0.00965636319907615;3511.237552388896;2511.444430260716;1.0015475021997517;0.08784196481873108
z_p[1, 15];-1.119874942149711;0.21556922292465383;0.008765190174246758;626.5874045072483;1233.7489908624966;1.0097296658818242;0.015675575326750082
z_p[2, 15];0.8214678931421485;0.5686076196560534;0.009295591593111859;3773.800890979377;3066.5900803749255;1.001970934510251;0.09441061168668845
z_p[1, 16];0.950371782325982;0.19707417818325648;0.007408050746618263;711.2015367312864;1532.506548929236;1.0102972979851774;0.017792399242846146
z_p[2, 16];0.8221197278914492;0.5730356118401783;0.009403423307259531;3708.856440239854;2715.298986340517;1.0024336649542673;0.09278587167069276
z_p[1, 17];0.520097122900497;0.1580640038588155;0.004838891048742193;1074.1695859366885;2103.9104597883966;1.0041843143627698;0.026872908930073654
z_p[2, 17];0.7701211074496057;0.5632505574362132;0.00906845653981317;3872.941567282892;2450.1770064344696;1.00198528390815;0.09689085167900499
z_p[1, 18];0.023282323503584963;0.13704336038986017;0.003988209515788116;1196.7101737451324;1591.292823342161;1.0033206968465842;0.029938553405142693
z_p[2, 18];-0.5576924355409926;0.5625461660516703;0.009036324772059137;3998.2030507267505;2747.120540185688;1.0009491564034005;0.10002456583466825
z_p[1, 19];1.027139847025198;0.20487060847718766;0.007378494214443182;766.6269721117609;1534.4670928791434;1.0079073710664044;0.019178998432480027
z_p[2, 19];0.9027748218390046;0.5801018067009537;0.009414033418638522;3799.115679915782;2965.1501097648497;1.0007937886321618;0.09504392138617956
z_p[1, 20];-0.48361247219046916;0.15630085931559284;0.005591459032793993;837.4066276582136;994.8964487272721;1.0077133846258903;0.020949719985672383
z_p[2, 20];-0.8390767675538209;0.5780145583707376;0.009700296720438735;3586.6460786466637;2649.921742679194;0.9999779175743041;0.08972848859040256
z_p[1, 21];-0.9843369732374481;0.2018129802794635;0.008088589040889499;645.306984370381;1118.167997039059;1.0090061033190845;0.01614389017336021
z_p[2, 21];0.22436146716697442;0.5876509998316174;0.009723430834527091;3631.219681048371;2690.5460153399913;1.000601460972289;0.09084360334854559
z_p[1, 22];-0.9694818017331952;0.1985875751391736;0.008245191269712144;613.3403164078649;990.3447845257066;1.0092102020302653;0.015344167887232078
z_p[2, 22];0.11670097371763348;0.5543607359216032;0.009488544027281906;3421.3706601132344;2589.1530171178156;1.0021678724842216;0.08559373060732703
z_p[1, 23];-1.2325919410335313;0.23065144940902274;0.009807588505218038;578.8646731852087;892.8824580934561;1.0103031093937094;0.014481677613109985
z_p[2, 23];-0.037542208507582914;0.5648071280372743;0.010015249500746603;3172.677635123031;2887.371639541961;1.0002852809674758;0.07937208264819354
σ;0.9751768678877384;0.003600369330155455;4.80905446753751e-5;5614.221849933093;2233.274566993675;1.0007388192592168;0.14045312254388662
