parameters;mean;std;mcse;ess_bulk;ess_tail;rhat;ess_per_sec
σ_aw;0.03063605001181972;0.01102347865515806;0.0002955681713288986;1420.914992956642;2001.327868366299;1.0013445048193463;0.03138728463150475
a_ws[1];0.1171464502405401;0.6863253723187945;0.011913520482206565;3333.164251819695;2649.866538334554;1.0010385883015505;0.07362789161491641
a_ws[2];-0.4249249401137396;0.6474809580392654;0.011897320479729554;2971.435327284301;2555.8601348456414;1.00074389788094;0.06563748489099569
a_ws[3];-0.47976762164372316;0.6967951679331348;0.010834589372793496;4174.887639020597;2325.883838906563;1.0010016697944675;0.09222113024356614
a_ws[4];-0.4403423881464937;0.6098943312394799;0.011380322744404347;2889.7443100234664;2715.9747262758237;1.000088706432795;0.06383297214863402
a_ws[5];1.6593484780370873;0.6309310301245834;0.015380323425300109;1576.5556833048026;1165.3003363648743;1.0022072573230667;0.034825307787300024
a_ws[6];-0.2223975694213989;0.5871423576436409;0.01298715517565501;2059.5521685149033;2504.45519493072;1.002481252280913;0.04549445283288855
a_ws[7];0.5964004743342264;0.6850601099188801;0.011152139388466735;3778.177859583631;2819.391518046406;0.9998766119842679;0.08345801434640741
a_ws[8];0.2195825146433773;0.4924599356459388;0.011734600184209115;1756.258919236989;2020.6747924225247;1.0020115918063328;0.03879486025410132
a_ws[9];-1.1581462158471683;0.6604669532596428;0.010977483485372863;3685.552034144206;3049.9313752788107;1.000837106398807;0.08141195729042136
a_ws[10];0.013794958554330317;0.7938417782671667;0.012534564234024916;4034.455422318111;2854.835651379898;1.000404134363602;0.08911905448328271
a_ws[11];-0.18012050485105385;0.7669026375460983;0.010739571670631665;5095.6589508190555;2360.667034639493;1.0019351067714692;0.1125604970510104
σ_bw;0.011770373106038;0.011395544800511576;0.00035709993048785337;1166.086086126342;1304.2492898511896;1.0030828481149054;0.02575824456178547
b_ws[1];0.017792434992055826;0.9023022743522617;0.012322200685914424;5355.167202252272;2625.237225820172;1.000651566919834;0.11829290144700441
b_ws[2];0.2932014444050851;0.9283016841654931;0.0124995752595049;5572.135642131582;2528.072402999191;1.00146921465918;0.12308562318778574
b_ws[3];0.42306906233863956;1.0188061837423792;0.015257310107751708;4405.638572240131;2791.197667922109;1.0001806235450352;0.09731830020506844
b_ws[4];0.20148348723514953;0.9246418796496523;0.013536503311430548;4682.570323657346;3233.401283352595;1.0010003222076638;0.10343558079420956
b_ws[5];0.021964770750622798;0.7903993616229513;0.011890137152319439;4378.562097269124;2926.9686955602197;1.0004602890228544;0.09672019473715131
b_ws[6];-0.13937484592009922;0.920278822724022;0.01292281244979636;5089.639643790862;2938.616656686836;1.0002634650942646;0.11242753364087338
b_ws[7];0.35759071139073056;0.9483043242832431;0.015177367589239254;3929.491994136468;2832.5947245748584;1.0000020685150826;0.08680046610004628
b_ws[8];-0.13056855488370334;0.7845451535751551;0.012116264598819048;4139.8239316541285;2706.9179130441867;1.000134696608233;0.09144659090180221
b_ws[9];-0.016922937623233412;0.9425220250610187;0.011921497186515443;6237.704876188208;2857.1479320721533;1.0013813291276559;0.13778770677115276
b_ws[10];0.5397346646633551;1.018989959200766;0.01715510957118392;3527.7011103445584;2845.0071673967955;1.000398746410827;0.07792511120940694
b_ws[11];0.06096949683256925;0.945020934755674;0.012772481014637863;5520.512724882335;2895.0397625025303;1.0017521712160877;0.12194529937866101
σ_p[1];0.21876392819232826;0.03414523840155729;0.001477212986456148;500.81062314285754;1018.4486248044775;1.0049896841999617;0.011062650231002091
σ_p[2];0.05540596139014268;0.010985627577223206;0.0003046850173058069;1246.2468537963161;2102.891022222403;1.002972416229166;0.027528954874231425
L_p.L[1, 1];1.0;0.0;NaN;NaN;NaN;NaN;NaN
L_p.L[2, 1];0.17405985969714116;0.20610498875129615;0.0046143426184219885;2012.4205902605472;2547.6344239084224;1.0004934340925473;0.04445334040242336
L_p.L[2, 2];0.9618415974750835;0.045779733323952694;0.0009611987194043863;2275.1133455574277;2819.308899873045;0.999947903991054;0.05025608885817775
z_p[1, 1];-1.041731810318866;0.19194913584759818;0.006812711496172733;804.470299781377;1667.8922636739414;1.0032291459258185;0.017770337002560237
z_p[2, 1];0.2663383033312992;0.46214749564430707;0.007556906345937832;3761.657230975786;2958.423434794723;1.000436413762622;0.08309308211965483
z_p[1, 2];1.0713386104435663;0.19947049872425193;0.007721523557997999;674.7741128874542;1475.7763594278565;1.0049978222289797;0.014905414643489451
z_p[2, 2];1.6302199698942403;0.5269160689333785;0.009569939384081422;3054.267561411218;2772.8266991203063;1.0010670435586955;0.06746720652958235
z_p[1, 3];-0.8524311916844417;0.17011847958813084;0.00553692448259132;955.1760152965344;1899.066655519724;1.0023471626722595;0.021099349091190628
z_p[2, 3];-0.19869873160135262;0.4574830828729802;0.007034509679378774;4250.35703365775;2815.572666923323;1.0008434216943827;0.0938882105278798
z_p[1, 4];1.1917611704397308;0.2094690080015757;0.008292957683029914;647.820356223391;1319.4994215219253;1.003962759360493;0.014310019960136226
z_p[2, 4];0.009594664780783855;0.47528195186092315;0.007710516954293127;3768.2453080739483;3032.6279923325715;1.001494640594541;0.08323860936940539
z_p[1, 5];0.687574380732331;0.1589196924601782;0.005175412397602104;954.5513280866365;1783.1993101277883;1.0042194586444626;0.021085550070587766
z_p[2, 5];0.9113508611829391;0.4547778766523566;0.00738969566586499;3868.7253188035666;2512.140245968006;1.0022246459886925;0.08545816135680806
z_p[1, 6];-2.811363229677711;0.4216392243738199;0.017802838340915218;562.2573361351813;1159.4766202555563;1.002906722063047;0.012419976657931627
z_p[2, 6];1.2945178526515724;0.6853621012014333;0.0133362943762814;2635.5302276559228;2895.599799814995;1.0000748151576744;0.05821751323648336
z_p[1, 7];0.03966486642743106;0.1214370089347228;0.0022551969922172486;2932.173935686065;2656.7978709065114;1.001166097567654;0.06477022085392714
z_p[2, 7];-0.11968937922970767;0.4350094211246137;0.006573345960356565;4459.345871046653;2312.4318434492425;1.0021885455464872;0.09850466693551016
z_p[1, 8];0.3908522103445904;0.13343835179484698;0.0034663182078541383;1543.0027675648282;1768.6717250523684;1.0014087427401914;0.034084141058982165
z_p[2, 8];0.9283237554372513;0.4342967190881984;0.006785400291357262;4142.418627486123;2834.512789463228;1.0011659749707373;0.09150390640414731
z_p[1, 9];-0.2826174271770635;0.12508694951097482;0.002680358094893029;2251.5960634246007;2306.9464176638544;1.0022667698020435;0.04973660413761293
z_p[2, 9];-0.5657123699822799;0.44592432797477966;0.006755589039973945;4550.777171395867;2731.2003407102375;1.001790503144772;0.10052433754389606
z_p[1, 10];-0.287450697647975;0.13003087620204204;0.0026906152863428487;2401.5011496601533;2423.3561059345825;1.002182013888901;0.05304793073540971
z_p[2, 10];-0.9806337396081721;0.45306902547876665;0.0073924195551982805;3874.542609997305;2571.5686289978134;1.0007012900716337;0.08558666234060182
z_p[1, 11];0.5417568284940978;0.14341412797168412;0.004282923578087;1173.9986280599132;1747.5816114639642;1.0026277508260606;0.02593302856157348
z_p[2, 11];-1.452911071523227;0.48802958543544805;0.008466507870808753;3445.786801806398;2566.0860255307803;1.000060209668762;0.07611566607706284
z_p[1, 12];-0.20055460270652953;0.12778816857627492;0.002415765431396338;2875.5922282314923;2261.45671144642;1.0026331791143903;0.06352035990825733
z_p[2, 12];0.348733452799304;0.416084834137723;0.006148728767190174;4647.626068894287;2666.5979514956634;1.0016359166085476;0.10266368009929062
z_p[1, 13];0.3611885692949235;0.13220548934074758;0.00352143152457233;1477.5926202328742;1741.9650134701938;1.0020602827332854;0.0326392643969204
z_p[2, 13];0.45337763434002043;0.42821634955243076;0.006444306122546504;4446.2063658950465;2371.576222354685;1.0004289615527235;0.09821442199464114
z_p[1, 14];-0.14365711713321327;0.12607451859096938;0.002348145088979015;2930.335240293262;2208.5372371886856;1.0003640960861564;0.0647296050141826
z_p[2, 14];1.5069378473468227;0.4717349275693484;0.007563359675688755;4040.6975170303854;2381.084249403676;1.0005652143795456;0.08925693915928525
z_p[1, 15];-1.04394095444833;0.19282079062300128;0.006640273258066864;836.8189979749673;1664.9472723382125;1.0025407742894548;0.018484903181883987
z_p[2, 15];0.9745096895821302;0.47577789553123934;0.007230476576156711;4343.844456658431;2757.31650685051;1.000531017043746;0.09595329983282302
z_p[1, 16];-0.49042707426639515;0.1391571111293563;0.0033935368148995284;1714.6331046536889;2447.2792228932663;1.001543736056816;0.03787536732396785
z_p[2, 16];-0.18706999010668596;0.44854184247736806;0.006711737875263281;4541.288887132472;2379.073325512491;1.0006107679727223;0.10031474620288267
z_p[1, 17];0.059810351010268874;0.12700917544296314;0.0023102670530376276;3119.8451186792895;1979.554322148438;1.0025213103754216;0.06891578119141265
z_p[2, 17];0.9167524614526742;0.44414683311667164;0.006521813397034058;4685.846492235068;2850.7192255286727;1.0006005242575775;0.10350794968056762
z_p[1, 18];-0.06524319973117877;0.12381988910726603;0.002107486021400653;3432.332319919406;2501.1404160584293;1.0008435248364922;0.07581846346138932
z_p[2, 18];-0.22157666821970115;0.4226765829239723;0.006756678427773589;3931.827480692518;2811.4867554129687;1.0008625824477686;0.08685205580221085
z_p[1, 19];-0.5919548220698974;0.14322839743276813;0.004012193010292278;1300.1322329612108;1746.919954814656;1.0015137291138307;0.028719255308605626
z_p[2, 19];-0.5973977230524199;0.4479695436946017;0.007692252002522196;3476.8539546534785;2721.347777873541;1.0005309524789987;0.0768019235758825
z_p[1, 20];0.7548351805925715;0.16708375384312002;0.005892326500901869;824.8551995034645;1436.3751213221483;1.0046483678630331;0.01822062899957161
z_p[2, 20];-0.10677084533413933;0.45588377217505116;0.007001842325707386;4263.831198627356;2799.804023851846;1.0011811717183094;0.09418584793276975
z_p[1, 21];2.1032216846890153;0.3286130152618904;0.014064521257763675;547.8198967130985;1155.4219265684792;1.0049932652252382;0.012101061013619858
z_p[2, 21];1.4816916156556392;0.6065337104625915;0.012755620416830536;2270.8093568801996;2838.90800704877;1.0012802979772615;0.050161015952104857
z_p[1, 22];0.2790250504589691;0.1267048467191039;0.0030872005753047275;1777.0199821358487;1998.6956695740134;1.0024015915980187;0.03925346150307763
z_p[2, 22];0.5606381335336243;0.43084185005832054;0.005945429923048417;5246.16826686075;2428.0485384448316;1.00127306795892;0.11588517077583604
z_p[1, 23];-0.618624833760401;0.14748529030535112;0.00404844156047572;1361.462957963911;1811.2786634776378;1.0009158698086258;0.030074019620234673
z_p[2, 23];0.9770647772073735;0.45133439866666497;0.006582198421791116;4745.060495428628;3038.723479373139;0.9996700037644034;0.10481595669127541
σ;0.9801212930429153;0.003592067964064794;5.1885603854981875e-5;4809.636048387362;2463.134205090813;1.0048949740749213;0.10624239759097703
