parameters;mean;std;mcse;ess_bulk;ess_tail;rhat;ess_per_sec
σ_aw;0.055386326177011454;0.016820248957075033;0.00048012366567744854;1277.9880624703812;1965.586955195019;1.0025031681955023;0.039683503480905526
a_ws[1];-1.2138515232753637;0.5599862725544814;0.01326131583544491;1761.8452225700341;2531.9653760919537;1.000944396943004;0.05470801572866422
a_ws[2];-0.12995620507006497;0.4565507231082114;0.011603928840821726;1545.064625990676;2307.4803661783635;1.0010931897931117;0.04797664333828314
a_ws[3];0.6293926385524921;0.5960853362065492;0.013355644138977477;1988.4851836052294;2516.680250570208;1.0005443800000122;0.06174553661541421
a_ws[4];-0.8515607743591488;0.5208109070144649;0.012161796733958643;1807.062083100226;2707.0007460255733;1.0012820700513292;0.056112069095780134
a_ws[5];1.8108441396853714;0.5561996140550726;0.01682362392205098;1059.9927545139487;1542.9694228720862;1.0023023169386307;0.03291441242587022
a_ws[6];-0.38085501923404796;0.461021764587485;0.01281462009831006;1287.5154251433041;2206.445563418042;1.0012639322247647;0.03997934280906322
a_ws[7];0.7286066919034853;0.5633581776214927;0.01341921341782795;1756.6449775463734;2227.0032478326884;1.0014764179000841;0.05454654008772662
a_ws[8];-0.18291471670586462;0.3686282142155698;0.011919805127715004;945.9131890346873;1616.3710478340156;1.0012809861039724;0.029372065696085036
a_ws[9];0.10914719542202672;0.47545351903599253;0.011913650426929908;1580.0295202504358;2213.8799492214457;1.0003501191041724;0.0490623573162248
a_ws[10];-0.17988343627990777;0.6524021264132551;0.013280786739365887;2408.5023907463924;2682.8945941889588;1.0011730406456132;0.07478771970858598
a_ws[11];0.28418744194236434;0.6440522692896876;0.0124992143498016;2640.387092032554;3036.7226975177286;0.9993481272831284;0.08198809788181434
σ_bw;0.041878013817119294;0.015827754477628;0.0004512050354636352;1191.1585373445598;2197.645682856507;1.0019569366049874;0.036987312597936486
b_ws[1];-0.6748623734790798;0.5466499939813482;0.010783926693607487;2589.7593213835;2758.8407640867645;0.999818805755971;0.08041602739713499
b_ws[2];-0.3550327642260154;0.5872895421183889;0.011012099192961458;2902.7466914870397;1971.683704553079;1.0025223460949118;0.09013476871853224
b_ws[3];-0.9713480798938252;0.7826009835819674;0.014105010805721744;3089.9691152059017;3020.712345556112;1.0010037795422786;0.09594831418232112
b_ws[4];0.6007531277119373;0.5923978777453559;0.011710488544933012;2627.6383799409477;2439.289930653699;1.0003107638232527;0.08159223067810481
b_ws[5];-1.3005594660088282;0.47080972797882775;0.011415365428747723;1769.6881262747079;1899.6139643872093;1.000711863931943;0.05495155000383045
b_ws[6];-1.2299816532658896;0.5831315892534837;0.010497939745022018;3099.5028545638593;2674.15331980389;1.000051912586713;0.09624435151639937
b_ws[7];0.03420529932007491;0.635833766588662;0.011618640969886492;3026.6229164883957;2398.000448410059;1.0003405459212302;0.09398131685963171
b_ws[8];0.09717317631861166;0.3641616079850304;0.00898711068734113;1705.4768152504564;1765.5046533131879;1.0006637370937206;0.052957689607655234
b_ws[9];0.7832275484307475;0.6261271219667224;0.011509206714571283;3005.087675734853;2786.442330572605;1.0000064968158155;0.09331261436819105
b_ws[10];-0.21069145606711664;0.7711960824365413;0.013248425852012196;3419.0474086902486;2495.9951719617616;1.001131474582376;0.10616670353075777
b_ws[11];-0.37278093893812225;0.7463437508861785;0.01372699649410058;2961.8758331591216;2610.8908337979524;1.0002194649744578;0.0919708199057642
σ_p[1];0.20321910707589083;0.031049220842695353;0.0012699670106711758;540.0348746536558;1297.50832305849;1.0183903680238906;0.016768917063828527
σ_p[2];0.059782142088244394;0.010790243637576122;0.00031996401576066393;1156.2552034164014;1993.9399553650894;1.0011766738982584;0.03590351016338489
L_p.L[1, 1];1.0;0.0;NaN;NaN;NaN;NaN;NaN
L_p.L[2, 1];0.6022544169385976;0.15208878705628562;0.004511533912910069;1104.5129043696804;1834.5350710555053;1.0022298073176747;0.03429683185031716
L_p.L[2, 2];0.776113794959413;0.10869559253319394;0.0032831887218222906;1108.7426615810032;1834.535071055507;1.00220518043445;0.03442817234554405
z_p[1, 1];-0.33172614700716324;0.15226832459278256;0.004404621140704782;1211.1173327220756;1812.7596421520116;1.0030915538287049;0.037607064025275576
z_p[2, 1];-1.4599891732831016;0.5071283560958041;0.00890175953741295;3276.0835481995296;2653.1105838326166;0.9997961279504824;0.10172745482254957
z_p[1, 2];-0.6732244321359508;0.1720209142451547;0.005695505416021804;913.9634596806525;1487.5545716248769;1.0078224406243814;0.028379977246069315
z_p[2, 2];-0.4599162273378281;0.5194771665038744;0.00943052257191677;3028.0481277070403;2466.1369893405436;1.0009297123906589;0.09402557186953123
z_p[1, 3];-0.4796530619845579;0.15600283746897517;0.004609173268657216;1149.6675003400385;2001.6779125778528;1.003502810136546;0.035698951806668565
z_p[2, 3];0.2671381183626863;0.5063641483696703;0.008163090341467826;3841.5594015168394;3032.095351287967;1.000502676830985;0.11928635357322202
z_p[1, 4];-0.1992180495318392;0.1436598125695085;0.00419192679512864;1173.5843705927707;1773.5663478855502;1.0010016250568392;0.036441607573023706
z_p[2, 4];0.009936497333520552;0.4874374215903179;0.008215979057157945;3533.8371005523486;2678.2054011358923;1.000548342995866;0.10973110078168068
z_p[1, 5];-0.39370130170071516;0.1532121089227663;0.004395115425322178;1223.733654844977;2038.85853380491;1.0031781140436764;0.03799882031595062
z_p[2, 5];-0.6359624135149864;0.4900995831117378;0.008372794518886619;3403.390115112526;2817.6232689318103;1.0009123023599744;0.10568052037894331
z_p[1, 6];1.0160199383937958;0.2033395719449649;0.006859893684175912;876.3422653589374;1705.67813597363;1.009960159981638;0.027211781047948566
z_p[2, 6];-2.1939765365735746;0.5792040688057726;0.011383748595380307;2590.4904541723718;2793.1988432040876;1.0017186119750925;0.08043873019962919
z_p[1, 7];-1.3852407435861709;0.2428849146523942;0.009045397984553838;720.9994093920094;1496.0684683573654;1.0127946814417963;0.022388145408049728
z_p[2, 7];0.00969587118801896;0.5670827930926936;0.011392969396774456;2479.070887707277;2875.201962751471;1.0013665726642909;0.07697898054820314
z_p[1, 8];0.49317620865770945;0.16231480530045198;0.004708187752758753;1187.8276588806455;1912.0530283597427;1.0035611106451379;0.036883883676337874
z_p[2, 8];0.720363710958461;0.5264832824457129;0.00942883623086206;3136.9173379689432;2764.3976041271494;1.0014194528344127;0.09740612902124703
z_p[1, 9];0.9781303427211504;0.20258534633944073;0.006704427467534568;915.5939238951131;1836.4254596590533;1.0079969658967225;0.028430605678548545
z_p[2, 9];-1.1485515604998726;0.5284911685006872;0.009736685349898432;2939.415372221368;3106.0007287305543;1.0004925941102845;0.09127338789839227
z_p[1, 10];0.30393342105392346;0.14918842471815413;0.00399840834258957;1398.4574747535014;1917.3098399520488;1.0030541707231655;0.04342426482451208
z_p[2, 10];0.504792993476829;0.500709223943471;0.008810456527627832;3265.474912372779;2849.628264000206;1.000731334532323;0.10139804029269493
z_p[1, 11];1.9277905501804005;0.3070466462830835;0.011698318623155474;691.4422496547598;1484.0691805787965;1.0140901093205812;0.021470349940499334
z_p[2, 11];0.21809088354041622;0.6227725720284482;0.013924824344467946;2002.084935828874;2660.0929784362015;1.0010997208892334;0.062167829929847235
z_p[1, 12];2.188195484819012;0.34046058055033895;0.013191259367511537;668.4457574962933;1420.0850952930418;1.015266967131204;0.020756273335702978
z_p[2, 12];0.16360231576832746;0.6442716045222879;0.014675566110058543;1936.229001720949;2756.3675429565474;1.0026855114843636;0.06012290144643216
z_p[1, 13];0.13179721038434394;0.14467581444635133;0.0037836685409514278;1472.1038670465912;1889.9375055158368;1.002840237198028;0.04571109906869869
z_p[2, 13];0.5870911971735675;0.4991358678849465;0.008069085545433131;3823.174145892978;3005.055133069372;1.00046121059406;0.11871546298592144
z_p[1, 14];1.3738618778801193;0.24233652291132796;0.008700850281837367;778.9676123294753;1630.8751104131761;1.012984283721737;0.024188147654239784
z_p[2, 14];0.6988134185704591;0.5709066282997721;0.01216940068334649;2169.531431813662;2756.0930985546156;0.9999442813489006;0.06736730228910628
z_p[1, 15];-0.5827622814669375;0.1638126553761474;0.004956134383908057;1098.4272005221758;1882.0271728954326;1.0040053682195424;0.03410786134510807
z_p[2, 15];0.5430890945817518;0.5149900655617629;0.009205945314165798;3143.1054077833855;3020.0918575555324;1.0010513005090813;0.09759827814785689
z_p[1, 16];-0.36096341950696825;0.15054656918057666;0.0043886291579534565;1186.7713353990823;1824.4889907384877;1.0026061975292029;0.03685108320050515
z_p[2, 16];-1.35373258459717;0.5135856228680986;0.008352905932151069;3797.943295243728;2784.351059364459;1.000542997858424;0.11793200609851494
z_p[1, 17];-0.9494658214391594;0.1928137948565519;0.006758537369483541;801.4946693705796;1544.0810533695683;1.009669721532387;0.02488764757349348
z_p[2, 17];-0.7327940794780773;0.5194551150277114;0.009147086256425926;3209.3697692676005;2847.589193710659;1.0003214526490696;0.0996558889322141
z_p[1, 18];-0.03522798026082422;0.14353633488745468;0.0035973478724377144;1601.4212681211438;1722.5125723916758;1.000250761325538;0.04972660413199626
z_p[2, 18];-0.48617836415318744;0.5015074501624678;0.008098344716251111;3832.3032515103646;2942.9406896512655;1.0006216094467366;0.11899893581730676
z_p[1, 19];0.2170959985981523;0.14652619746878795;0.0040456401072402675;1323.3158256188276;1784.1473035037923;1.0026778134924381;0.04109100054563239
z_p[2, 19];0.94304959784282;0.5182715986339548;0.009665406437661533;2923.890093468883;2433.5201648916513;1.0003242774696608;0.09079130401082815
z_p[1, 20];-0.350762422013168;0.15115733610995544;0.004416062912787298;1184.8913433098635;1751.1946416152093;1.0015866243761875;0.036792706542062514
z_p[2, 20];0.061058956092769665;0.49614145600175424;0.008712712469096528;3244.851594215818;3201.7590477676;1.0002055787085915;0.10075765440654856
z_p[1, 21];-1.463233881529014;0.24788393834643124;0.009374190646167407;695.415724640226;1322.88680562582;1.0140466916801647;0.0215937324767276
z_p[2, 21];-0.3373058098935122;0.5723578332185719;0.011410512280093937;2480.711109020911;2789.1528999694865;1.0005454638859976;0.07702991195368374
z_p[1, 22];-1.3168295410715622;0.23109664757403978;0.008467501625871763;744.3339452033504;1516.9212800131406;1.0124905932388746;0.023112718790452607
z_p[2, 22];-0.33702687198645276;0.547777063484913;0.011032945509135042;2457.2788013158106;2710.5554010210885;1.001514799845412;0.07630230260294886
z_p[1, 23];-0.7890426677853362;0.17931374889684967;0.006098925863005881;864.7591499163659;1948.88819885676;1.0085049436240086;0.026852107420718835
z_p[2, 23];0.05690833501846033;0.5169867581017504;0.009303854423782626;3111.7880044548933;2100.1132861682554;1.002001384156781;0.09662582439770462
σ;0.9731115172244604;0.003426522912218627;3.575609023613422e-5;9192.08794379445;3218.1752385567047;1.0028985987018744;0.2854285299107094
